0 0.656250 0.811328 0.120313 0.132031
0 0.395703 0.755859 0.150781 0.175781
0 0.639844 0.528516 0.093750 0.103906
0 0.847656 0.242188 0.075000 0.073438
0 0.269531 0.667969 0.121875 0.178125
0 0.140625 0.210938 0.112500 0.123438
0 0.055469 0.052734 0.109375 0.097656
0 0.100781 0.350781 0.168750 0.150000
0 0.154297 0.535547 0.128906 0.069531
0 0.056250 0.456250 0.100000 0.092188
0 0.076953 0.655078 0.147656 0.167969
0 0.097266 0.800000 0.192969 0.092188
0 0.222266 0.927344 0.092969 0.103125
0 0.085547 0.922656 0.160156 0.115625
