0 0.947266 0.917188 0.086719 0.129688
0 0.428516 0.519531 0.130469 0.096875
0 0.505469 0.325391 0.093750 0.119531
0 0.474219 0.203906 0.084375 0.089063
0 0.364453 0.810156 0.103906 0.115625
0 0.558594 0.860938 0.167187 0.123438
0 0.508984 0.936328 0.144531 0.111719
0 0.894531 0.569141 0.062500 0.085156
0 0.618750 0.376172 0.095312 0.107031
0 0.324219 0.296094 0.084375 0.075000
0 0.067969 0.333984 0.090625 0.077344
0 0.100391 0.187109 0.074219 0.047656
0 0.188672 0.934766 0.164844 0.116406
0 0.234375 0.597266 0.156250 0.135156
0 0.268750 0.473047 0.087500 0.099219
