0 0.393875 0.206048 0.07441 0.0752883
0 0.349129 0.406275 0.0741827 0.0876355
0 0.613761 0.646873 0.0533613 0.0501968
0 0.596355 0.491645 0.0937148 0.095566
0 0.375007 0.77416 0.0618398 0.074879
0 0.271522 0.811323 0.0642771 0.0745272
0 0.057597 0.367766 0.110514 0.0976611
0 0.345642 0.0428141 0.0344155 0.0373405
0 0.972088 0.0887736 0.0558243 0.16579
0 0.122231 0.300892 0.0737972 0.0697789
0 0.0927581 0.126532 0.155331 0.239752
0 0.551268 0.700852 0.038023 0.0776748
0 0.476588 0.91063 0.037418 0.0545897
