0 0.919141 0.881641 0.161719 0.236719
0 0.598047 0.745313 0.061719 0.068750
0 0.717969 0.916406 0.070312 0.079687
0 0.698047 0.373047 0.069531 0.058594
0 0.639453 0.959766 0.064844 0.080469
0 0.247656 0.750781 0.093750 0.062500
0 0.957422 0.964063 0.085156 0.071875
0 0.927344 0.060156 0.145313 0.118750
0 0.725781 0.635156 0.056250 0.103125
0 0.679688 0.940234 0.150000 0.119531
0 0.923828 0.515625 0.107031 0.128125
0 0.962891 0.693359 0.074219 0.141406
0 0.954297 0.266406 0.091406 0.175000
0 0.907031 0.617969 0.106250 0.112500
0 0.525000 0.412891 0.075000 0.064844
0 0.846484 0.221875 0.088281 0.120313
