0 0.481641 0.283203 0.117969 0.105469
0 0.119922 0.614844 0.133594 0.117188
0 0.160547 0.817969 0.153906 0.106250
0 0.302344 0.327344 0.101562 0.092188
0 0.622266 0.417187 0.088281 0.064062
0 0.369141 0.897266 0.128906 0.083594
0 0.734375 0.476172 0.184375 0.155469
0 0.531250 0.695703 0.139063 0.122656
0 0.026562 0.788672 0.051562 0.088281
0 0.810547 0.183984 0.128906 0.202344
0 0.375000 0.842187 0.053125 0.040625
0 0.405469 0.676172 0.050000 0.050781
0 0.455859 0.933594 0.066406 0.059375
0 0.549219 0.980859 0.092188 0.038281
0 0.369141 0.570703 0.069531 0.055469
0 0.456250 0.826172 0.068750 0.060156
0 0.940234 0.302344 0.089844 0.090625
0 0.285156 0.683203 0.067187 0.061719
0 0.810937 0.742969 0.126562 0.109375
0 0.137500 0.203125 0.157812 0.076563
