0 0.381250 0.931250 0.078125 0.089063
0 0.478125 0.400781 0.053125 0.082812
0 0.726562 0.598828 0.087500 0.082031
0 0.812109 0.401172 0.066406 0.075781
0 0.542969 0.249219 0.056250 0.084375
0 0.882422 0.864062 0.117969 0.128125
0 0.803516 0.217969 0.071094 0.081250
0 0.654687 0.121094 0.057813 0.060937
0 0.439453 0.837891 0.052344 0.053906
0 0.278906 0.127734 0.059375 0.124219
0 0.470703 0.753516 0.058594 0.057031
0 0.075781 0.041016 0.128125 0.080469
0 0.425391 0.269922 0.067969 0.092969
0 0.408984 0.109766 0.039844 0.050781
0 0.281250 0.085156 0.028125 0.039062
0 0.182031 0.833984 0.153125 0.222656
0 0.146875 0.341406 0.064062 0.084375
