0 0.954497 0.522624 0.0676575 0.0757214
0 0.0896185 0.45318 0.0979009 0.115154
0 0.508909 0.342532 0.12395 0.143567
0 0.750545 0.341711 0.0946092 0.0876544
0 0.981275 0.338308 0.0374506 0.075347
0 0.339827 0.0591505 0.103328 0.0805242
0 0.33116 0.203496 0.0315893 0.0331304
0 0.728902 0.417383 0.0891254 0.0874222
0 0.750637 0.514914 0.0952484 0.0722632
0 0.972856 0.970811 0.0542877 0.0548946
0 0.787736 0.954353 0.0755282 0.0839684
0 0.308134 0.403215 0.0937385 0.0971274
0 0.403563 0.431702 0.0848042 0.0975617
