0 0.644141 0.510547 0.113281 0.121094
0 0.634375 0.210547 0.103125 0.099219
0 0.574609 0.742969 0.092969 0.129688
0 0.345313 0.752734 0.146875 0.188281
0 0.625391 0.379688 0.064844 0.073438
0 0.105078 0.889844 0.121094 0.134375
0 0.103516 0.705078 0.113281 0.125781
0 0.304297 0.572656 0.110156 0.071875
0 0.367969 0.458984 0.068750 0.053906
0 0.568359 0.904687 0.082031 0.085938
0 0.729688 0.920312 0.107813 0.093750
0 0.830859 0.817187 0.057031 0.060937
0 0.976953 0.385156 0.046094 0.100000
0 0.975000 0.577344 0.050000 0.221875
