24 0.32125 0.25583333333333336 0.0725 0.09833333333333334
24 0.350625 0.38083333333333336 0.06875 0.058333333333333334
24 0.3925 0.2516666666666667 0.065 0.08666666666666667
24 0.356875 0.4991666666666667 0.058750000000000004 0.08833333333333333
24 0.19187500000000002 0.6041666666666667 0.051250000000000004 0.07833333333333334
24 0.28750000000000003 0.6216666666666667 0.065 0.09333333333333334
24 0.346875 0.6366666666666667 0.058750000000000004 0.08666666666666667
24 0.404375 0.6441666666666667 0.06375 0.06833333333333334
24 0.185 0.6783333333333333 0.055 0.08666666666666667
24 0.261875 0.8158333333333334 0.06875 0.07500000000000001
24 0.24625 0.915 0.075 0.05333333333333334
24 0.51625 0.7558333333333334 0.06 0.10500000000000001
24 0.569375 0.7725000000000001 0.06625 0.06833333333333334
24 0.545625 0.8200000000000001 0.058750000000000004 0.06666666666666667
24 0.56375 0.8525 0.0725 0.07500000000000001
24 0.589375 0.6791666666666667 0.06125 0.07166666666666667
24 0.514375 0.2041666666666667 0.04875 0.09833333333333334
24 0.728125 0.35083333333333333 0.058750000000000004 0.07833333333333334
24 0.79625 0.7283333333333334 0.0425 0.08333333333333334
18 0.91 0.4966666666666667 0.0275 0.05
18 0.829375 0.6458333333333334 0.043750000000000004 0.058333333333333334
18 0.910625 0.66 0.03875 0.05
18 0.633125 0.895 0.04125 0.05666666666666667
21 0.735625 0.03416666666666667 0.058750000000000004 0.07166666666666667
21 0.545625 0.3216666666666667 0.07375 0.11666666666666667
21 0.7525000000000001 0.49833333333333335 0.0825 0.07333333333333333
24 0.7731250000000001 0.5241666666666667 0.04875 0.07833333333333334
19 0.80375 0.49583333333333335 0.0275 0.08833333333333333
21 0.800625 0.5766666666666667 0.06125 0.10666666666666667
21 0.73 0.5575 0.065 0.085
18 0.64125 0.49333333333333335 0.055 0.05666666666666667
21 0.7175 0.6633333333333333 0.095 0.09333333333333334
21 0.635625 0.6258333333333334 0.06875 0.10833333333333334
21 0.725 0.7766666666666667 0.0725 0.09000000000000001
21 0.75375 0.7141666666666667 0.045 0.11166666666666668
21 0.62125 0.7516666666666667 0.0775 0.07666666666666667
21 0.64125 0.8241666666666667 0.075 0.095
21 0.45937500000000003 0.915 0.07625 0.09333333333333334
19 0.410625 0.9433333333333334 0.07375 0.06333333333333334
19 0.370625 0.8758333333333334 0.06375 0.085
21 0.470625 0.6625000000000001 0.08625000000000001 0.085
21 0.44625000000000004 0.5750000000000001 0.0675 0.09000000000000001
18 0.395625 0.5891666666666667 0.03125 0.045000000000000005
11 0.620625 0.12416666666666668 0.043750000000000004 0.06833333333333334
21 0.5337500000000001 0.09166666666666667 0.0825 0.08
18 0.4325 0.05 0.04 0.03333333333333333
21 0.293125 0.43250000000000005 0.058750000000000004 0.11833333333333335
19 0.34750000000000003 0.5700000000000001 0.055 0.06333333333333334
21 0.251875 0.5525 0.07375 0.08833333333333333
21 0.245 0.6575000000000001 0.055 0.115
21 0.23 0.7275 0.055 0.10166666666666667
24 0.075 0.32583333333333336 0.0525 0.06166666666666667
