24 0.52 0.33666666666666667 0.0475 0.09666666666666668
24 0.325 0.47500000000000003 0.065 0.08
13 0.625 0.42583333333333334 0.065 0.07500000000000001
13 0.655625 0.6583333333333333 0.07625 0.08333333333333334
13 0.46375 0.7925000000000001 0.0575 0.07833333333333334
13 0.289375 0.6566666666666667 0.06625 0.08333333333333334
13 0.275 0.7266666666666667 0.0625 0.09666666666666668
13 0.201875 0.7525000000000001 0.06375 0.09166666666666667
13 0.20750000000000002 0.5008333333333334 0.0725 0.09166666666666667
7 0.666875 0.7375 0.10125 0.08833333333333333
