12 0.571521 0.680943 0.032146 0.067863
12 0.557274 0.814020 0.031416 0.056793
7 0.718749 0.721672 0.139214 0.112382
9 0.741281 0.817622 0.092542 0.073157
12 0.503393 0.282675 0.036894 0.046203
12 0.594901 0.596958 0.032146 0.059681
12 0.621567 0.396261 0.028494 0.051979
12 0.675083 0.481448 0.044202 0.020213
12 0.661750 0.553161 0.048220 0.025989
12 0.022293 0.666744 0.041278 0.070269
12 0.330059 0.741826 0.021918 0.054867
12 0.682025 0.848192 0.035434 0.041391
12 0.747230 0.641718 0.040912 0.037539
12 0.708874 0.617893 0.029956 0.046685
12 0.722025 0.572893 0.053334 0.038503
12 0.786500 0.713190 0.036164 0.034174
12 0.833441 0.703083 0.056986 0.034171
12 0.622298 0.771186 0.026300 0.051979
12 0.598553 0.789714 0.035798 0.055349
12 0.559649 0.750249 0.064658 0.035133
