2 0.067138 0.555278 0.060993 0.075206
2 0.053063 0.482228 0.046916 0.077166
2 0.519364 0.172896 0.055017 0.059563
2 0.384236 0.221093 0.046362 0.054183
2 0.317210 0.222072 0.054737 0.056795
2 0.373763 0.352636 0.048870 0.069854
2 0.296962 0.346597 0.060044 0.064958
2 0.314138 0.403883 0.050828 0.054838
2 0.334247 0.452679 0.050828 0.061692
2 0.319583 0.497726 0.049991 0.060386
2 0.351839 0.550766 0.061998 0.052226
2 0.528200 0.413347 0.067305 0.067894
2 0.625946 0.357043 0.053343 0.074092
2 0.678170 0.537548 0.053340 0.064955
2 0.792255 0.339905 0.053063 0.063325
2 0.891816 0.506211 0.052782 0.051899
2 0.941805 0.585040 0.055574 0.060062
2 0.859139 0.612786 0.042730 0.058101
2 0.820879 0.652934 0.035465 0.052881
2 0.783176 0.640204 0.048873 0.048963
2 0.677891 0.673008 0.053343 0.057119
2 0.657923 0.728661 0.048593 0.065937
2 0.623154 0.766526 0.052782 0.056144
2 0.631253 0.646570 0.041609 0.070178
2 0.509351 0.729642 0.053063 0.061364
2 0.442463 0.620620 0.036026 0.058752
2 0.482818 0.658321 0.079312 0.068872
2 0.335084 0.830664 0.064790 0.059734
2 0.427941 0.797370 0.060601 0.062997
2 0.468298 0.854329 0.060324 0.069851
2 0.634325 0.936259 0.063396 0.060062
2 0.126791 0.646542 0.063673 0.047788
2 0.059765 0.906822 0.055633 0.078730
2 0.834916 0.946386 0.059655 0.056795
2 0.974765 0.842195 0.050470 0.074031
2 0.980126 0.756020 0.039748 0.051313
2 0.682574 0.222888 0.052281 0.055933
2 0.789546 0.241219 0.045845 0.059694
2 0.743701 0.220773 0.038606 0.050764
2 0.738674 0.155438 0.085658 0.052645
2 0.703083 0.191864 0.043433 0.062514
2 0.642558 0.103969 0.058313 0.056872
2 0.710121 0.017319 0.055898 0.034638
2 0.961265 0.029940 0.050672 0.051702
9 0.777683 0.466835 0.042225 0.054995
2 0.024331 0.277528 0.048662 0.066588
2 0.340594 0.021471 0.067177 0.042943
2 0.431804 0.020118 0.067753 0.040236
2 0.155878 0.388940 0.056243 0.045562
