21 0.306875 0.39666666666666667 0.07875 0.13
24 0.1675 0.4291666666666667 0.0575 0.10166666666666667
18 0.11375 0.42250000000000004 0.0275 0.045000000000000005
24 0.164375 0.54 0.03375 0.09666666666666668
24 0.225 0.6741666666666667 0.0625 0.09166666666666667
21 0.418125 0.7416666666666667 0.06375 0.14
21 0.286875 0.5 0.06125 0.11
19 0.504375 0.8583333333333334 0.04625 0.08666666666666667
21 0.385625 0.9600000000000001 0.06875 0.07333333333333333
21 0.558125 0.8091666666666667 0.08375 0.08833333333333333
21 0.63 0.7833333333333334 0.065 0.09666666666666668
21 0.51375 0.5650000000000001 0.0775 0.09333333333333334
11 0.535625 0.6166666666666667 0.05375 0.04
21 0.70125 0.7691666666666667 0.07 0.095
24 0.730625 0.4575 0.07125000000000001 0.06833333333333334
20 0.3375 0.8658333333333333 0.045 0.045000000000000005
19 0.465 0.8066666666666668 0.04 0.08
