11 0.233125 0.3716666666666667 0.06625 0.05666666666666667
21 0.0675 0.5633333333333334 0.06 0.10666666666666667
21 0.255625 0.5966666666666667 0.06625 0.08666666666666667
21 0.173125 0.7458333333333333 0.06375 0.125
21 0.25875 0.7308333333333333 0.0525 0.09833333333333334
21 0.341875 0.7766666666666667 0.08375 0.1
21 0.230625 0.6658333333333334 0.06125 0.09166666666666667
21 0.18 0.6741666666666667 0.035 0.07166666666666667
24 0.29375 0.6725000000000001 0.055 0.085
21 0.318125 0.8533333333333334 0.03875 0.09000000000000001
24 0.349375 0.8633333333333334 0.06375 0.09000000000000001
18 0.395 0.8758333333333334 0.0375 0.05166666666666667
24 0.180625 0.5841666666666667 0.07375 0.095
24 0.36125 0.4575 0.08 0.095
19 0.791875 0.3225 0.06625 0.07166666666666667
24 0.85875 0.4133333333333334 0.065 0.08333333333333334
19 0.7825 0.6258333333333334 0.06 0.058333333333333334
21 0.75375 0.6641666666666667 0.075 0.09166666666666667
28 0.73625 0.7691666666666667 0.055 0.06833333333333334
24 0.75875 0.7308333333333333 0.0625 0.06166666666666667
24 0.6925 0.8150000000000001 0.035 0.03666666666666667
24 0.6 0.9158333333333334 0.0625 0.07833333333333334
21 0.545 0.8341666666666667 0.08 0.08833333333333333
21 0.52 0.7558333333333334 0.0825 0.08166666666666667
24 0.470625 0.7975000000000001 0.05625 0.07500000000000001
21 0.613125 0.635 0.08625000000000001 0.08666666666666667
24 0.525 0.6591666666666667 0.0625 0.06166666666666667
24 0.476875 0.63 0.07625 0.1
