18 0.173125 0.21666666666666667 0.02625 0.043333333333333335
18 0.25625 0.4416666666666667 0.0325 0.030000000000000002
18 0.406875 0.23583333333333334 0.02875 0.04166666666666667
18 0.39437500000000003 0.2775 0.03875 0.045000000000000005
18 0.43375 0.29333333333333333 0.035 0.03333333333333333
18 0.483125 0.18333333333333335 0.03125 0.04666666666666667
18 0.47500000000000003 0.065 0.035 0.03666666666666667
18 0.41875 0.42500000000000004 0.0375 0.05
18 0.49875 0.40750000000000003 0.0325 0.045000000000000005
18 0.3125 0.6325000000000001 0.0325 0.045000000000000005
18 0.258125 0.7033333333333334 0.03375 0.03666666666666667
18 0.610625 0.14083333333333334 0.03375 0.03166666666666667
18 0.6431250000000001 0.12833333333333335 0.02875 0.03333333333333333
11 0.84 0.5016666666666667 0.04 0.05
27 0.505 0.49000000000000005 0.0475 0.06666666666666667
