7 0.481875 0.3241666666666667 0.08625000000000001 0.085
7 0.8768750000000001 0.07333333333333333 0.07625 0.09666666666666668
7 0.963125 0.3433333333333334 0.07125000000000001 0.06666666666666667
7 0.806875 0.655 0.09625 0.10333333333333335
7 0.57875 0.635 0.105 0.12000000000000001
13 0.36 0.2891666666666667 0.0575 0.085
13 0.21125 0.5358333333333334 0.0575 0.09166666666666667
13 0.2975 0.5683333333333334 0.0725 0.09333333333333334
13 0.243125 0.6558333333333334 0.08125 0.08833333333333333
13 0.49562500000000004 0.8166666666666668 0.06125 0.05666666666666667
