19 0.28500000000000003 0.2916666666666667 0.0375 0.05
19 0.526875 0.5291666666666667 0.02625 0.04833333333333334
19 0.318125 0.5533333333333333 0.02875 0.04666666666666667
19 0.370625 0.6616666666666667 0.03625 0.05666666666666667
25 0.260625 0.7358333333333333 0.04125 0.04833333333333334
19 0.69375 0.7708333333333334 0.035 0.045000000000000005
28 0.753125 0.645 0.03625 0.05333333333333334
19 0.61625 0.4866666666666667 0.0375 0.04
19 0.735625 0.4841666666666667 0.02875 0.06833333333333334
28 0.74125 0.3416666666666667 0.04 0.06333333333333334
19 0.57375 0.33416666666666667 0.05 0.05166666666666667
19 0.51125 0.24416666666666667 0.0425 0.055
19 0.56375 0.2733333333333334 0.0375 0.05
27 0.38375000000000004 0.16083333333333336 0.04 0.04833333333333334
27 0.43875000000000003 0.26333333333333336 0.035 0.04666666666666667
27 0.656875 0.4541666666666667 0.03625 0.05166666666666667
27 0.581875 0.5066666666666667 0.03125 0.05333333333333334
27 0.61125 0.5216666666666667 0.03 0.04666666666666667
27 0.63625 0.5191666666666667 0.0275 0.055
27 0.6575 0.5458333333333334 0.0275 0.045000000000000005
27 0.57125 0.615 0.04 0.04666666666666667
27 0.698125 0.65 0.03875 0.05
28 0.656875 0.7033333333333334 0.03875 0.06333333333333334
27 0.3175 0.7508333333333334 0.0325 0.04833333333333334
11 0.4225 0.19083333333333335 0.025 0.045000000000000005
11 0.234375 0.30250000000000005 0.03375 0.04166666666666667
11 0.225 0.34500000000000003 0.03 0.043333333333333335
11 0.263125 0.3416666666666667 0.02875 0.04666666666666667
11 0.33875 0.36583333333333334 0.04 0.055
11 0.38125000000000003 0.3666666666666667 0.04 0.05333333333333334
11 0.43625 0.3775 0.0375 0.058333333333333334
11 0.46875 0.4041666666666667 0.04 0.045000000000000005
11 0.19375 0.5758333333333334 0.0325 0.03833333333333334
11 0.2975 0.5841666666666667 0.0275 0.05166666666666667
11 0.400625 0.5975 0.02875 0.05166666666666667
11 0.435 0.6075 0.035 0.04833333333333334
11 0.46187500000000004 0.6058333333333333 0.04125 0.055
11 0.2775 0.7725000000000001 0.0275 0.045000000000000005
11 0.4425 0.8325 0.04 0.03833333333333334
11 0.528125 0.7841666666666667 0.03375 0.04833333333333334
11 0.5375 0.7025 0.035 0.03833333333333334
11 0.5275 0.6566666666666667 0.04 0.05666666666666667
11 0.48375 0.5391666666666667 0.0275 0.045000000000000005
11 0.4925 0.5641666666666667 0.035 0.04833333333333334
11 0.521875 0.5733333333333334 0.03625 0.05
11 0.5475 0.5366666666666667 0.0375 0.05
11 0.5025000000000001 0.5091666666666667 0.0375 0.04166666666666667
11 0.550625 0.5075000000000001 0.03625 0.045000000000000005
11 0.520625 0.4733333333333334 0.04125 0.05
11 0.54125 0.4416666666666667 0.045 0.04
11 0.568125 0.4733333333333334 0.04125 0.05
11 0.58375 0.5133333333333334 0.03 0.04666666666666667
11 0.601875 0.5633333333333334 0.03125 0.043333333333333335
11 0.620625 0.5758333333333334 0.03125 0.04833333333333334
11 0.650625 0.5841666666666667 0.03625 0.045000000000000005
11 0.593125 0.7725000000000001 0.03375 0.05166666666666667
11 0.609375 0.7325 0.03375 0.05166666666666667
11 0.64125 0.77 0.04 0.043333333333333335
11 0.7125 0.5683333333333334 0.0325 0.043333333333333335
11 0.750625 0.5475 0.03375 0.058333333333333334
11 0.77375 0.5316666666666667 0.035 0.060000000000000005
11 0.67625 0.5375000000000001 0.0325 0.055
11 0.7175 0.5258333333333334 0.0325 0.04166666666666667
11 0.771875 0.43583333333333335 0.03875 0.04833333333333334
11 0.683125 0.4658333333333334 0.02875 0.058333333333333334
11 0.7106250000000001 0.47750000000000004 0.03125 0.05166666666666667
11 0.7000000000000001 0.44 0.03 0.05
11 0.6637500000000001 0.4025 0.0275 0.058333333333333334
11 0.6625 0.34750000000000003 0.0275 0.065
11 0.613125 0.395 0.03625 0.04666666666666667
11 0.7175 0.3408333333333334 0.0375 0.058333333333333334
11 0.708125 0.25583333333333336 0.03125 0.05166666666666667
11 0.54875 0.4008333333333334 0.04 0.04166666666666667
11 0.541875 0.36833333333333335 0.03625 0.03666666666666667
11 0.58 0.36583333333333334 0.0325 0.04166666666666667
11 0.60375 0.315 0.03 0.060000000000000005
11 0.629375 0.2758333333333334 0.03125 0.058333333333333334
11 0.655 0.26333333333333336 0.0375 0.05666666666666667
11 0.62375 0.21750000000000003 0.0275 0.055
11 0.535625 0.19583333333333336 0.03875 0.05166666666666667
11 0.398125 0.25916666666666666 0.03875 0.05166666666666667
