11 0.35000000000000003 0.36833333333333335 0.0275 0.05666666666666667
19 0.295 0.37000000000000005 0.035 0.07
11 0.204375 0.3458333333333334 0.02625 0.04166666666666667
18 0.2475 0.25916666666666666 0.025 0.025
18 0.176875 0.45583333333333337 0.01625 0.028333333333333335
18 0.294375 0.5125000000000001 0.02375 0.035
18 0.26125 0.6033333333333334 0.02 0.030000000000000002
18 0.1975 0.6533333333333333 0.0225 0.030000000000000002
18 0.325625 0.7066666666666667 0.02125 0.030000000000000002
18 0.395625 0.6533333333333333 0.02375 0.03666666666666667
18 0.2925 0.7533333333333334 0.0225 0.030000000000000002
18 0.409375 0.7416666666666667 0.01875 0.030000000000000002
18 0.4375 0.7408333333333333 0.02 0.03166666666666667
24 0.323125 0.6275000000000001 0.03125 0.07833333333333334
18 0.44625000000000004 0.765 0.0225 0.030000000000000002
18 0.419375 0.8133333333333334 0.02625 0.03333333333333333
18 0.39 0.8166666666666668 0.0225 0.02
18 0.4225 0.8466666666666667 0.0225 0.02666666666666667
18 0.35375 0.8175 0.0225 0.03166666666666667
18 0.3775 0.8408333333333334 0.025 0.028333333333333335
19 0.330625 0.8400000000000001 0.02625 0.05
18 0.31 0.7983333333333333 0.0175 0.02666666666666667
18 0.29125 0.7933333333333333 0.02 0.030000000000000002
18 0.366875 0.8633333333333334 0.02375 0.023333333333333334
18 0.35000000000000003 0.7058333333333334 0.02 0.028333333333333335
18 0.410625 0.8958333333333334 0.02125 0.028333333333333335
18 0.4175 0.8875000000000001 0.0175 0.035
18 0.431875 0.8833333333333334 0.02125 0.030000000000000002
18 0.49375 0.8550000000000001 0.0175 0.02666666666666667
18 0.52125 0.8291666666666667 0.025 0.035
24 0.45625 0.8066666666666668 0.0425 0.05666666666666667
18 0.56125 0.7466666666666667 0.025 0.03333333333333333
18 0.5725 0.8191666666666667 0.02 0.025
18 0.57875 0.8383333333333334 0.0225 0.02666666666666667
18 0.624375 0.7741666666666667 0.03375 0.03166666666666667
18 0.6525 0.6875 0.025 0.035
19 0.676875 0.6016666666666667 0.03625 0.05
18 0.64375 0.6108333333333333 0.025 0.028333333333333335
11 0.716875 0.26666666666666666 0.03875 0.030000000000000002
18 0.529375 0.26083333333333336 0.02125 0.028333333333333335
