11 0.34875 0.19166666666666668 0.02 0.05333333333333334
11 0.375 0.26833333333333337 0.0425 0.03666666666666667
18 0.28 0.22333333333333336 0.025 0.03333333333333333
18 0.2575 0.22666666666666668 0.0275 0.03666666666666667
18 0.32875 0.29833333333333334 0.025 0.030000000000000002
18 0.443125 0.17833333333333334 0.02625 0.03333333333333333
19 0.235625 0.35083333333333333 0.03375 0.045000000000000005
18 0.225 0.3766666666666667 0.025 0.02666666666666667
18 0.195 0.43000000000000005 0.0225 0.03666666666666667
18 0.20500000000000002 0.46416666666666667 0.0225 0.03166666666666667
18 0.236875 0.49500000000000005 0.02375 0.03333333333333333
18 0.374375 0.48750000000000004 0.02875 0.03833333333333334
18 0.41250000000000003 0.5341666666666667 0.025 0.03833333333333334
18 0.2425 0.5566666666666668 0.0225 0.03333333333333333
18 0.279375 0.5991666666666667 0.02125 0.035
18 0.32375 0.63 0.02 0.03333333333333333
18 0.3575 0.6533333333333333 0.035 0.03666666666666667
18 0.291875 0.6691666666666667 0.02625 0.035
18 0.248125 0.5916666666666667 0.02125 0.03666666666666667
18 0.22875 0.6633333333333333 0.0275 0.03333333333333333
18 0.268125 0.6683333333333333 0.01375 0.030000000000000002
18 0.270625 0.6908333333333334 0.02375 0.025
18 0.35125 0.7033333333333334 0.0225 0.03666666666666667
18 0.3725 0.6925 0.025 0.03166666666666667
19 0.41250000000000003 0.6516666666666667 0.0375 0.043333333333333335
11 0.4 0.6083333333333334 0.04 0.04666666666666667
19 0.2 0.5925 0.0325 0.04166666666666667
27 0.19187500000000002 0.54 0.03125 0.05333333333333334
18 0.368125 0.7441666666666668 0.02625 0.03166666666666667
18 0.381875 0.7808333333333334 0.02625 0.028333333333333335
18 0.44375000000000003 0.7758333333333334 0.0175 0.035
18 0.47500000000000003 0.7533333333333334 0.02 0.03333333333333333
18 0.374375 0.8475 0.02375 0.03166666666666667
18 0.4025 0.8441666666666667 0.0275 0.04166666666666667
18 0.4 0.8625 0.02 0.021666666666666667
18 0.42812500000000003 0.8633333333333334 0.02625 0.02666666666666667
18 0.46187500000000004 0.8608333333333333 0.01875 0.028333333333333335
18 0.481875 0.8716666666666667 0.02875 0.023333333333333334
18 0.5593750000000001 0.8250000000000001 0.02625 0.030000000000000002
18 0.5025000000000001 0.7633333333333334 0.0325 0.030000000000000002
11 0.515625 0.7241666666666667 0.04125 0.04833333333333334
24 0.47750000000000004 0.6983333333333334 0.0475 0.060000000000000005
18 0.71125 0.6616666666666667 0.0275 0.03333333333333333
18 0.64875 0.7541666666666668 0.0275 0.03166666666666667
19 0.7056250000000001 0.7416666666666667 0.02625 0.06666666666666667
19 0.753125 0.7050000000000001 0.03375 0.04666666666666667
18 0.528125 0.17833333333333334 0.02625 0.030000000000000002
