15 0.338934 0.148549 0.094323 0.080856
15 0.570891 0.160100 0.065449 0.129947
15 0.620460 0.257080 0.067052 0.127545
15 0.522447 0.346599 0.073150 0.117917
15 0.547632 0.422164 0.079243 0.100589
15 0.428765 0.524678 0.057750 0.128506
15 0.363318 0.381012 0.068658 0.104919
15 0.381283 0.542484 0.041066 0.115992
17 0.368612 0.284271 0.075394 0.087595
17 0.440636 0.337215 0.072507 0.081820
14 0.522595 0.056683 0.025501 0.044080
14 0.655909 0.431693 0.034328 0.045242
14 0.756168 0.545999 0.019250 0.039947
14 0.580677 0.323883 0.021174 0.057756
14 0.570730 0.374900 0.021816 0.025028
14 0.472007 0.300016 0.023562 0.046436
