7 0.45875 0.8141666666666667 0.11 0.09166666666666667
7 0.290625 0.7858333333333334 0.10625 0.10833333333333334
7 0.225 0.6050000000000001 0.0575 0.13
7 0.27875 0.5900000000000001 0.08750000000000001 0.12333333333333334
7 0.256875 0.44 0.08875 0.12666666666666668
7 0.395625 0.27416666666666667 0.09625 0.125
7 0.55 0.18833333333333335 0.08750000000000001 0.11666666666666667
23 0.385625 0.135 0.051250000000000004 0.07333333333333333
23 0.3 0.2391666666666667 0.055 0.07833333333333334
19 0.5225 0.28250000000000003 0.0525 0.08166666666666667
23 0.561875 0.4941666666666667 0.058750000000000004 0.07500000000000001
19 0.19625 0.36500000000000005 0.0575 0.07333333333333333
19 0.30312500000000003 0.9166666666666667 0.06875 0.07666666666666667
20 0.38 0.8191666666666667 0.0475 0.06833333333333334
20 0.45687500000000003 0.925 0.04625 0.060000000000000005
19 0.54 0.7516666666666667 0.06 0.08333333333333334
23 0.944375 0.8091666666666667 0.04875 0.055
25 0.6012500000000001 0.40750000000000003 0.0625 0.09833333333333334
19 0.703125 0.19 0.058750000000000004 0.08
