26 0.4225 0.1325 0.04 0.03166666666666667
26 0.45937500000000003 0.26166666666666666 0.02625 0.043333333333333335
26 0.31125 0.47000000000000003 0.025 0.05333333333333334
26 0.265625 0.5108333333333334 0.02875 0.03833333333333334
26 0.42625 0.5166666666666667 0.0225 0.05
26 0.3575 0.8516666666666667 0.0325 0.04
26 0.5025000000000001 0.26583333333333337 0.0275 0.045000000000000005
26 0.56125 0.13583333333333333 0.0375 0.035
11 0.618125 0.4191666666666667 0.03375 0.08166666666666667
11 0.683125 0.3925 0.03375 0.065
23 0.511875 0.455 0.04875 0.060000000000000005
18 0.46187500000000004 0.55 0.03375 0.043333333333333335
23 0.254375 0.37333333333333335 0.05375 0.06333333333333334
