11 0.325625 0.15000000000000002 0.02875 0.02666666666666667
11 0.36625 0.14333333333333334 0.04 0.030000000000000002
11 0.379375 0.17 0.02125 0.04
11 0.371875 0.195 0.02375 0.04
11 0.340625 0.17583333333333334 0.02625 0.03833333333333334
11 0.30875 0.18583333333333335 0.025 0.04166666666666667
11 0.33125 0.23500000000000001 0.035 0.03666666666666667
11 0.36125 0.2341666666666667 0.0325 0.04166666666666667
11 0.39687500000000003 0.2025 0.02375 0.04833333333333334
11 0.435 0.2025 0.03 0.03833333333333334
11 0.44125000000000003 0.24416666666666667 0.035 0.03166666666666667
11 0.395 0.24500000000000002 0.0275 0.03333333333333333
11 0.40750000000000003 0.2866666666666667 0.0325 0.04
11 0.395 0.33083333333333337 0.0425 0.035
11 0.36625 0.2675 0.0275 0.028333333333333335
11 0.318125 0.2816666666666667 0.03875 0.043333333333333335
11 0.268125 0.24583333333333335 0.03625 0.035
11 0.27875 0.2725 0.04 0.028333333333333335
11 0.27875 0.30250000000000005 0.0275 0.045000000000000005
11 0.2425 0.27666666666666667 0.0325 0.04
11 0.216875 0.3116666666666667 0.02625 0.043333333333333335
11 0.240625 0.3241666666666667 0.02875 0.025
11 0.26 0.33916666666666667 0.0375 0.028333333333333335
11 0.25625 0.3841666666666667 0.0375 0.04833333333333334
11 0.34625 0.35750000000000004 0.03 0.045000000000000005
11 0.405625 0.15083333333333335 0.03125 0.03166666666666667
11 0.441875 0.13416666666666668 0.03625 0.03166666666666667
11 0.43125 0.15833333333333335 0.04 0.030000000000000002
11 0.47250000000000003 0.1675 0.04 0.045000000000000005
11 0.52 0.15916666666666668 0.0375 0.028333333333333335
11 0.49 0.2525 0.0275 0.03833333333333334
11 0.51875 0.26333333333333336 0.0325 0.043333333333333335
11 0.5525 0.2725 0.0325 0.04833333333333334
11 0.463125 0.27083333333333337 0.02875 0.04833333333333334
11 0.473125 0.315 0.02875 0.05333333333333334
11 0.509375 0.31333333333333335 0.02375 0.04666666666666667
11 0.506875 0.3541666666666667 0.02875 0.04833333333333334
11 0.546875 0.35583333333333333 0.03875 0.03166666666666667
11 0.5475 0.3891666666666667 0.035 0.03833333333333334
11 0.5856250000000001 0.21000000000000002 0.03625 0.05
11 0.61625 0.18166666666666667 0.03 0.04
11 0.63625 0.22833333333333336 0.035 0.05
11 0.596875 0.24083333333333334 0.03125 0.05166666666666667
11 0.624375 0.26416666666666666 0.02875 0.045000000000000005
11 0.614375 0.30083333333333334 0.03375 0.035
11 0.625 0.3358333333333334 0.025 0.04833333333333334
11 0.59 0.33083333333333337 0.035 0.028333333333333335
11 0.56875 0.30250000000000005 0.035 0.045000000000000005
11 0.59 0.35583333333333333 0.04 0.035
11 0.57875 0.39333333333333337 0.03 0.060000000000000005
11 0.6675 0.26 0.02 0.060000000000000005
11 0.691875 0.24916666666666668 0.02375 0.04833333333333334
11 0.720625 0.26916666666666667 0.03125 0.03833333333333334
11 0.698125 0.29000000000000004 0.03875 0.04
11 0.735 0.3458333333333334 0.0425 0.04166666666666667
11 0.770625 0.3841666666666667 0.02375 0.04833333333333334
11 0.74875 0.4 0.03 0.060000000000000005
11 0.735 0.43333333333333335 0.0425 0.043333333333333335
11 0.67625 0.4758333333333334 0.0375 0.03833333333333334
11 0.744375 0.5366666666666667 0.03125 0.04
11 0.780625 0.5416666666666667 0.01875 0.043333333333333335
11 0.76375 0.5583333333333333 0.025 0.043333333333333335
11 0.761875 0.5891666666666667 0.03625 0.03166666666666667
11 0.579375 0.4475 0.03625 0.03833333333333334
11 0.620625 0.4591666666666667 0.03875 0.028333333333333335
11 0.624375 0.48750000000000004 0.03125 0.04833333333333334
11 0.55875 0.4691666666666667 0.0425 0.04166666666666667
11 0.558125 0.51 0.04625 0.03333333333333333
11 0.530625 0.47500000000000003 0.02625 0.05666666666666667
11 0.5025000000000001 0.4566666666666667 0.02 0.05
11 0.47125 0.4575 0.0425 0.03833333333333334
11 0.48812500000000003 0.3916666666666667 0.02625 0.04666666666666667
11 0.4425 0.39416666666666667 0.0375 0.03833333333333334
11 0.3575 0.4941666666666667 0.0325 0.055
11 0.383125 0.5125000000000001 0.03125 0.055
11 0.43625 0.55 0.0325 0.04666666666666667
11 0.44625000000000004 0.49750000000000005 0.04 0.04166666666666667
11 0.485 0.52 0.03 0.043333333333333335
11 0.45375 0.5241666666666667 0.0325 0.03166666666666667
11 0.465625 0.5641666666666667 0.02625 0.035
11 0.48875 0.5700000000000001 0.0325 0.04
11 0.49625 0.6025 0.0375 0.03166666666666667
11 0.4975 0.6283333333333334 0.025 0.04666666666666667
11 0.5225 0.6025 0.0275 0.058333333333333334
11 0.45875 0.6016666666666667 0.035 0.03333333333333333
11 0.438125 0.5916666666666667 0.02875 0.04666666666666667
11 0.4525 0.6408333333333334 0.0425 0.035
11 0.48 0.67 0.0475 0.03666666666666667
11 0.455625 0.7108333333333334 0.03375 0.04166666666666667
11 0.47625 0.7566666666666667 0.0375 0.043333333333333335
11 0.435625 0.7675000000000001 0.03875 0.035
11 0.464375 0.8091666666666667 0.02625 0.04833333333333334
11 0.433125 0.8025000000000001 0.03375 0.045000000000000005
11 0.455625 0.8716666666666667 0.02375 0.04666666666666667
11 0.42562500000000003 0.8916666666666667 0.04125 0.03666666666666667
11 0.345625 0.7908333333333334 0.03625 0.035
11 0.340625 0.7441666666666668 0.04125 0.04166666666666667
11 0.28750000000000003 0.6933333333333334 0.045 0.04
11 0.24625 0.76 0.0275 0.030000000000000002
11 0.288125 0.8208333333333334 0.03625 0.03833333333333334
11 0.22625 0.7083333333333334 0.0275 0.043333333333333335
11 0.194375 0.6433333333333334 0.03125 0.02666666666666667
11 0.185 0.6141666666666667 0.03 0.035
11 0.195 0.5916666666666667 0.0275 0.03333333333333333
11 0.255 0.5858333333333333 0.0275 0.04166666666666667
11 0.299375 0.5808333333333334 0.03375 0.04833333333333334
11 0.375 0.5791666666666667 0.035 0.03833333333333334
11 0.39937500000000004 0.6108333333333333 0.03125 0.05166666666666667
11 0.56125 0.6816666666666668 0.0325 0.05333333333333334
11 0.638125 0.7466666666666667 0.03125 0.030000000000000002
11 0.62125 0.7791666666666667 0.0475 0.045000000000000005
11 0.57875 0.8558333333333333 0.0225 0.04833333333333334
11 0.603125 0.8383333333333334 0.02625 0.043333333333333335
11 0.6218750000000001 0.8516666666666667 0.01875 0.04
11 0.645 0.8341666666666667 0.0275 0.04166666666666667
11 0.6725 0.8133333333333334 0.03 0.04
11 0.53 0.8858333333333334 0.0325 0.04166666666666667
11 0.70125 0.7775000000000001 0.0275 0.03833333333333334
11 0.716875 0.7191666666666667 0.02375 0.05166666666666667
11 0.74 0.7125 0.0225 0.045000000000000005
11 0.723125 0.6758333333333334 0.03125 0.028333333333333335
11 0.701875 0.6691666666666667 0.03125 0.028333333333333335
11 0.698125 0.6275000000000001 0.03625 0.04833333333333334
11 0.731875 0.64 0.02125 0.04666666666666667
11 0.76375 0.6441666666666667 0.0275 0.04833333333333334
11 0.6725 0.5700000000000001 0.0375 0.04
11 0.634375 0.5708333333333334 0.03875 0.035
11 0.645625 0.6016666666666667 0.04625 0.03666666666666667
11 0.646875 0.5308333333333334 0.03375 0.05166666666666667
27 0.6625 0.1975 0.03 0.045000000000000005
27 0.670625 0.37000000000000005 0.04125 0.043333333333333335
27 0.720625 0.5650000000000001 0.02375 0.043333333333333335
27 0.688125 0.7333333333333334 0.03375 0.06333333333333334
27 0.276875 0.625 0.03875 0.030000000000000002
27 0.51625 0.4166666666666667 0.035 0.04666666666666667
27 0.24 0.4666666666666667 0.0475 0.04666666666666667
27 0.470625 0.41250000000000003 0.04625 0.03833333333333334
18 0.289375 0.5433333333333333 0.01875 0.043333333333333335
18 0.39375 0.6975 0.025 0.021666666666666667
18 0.34500000000000003 0.8233333333333334 0.025 0.030000000000000002
18 0.450625 0.6808333333333334 0.03375 0.03166666666666667
18 0.7725 0.42333333333333334 0.025 0.03666666666666667
27 0.665625 0.6341666666666667 0.02875 0.045000000000000005
