23 0.26625 0.4783333333333334 0.035 0.043333333333333335
18 0.2425 0.5408333333333334 0.0225 0.028333333333333335
18 0.355625 0.6241666666666668 0.03625 0.04833333333333334
18 0.426875 0.5191666666666667 0.02375 0.028333333333333335
18 0.2125 0.7058333333333334 0.03 0.035
23 0.3975 0.7991666666666667 0.0475 0.04166666666666667
23 0.505 0.7816666666666667 0.035 0.04
18 0.433125 0.8675 0.02125 0.025
23 0.606875 0.8391666666666667 0.03625 0.04166666666666667
23 0.6125 0.8775000000000001 0.04 0.04166666666666667
11 0.56375 0.6158333333333333 0.0475 0.045000000000000005
11 0.5425 0.4191666666666667 0.0375 0.03833333333333334
