11 0.43 0.22333333333333336 0.0425 0.06666666666666667
11 0.479375 0.335 0.06625 0.060000000000000005
11 0.388125 0.38833333333333336 0.058750000000000004 0.06333333333333334
11 0.450625 0.4516666666666667 0.06375 0.07333333333333333
11 0.34625 0.3216666666666667 0.045 0.09000000000000001
11 0.259375 0.37000000000000005 0.043750000000000004 0.07
18 0.3375 0.43750000000000006 0.0325 0.028333333333333335
11 0.39125 0.4758333333333334 0.06 0.058333333333333334
11 0.31375000000000003 0.4658333333333334 0.05 0.06833333333333334
11 0.3125 0.5333333333333333 0.0425 0.08333333333333334
11 0.366875 0.5166666666666667 0.07375 0.06333333333333334
11 0.44 0.5641666666666667 0.0625 0.08166666666666667
11 0.464375 0.5108333333333334 0.07375 0.058333333333333334
11 0.273125 0.515 0.04125 0.08
11 0.34375 0.5758333333333334 0.0525 0.07166666666666667
11 0.425 0.6183333333333334 0.0575 0.06666666666666667
11 0.5075000000000001 0.6608333333333334 0.0525 0.10833333333333334
11 0.4625 0.7283333333333334 0.0425 0.07
11 0.43062500000000004 0.6891666666666667 0.06125 0.07833333333333334
11 0.370625 0.6316666666666667 0.043750000000000004 0.08
11 0.34375 0.6433333333333334 0.025 0.07666666666666667
11 0.305 0.6283333333333334 0.0325 0.08666666666666667
11 0.25 0.6341666666666667 0.0625 0.05166666666666667
11 0.22875 0.5850000000000001 0.05 0.05333333333333334
11 0.21875 0.5316666666666667 0.0525 0.08
11 0.204375 0.8516666666666667 0.04625 0.08
11 0.5231250000000001 0.7758333333333334 0.04625 0.058333333333333334
11 0.56375 0.8066666666666668 0.04 0.1
11 0.47625 0.7766666666666667 0.0475 0.07666666666666667
11 0.63125 0.7908333333333334 0.065 0.065
11 0.77125 0.8675 0.05 0.07166666666666667
11 0.651875 0.7033333333333334 0.04875 0.07666666666666667
11 0.606875 0.7008333333333334 0.04625 0.08833333333333333
11 0.598125 0.6366666666666667 0.07375 0.06333333333333334
11 0.528125 0.5783333333333334 0.06625 0.060000000000000005
11 0.54625 0.5516666666666667 0.05 0.07333333333333333
11 0.69125 0.5325000000000001 0.06 0.05166666666666667
11 0.5493750000000001 0.48833333333333334 0.05625 0.06666666666666667
11 0.841875 0.2275 0.04875 0.04833333333333334
11 0.914375 0.4675 0.03125 0.06166666666666667
11 0.826875 0.5375000000000001 0.04875 0.06166666666666667
11 0.81 0.7641666666666667 0.0375 0.058333333333333334
11 0.8225 0.8316666666666667 0.03 0.08333333333333334
11 0.9525 0.9633333333333334 0.0425 0.05
11 0.925625 0.9866666666666667 0.04125 0.023333333333333334
