6 0.608569 0.335503 0.051166 0.047186
6 0.345302 0.659688 0.064188 0.050864
9 0.603220 0.694008 0.052560 0.052090
12 0.518869 0.094041 0.051142 0.035296
12 0.632264 0.103266 0.039880 0.060161
12 0.751138 0.262092 0.066972 0.041713
12 0.360725 0.091635 0.045966 0.024867
12 0.720834 0.650602 0.037260 0.066996
12 0.788779 0.642516 0.042522 0.032343
12 0.719037 0.897615 0.061898 0.046124
12 0.611735 0.787232 0.040378 0.038158
12 0.656440 0.808826 0.020684 0.058079
12 0.650527 0.747540 0.032134 0.049020
12 0.656015 0.958455 0.040182 0.067381
12 0.371923 0.831991 0.051582 0.069631
12 0.123528 0.501938 0.052004 0.078543
12 0.724654 0.340100 0.029224 0.061365
12 0.676709 0.698061 0.032574 0.055347
12 0.762402 0.738569 0.040792 0.045723
12 0.778536 0.513567 0.048096 0.028877
12 0.760728 0.564101 0.035616 0.044920
12 0.644289 0.537430 0.031050 0.068582
6 0.710927 0.937692 0.050794 0.052949
