14 0.389518 0.329838 0.062179 0.039465
1 0.688061 0.391972 0.029237 0.072194
7 0.509553 0.198252 0.135889 0.083263
18 0.345251 0.094487 0.088123 0.051979
1 0.502820 0.095029 0.031597 0.094984
1 0.543730 0.126011 0.046944 0.052459
1 0.495140 0.054540 0.037887 0.058720
1 0.731916 0.080529 0.046944 0.074118
1 0.205655 0.375849 0.043648 0.059200
18 0.650738 0.031766 0.067700 0.063532
4 0.370987 0.781290 0.056415 0.118396
14 0.318895 0.760593 0.021413 0.073154
14 0.719975 0.329645 0.037884 0.049571
14 0.660678 0.106808 0.051061 0.029360
14 0.606321 0.118359 0.024706 0.051495
14 0.295423 0.157585 0.032944 0.047166
14 0.369135 0.192237 0.029648 0.053903
14 0.395899 0.208841 0.024709 0.048610
14 0.249921 0.225207 0.067946 0.026471
14 0.360075 0.250475 0.034591 0.051979
14 0.563908 0.352219 0.028002 0.079411
14 0.397546 0.429947 0.052708 0.032728
