20 0.214375 0.1875 0.03875 0.07166666666666667
20 0.3075 0.18250000000000002 0.04 0.055
20 0.34500000000000003 0.17916666666666667 0.0325 0.04833333333333334
20 0.40625 0.20833333333333334 0.04 0.06333333333333334
20 0.40625 0.07500000000000001 0.0425 0.043333333333333335
20 0.45937500000000003 0.08916666666666667 0.02875 0.04833333333333334
20 0.486875 0.07666666666666667 0.04875 0.043333333333333335
20 0.450625 0.11750000000000001 0.03625 0.045000000000000005
20 0.46125 0.14583333333333334 0.0425 0.058333333333333334
20 0.535 0.08333333333333334 0.035 0.05333333333333334
20 0.52125 0.12583333333333335 0.045 0.035
20 0.541875 0.17 0.04125 0.05333333333333334
20 0.475625 0.21000000000000002 0.04875 0.05666666666666667
20 0.384375 0.26166666666666666 0.03875 0.05
20 0.42625 0.2733333333333334 0.0375 0.060000000000000005
20 0.446875 0.2516666666666667 0.03875 0.05666666666666667
20 0.47000000000000003 0.2725 0.05 0.058333333333333334
20 0.5425 0.33416666666666667 0.055 0.05166666666666667
19 0.520625 0.23333333333333334 0.05625 0.08333333333333334
20 0.284375 0.24666666666666667 0.03375 0.05666666666666667
20 0.26687500000000003 0.28500000000000003 0.043750000000000004 0.06333333333333334
20 0.215625 0.29583333333333334 0.03375 0.055
20 0.206875 0.3433333333333334 0.03875 0.060000000000000005
20 0.351875 0.3375 0.051250000000000004 0.058333333333333334
20 0.375625 0.3866666666666667 0.043750000000000004 0.060000000000000005
20 0.2975 0.4241666666666667 0.0375 0.065
20 0.3425 0.45583333333333337 0.04 0.06833333333333334
19 0.279375 0.3466666666666667 0.04875 0.08
20 0.205625 0.49583333333333335 0.051250000000000004 0.058333333333333334
20 0.145 0.5458333333333334 0.05 0.045000000000000005
20 0.206875 0.5841666666666667 0.04875 0.055
20 0.3925 0.6225 0.0525 0.058333333333333334
20 0.23 0.6866666666666668 0.035 0.05
20 0.236875 0.8158333333333334 0.03875 0.055
20 0.33437500000000003 0.7491666666666668 0.03875 0.04833333333333334
19 0.3 0.6833333333333333 0.045 0.06666666666666667
24 0.655625 0.7516666666666667 0.043750000000000004 0.08666666666666667
20 0.74375 0.6591666666666667 0.04 0.06833333333333334
20 0.92 0.39666666666666667 0.035 0.04666666666666667
