23 0.39875 0.21750000000000003 0.0425 0.085
18 0.253125 0.5141666666666667 0.043750000000000004 0.045000000000000005
20 0.153125 0.6341666666666667 0.05375 0.06166666666666667
20 0.225625 0.6416666666666667 0.05375 0.05666666666666667
23 0.116875 0.7258333333333333 0.04875 0.08166666666666667
18 0.16125 0.7333333333333334 0.0325 0.05333333333333334
23 0.23875000000000002 0.7158333333333334 0.0525 0.095
19 0.281875 0.7241666666666667 0.05375 0.08166666666666667
23 0.339375 0.7341666666666667 0.058750000000000004 0.065
20 0.358125 0.8458333333333334 0.06875 0.07166666666666667
23 0.68 0.6950000000000001 0.0675 0.08333333333333334
23 0.586875 0.7341666666666667 0.05375 0.07166666666666667
21 0.641875 0.7408333333333333 0.07875 0.115
23 0.49062500000000003 0.5416666666666667 0.058750000000000004 0.08666666666666667
23 0.626875 0.5308333333333334 0.06125 0.07500000000000001
23 0.67625 0.41500000000000004 0.0525 0.08333333333333334
23 0.841875 0.5541666666666667 0.04625 0.11166666666666668
20 0.881875 0.5233333333333333 0.04875 0.07666666666666667
