18 0.41875 0.08666666666666667 0.025 0.03666666666666667
18 0.41625 0.1125 0.04 0.035
18 0.39937500000000004 0.14166666666666666 0.03375 0.043333333333333335
18 0.36 0.14250000000000002 0.035 0.03833333333333334
18 0.32937500000000003 0.16416666666666668 0.03125 0.04166666666666667
18 0.33625 0.21083333333333334 0.0325 0.045000000000000005
18 0.371875 0.22666666666666668 0.03375 0.04
18 0.405 0.21666666666666667 0.0325 0.043333333333333335
18 0.2525 0.22916666666666669 0.03 0.04166666666666667
18 0.281875 0.23083333333333333 0.03625 0.05166666666666667
18 0.23875000000000002 0.26 0.0325 0.04
18 0.335625 0.31583333333333335 0.02875 0.04833333333333334
18 0.365 0.325 0.04 0.05
18 0.26 0.44833333333333336 0.0325 0.04
18 0.233125 0.4608333333333334 0.03125 0.04166666666666667
18 0.19625 0.4291666666666667 0.0325 0.03166666666666667
18 0.42562500000000003 0.4058333333333334 0.03375 0.045000000000000005
18 0.4375 0.44833333333333336 0.0275 0.043333333333333335
18 0.229375 0.5833333333333334 0.03625 0.05
18 0.1875 0.5041666666666667 0.025 0.035
18 0.35000000000000003 0.5866666666666667 0.0375 0.05
18 0.2625 0.5908333333333333 0.0225 0.035
18 0.294375 0.5916666666666667 0.02625 0.043333333333333335
18 0.2775 0.5991666666666667 0.03 0.035
18 0.28250000000000003 0.6458333333333334 0.0225 0.04166666666666667
18 0.255625 0.66 0.03125 0.03666666666666667
18 0.34375 0.7091666666666667 0.025 0.04833333333333334
18 0.32125 0.7191666666666667 0.03 0.045000000000000005
18 0.34875 0.7966666666666667 0.03 0.043333333333333335
18 0.385 0.7625000000000001 0.025 0.035
18 0.364375 0.8650000000000001 0.03375 0.03333333333333333
18 0.388125 0.8883333333333334 0.03375 0.05
18 0.314375 0.905 0.03625 0.03666666666666667
18 0.504375 0.9791666666666667 0.03375 0.03166666666666667
18 0.495 0.8166666666666668 0.0375 0.04
18 0.516875 0.8408333333333334 0.03375 0.028333333333333335
18 0.55375 0.8791666666666668 0.0375 0.045000000000000005
18 0.61875 0.8708333333333333 0.035 0.04166666666666667
18 0.45 0.53 0.0375 0.05
18 0.719375 0.6741666666666667 0.02875 0.045000000000000005
18 0.693125 0.7475 0.03125 0.055
18 0.651875 0.7533333333333334 0.03375 0.03333333333333333
18 0.6175 0.7225 0.025 0.045000000000000005
18 0.7681250000000001 0.6166666666666667 0.02625 0.04666666666666667
18 0.76375 0.3241666666666667 0.0325 0.045000000000000005
26 0.54125 0.3066666666666667 0.0375 0.05
26 0.405 0.4525 0.0375 0.045000000000000005
24 0.655 0.7233333333333334 0.045 0.08
24 0.71 0.36333333333333334 0.04 0.08
24 0.350625 0.25833333333333336 0.06625 0.06666666666666667
11 0.39187500000000003 0.3275 0.04125 0.07500000000000001
11 0.7825 0.18166666666666667 0.0425 0.04666666666666667
11 0.7725 0.21333333333333335 0.0425 0.05666666666666667
11 0.815625 0.5591666666666667 0.02875 0.06833333333333334
11 0.8475 0.5883333333333334 0.0275 0.07333333333333333
20 0.516875 0.5800000000000001 0.02875 0.05
19 0.306875 0.2225 0.04125 0.058333333333333334
