18 0.130625 0.2066666666666667 0.02375 0.04666666666666667
18 0.06125 0.3216666666666667 0.0325 0.04666666666666667
18 0.099375 0.3825 0.03125 0.05166666666666667
18 0.173125 0.6208333333333333 0.03875 0.05166666666666667
18 0.344375 0.5475 0.03875 0.04833333333333334
18 0.34125 0.6358333333333334 0.02 0.04833333333333334
18 0.179375 0.7033333333333334 0.03625 0.05
18 0.314375 0.9041666666666667 0.03375 0.045000000000000005
18 0.93875 0.7733333333333334 0.015 0.05
18 0.888125 0.9166666666666667 0.02875 0.04666666666666667
