31 0.16875 0.25333333333333335 0.025 0.04666666666666667
31 0.19875 0.3691666666666667 0.0125 0.055
31 0.230625 0.4316666666666667 0.04125 0.023333333333333334
31 0.21875 0.47500000000000003 0.0225 0.04666666666666667
31 0.26875 0.6841666666666667 0.02 0.05166666666666667
31 0.46375 0.7666666666666667 0.0225 0.06333333333333334
31 0.333125 0.6683333333333333 0.03875 0.03333333333333333
31 0.31375000000000003 0.6283333333333334 0.04 0.03666666666666667
31 0.356875 0.6291666666666667 0.02375 0.055
31 0.451875 0.43083333333333335 0.043750000000000004 0.025
31 0.27875 0.2916666666666667 0.035 0.04666666666666667
31 0.34 0.23083333333333333 0.0325 0.05166666666666667
31 0.288125 0.043333333333333335 0.01875 0.05
31 0.34125 0.05416666666666667 0.0375 0.045000000000000005
31 0.6118750000000001 0.2325 0.03875 0.03833333333333334
31 0.568125 0.5191666666666667 0.04125 0.03833333333333334
31 0.67875 0.545 0.0375 0.04
24 0.6725 0.8558333333333333 0.055 0.07166666666666667
20 0.649375 0.8200000000000001 0.02875 0.03666666666666667
20 0.61125 0.7575000000000001 0.0425 0.045000000000000005
20 0.63375 0.7125 0.04 0.055
24 0.494375 0.7108333333333334 0.06375 0.07833333333333334
20 0.435 0.7733333333333334 0.05 0.060000000000000005
20 0.494375 0.8408333333333334 0.04125 0.07166666666666667
20 0.544375 0.9358333333333334 0.06625 0.04833333333333334
20 0.4375 0.9175000000000001 0.04 0.065
20 0.289375 0.7266666666666667 0.05375 0.03666666666666667
20 0.115 0.4341666666666667 0.0375 0.095
24 0.30875 0.5766666666666667 0.085 0.09000000000000001
21 0.270625 0.47250000000000003 0.07125000000000001 0.10833333333333334
20 0.75375 0.6358333333333334 0.04 0.065
18 0.7368750000000001 0.5475 0.03625 0.058333333333333334
