14 0.677981 0.300681 0.038902 0.053573
14 0.344892 0.831753 0.049534 0.047378
14 0.895847 0.908914 0.031842 0.064981
14 0.837465 0.921775 0.024765 0.032486
14 0.736568 0.961938 0.018739 0.046676
14 0.713675 0.948555 0.028182 0.038840
14 0.648282 0.971600 0.044079 0.026109
14 0.563663 0.947772 0.042062 0.022851
14 0.628516 0.987432 0.046070 0.025136
14 0.569481 0.983318 0.032136 0.025458
14 0.802987 0.984331 0.023035 0.029375
14 0.913724 0.986288 0.038107 0.025462
14 0.892824 0.949372 0.037252 0.023499
14 0.858981 0.984298 0.027587 0.031334
14 0.850875 0.948720 0.034694 0.030031
14 0.520162 0.628450 0.033444 0.055621
