11 0.305 0.17500000000000002 0.0325 0.023333333333333334
27 0.338125 0.2025 0.02625 0.045000000000000005
27 0.30312500000000003 0.2316666666666667 0.02375 0.043333333333333335
11 0.358125 0.23500000000000001 0.03125 0.03666666666666667
11 0.420625 0.25333333333333335 0.02375 0.05333333333333334
11 0.448125 0.24333333333333335 0.02875 0.04666666666666667
11 0.435625 0.3066666666666667 0.01875 0.05
11 0.415625 0.30333333333333334 0.02125 0.04666666666666667
11 0.4 0.3441666666666667 0.0325 0.03833333333333334
11 0.36 0.3466666666666667 0.02 0.05
11 0.3225 0.35500000000000004 0.0325 0.03333333333333333
27 0.373125 0.37833333333333335 0.04125 0.04
11 0.444375 0.38333333333333336 0.04125 0.03333333333333333
11 0.47375 0.26833333333333337 0.03 0.043333333333333335
11 0.511875 0.26416666666666666 0.03875 0.03166666666666667
11 0.535 0.2941666666666667 0.025 0.04166666666666667
11 0.5225 0.3091666666666667 0.02 0.045000000000000005
11 0.50125 0.3141666666666667 0.025 0.045000000000000005
11 0.526875 0.3666666666666667 0.02875 0.05666666666666667
11 0.543125 0.33666666666666667 0.02125 0.043333333333333335
11 0.500625 0.3916666666666667 0.02625 0.04666666666666667
11 0.5275 0.4083333333333334 0.0375 0.030000000000000002
11 0.5475 0.44 0.03 0.043333333333333335
11 0.5725 0.4341666666666667 0.02 0.05166666666666667
11 0.50625 0.4575 0.0375 0.04166666666666667
11 0.47375 0.43833333333333335 0.0275 0.043333333333333335
11 0.443125 0.43500000000000005 0.03875 0.030000000000000002
11 0.528125 0.4816666666666667 0.02625 0.05
11 0.4575 0.155 0.0325 0.03333333333333333
11 0.48125 0.17500000000000002 0.025 0.05
27 0.509375 0.17500000000000002 0.02625 0.05
11 0.528125 0.19583333333333336 0.01625 0.045000000000000005
11 0.556875 0.20583333333333334 0.03125 0.03166666666666667
11 0.5650000000000001 0.17750000000000002 0.0225 0.03833333333333334
11 0.6012500000000001 0.18500000000000003 0.02 0.04
11 0.618125 0.20833333333333334 0.02625 0.03333333333333333
11 0.65 0.21916666666666668 0.02 0.03833333333333334
11 0.6725 0.21583333333333335 0.025 0.03833333333333334
11 0.596875 0.2566666666666667 0.03375 0.030000000000000002
11 0.5387500000000001 0.2316666666666667 0.04 0.03333333333333333
11 0.5625 0.2525 0.0225 0.03833333333333334
11 0.58125 0.2366666666666667 0.02 0.03333333333333333
11 0.583125 0.2066666666666667 0.02625 0.02666666666666667
11 0.603125 0.22666666666666668 0.02125 0.03666666666666667
11 0.62125 0.2625 0.0175 0.035
11 0.640625 0.26666666666666666 0.02125 0.043333333333333335
11 0.659375 0.2525 0.02875 0.035
11 0.63375 0.24083333333333334 0.025 0.028333333333333335
11 0.70625 0.25083333333333335 0.03 0.03166666666666667
11 0.7106250000000001 0.28833333333333333 0.02375 0.04
11 0.683125 0.2733333333333334 0.02875 0.02666666666666667
11 0.725 0.3275 0.0275 0.035
11 0.7468750000000001 0.32333333333333336 0.01625 0.043333333333333335
11 0.71 0.325 0.0225 0.04
11 0.694375 0.3191666666666667 0.01875 0.03166666666666667
11 0.6793750000000001 0.30333333333333334 0.01625 0.02666666666666667
11 0.660625 0.29583333333333334 0.02375 0.03166666666666667
11 0.635625 0.3041666666666667 0.01875 0.03166666666666667
27 0.66 0.32916666666666666 0.02 0.03833333333333334
11 0.57875 0.2808333333333333 0.035 0.025
11 0.6075 0.2966666666666667 0.035 0.02666666666666667
11 0.584375 0.29833333333333334 0.03375 0.02
11 0.5750000000000001 0.31333333333333335 0.0275 0.02
11 0.583125 0.3375 0.02375 0.03166666666666667
11 0.57625 0.36833333333333335 0.0275 0.03333333333333333
11 0.606875 0.3416666666666667 0.02125 0.04
11 0.618125 0.36833333333333335 0.02375 0.04
11 0.63625 0.3466666666666667 0.02 0.03666666666666667
11 0.644375 0.37583333333333335 0.02875 0.04166666666666667
11 0.6725 0.3925 0.02 0.04166666666666667
11 0.696875 0.39416666666666667 0.02125 0.03833333333333334
11 0.6012500000000001 0.41583333333333333 0.0375 0.028333333333333335
11 0.6 0.3775 0.025 0.04166666666666667
11 0.5750000000000001 0.3925 0.0275 0.025
11 0.55 0.3875 0.0275 0.045000000000000005
11 0.555 0.36000000000000004 0.025 0.02666666666666667
11 0.620625 0.43750000000000006 0.02125 0.045000000000000005
11 0.596875 0.4466666666666667 0.01875 0.03333333333333333
11 0.61375 0.4758333333333334 0.02 0.04166666666666667
11 0.63125 0.4841666666666667 0.0225 0.04166666666666667
11 0.654375 0.465 0.02125 0.043333333333333335
11 0.650625 0.42500000000000004 0.02375 0.03333333333333333
11 0.634375 0.4033333333333334 0.02625 0.03333333333333333
27 0.67375 0.4491666666666667 0.015 0.045000000000000005
11 0.69125 0.445 0.02 0.04
11 0.7125 0.43500000000000005 0.025 0.030000000000000002
11 0.71375 0.46166666666666667 0.0225 0.043333333333333335
11 0.6925 0.48833333333333334 0.02 0.03333333333333333
11 0.668125 0.4841666666666667 0.02875 0.025
11 0.683125 0.52 0.03375 0.030000000000000002
11 0.64875 0.51 0.03 0.023333333333333334
11 0.704375 0.5425 0.02375 0.04833333333333334
11 0.68875 0.5633333333333334 0.0275 0.04
11 0.64625 0.5325000000000001 0.0375 0.028333333333333335
11 0.651875 0.5625 0.02375 0.03833333333333334
11 0.635 0.5383333333333333 0.02 0.03666666666666667
11 0.61875 0.545 0.0325 0.03666666666666667
11 0.595625 0.5225000000000001 0.03875 0.035
11 0.573125 0.5441666666666667 0.02375 0.05166666666666667
11 0.6025 0.5766666666666667 0.025 0.05
11 0.619375 0.6058333333333333 0.03125 0.028333333333333335
11 0.61 0.6358333333333334 0.03 0.035
11 0.663125 0.6308333333333334 0.02375 0.045000000000000005
11 0.638125 0.65 0.02375 0.05
11 0.543125 0.5866666666666667 0.03375 0.03333333333333333
11 0.5750000000000001 0.6191666666666668 0.0375 0.04166666666666667
11 0.579375 0.655 0.03375 0.030000000000000002
27 0.545 0.6341666666666667 0.025 0.04833333333333334
27 0.4975 0.5816666666666667 0.0375 0.030000000000000002
27 0.434375 0.5133333333333334 0.04125 0.030000000000000002
11 0.479375 0.5275000000000001 0.03625 0.04166666666666667
11 0.395 0.48250000000000004 0.0475 0.03166666666666667
11 0.424375 0.5708333333333334 0.02375 0.04166666666666667
11 0.444375 0.5908333333333333 0.02625 0.045000000000000005
11 0.471875 0.6333333333333334 0.02625 0.04666666666666667
11 0.3575 0.5583333333333333 0.03 0.04
11 0.38875 0.6183333333333334 0.0325 0.030000000000000002
11 0.314375 0.5575 0.03625 0.035
11 0.2225 0.5341666666666667 0.025 0.045000000000000005
11 0.339375 0.6333333333333334 0.01875 0.04666666666666667
11 0.313125 0.655 0.02875 0.03666666666666667
11 0.29812500000000003 0.68 0.02625 0.05
11 0.41250000000000003 0.6666666666666667 0.04 0.03333333333333333
11 0.4275 0.6975 0.025 0.045000000000000005
11 0.211875 0.6658333333333334 0.02125 0.03833333333333334
11 0.23625000000000002 0.7241666666666667 0.0275 0.03833333333333334
11 0.295625 0.7383333333333334 0.02625 0.04
11 0.2975 0.7808333333333334 0.03 0.03166666666666667
11 0.376875 0.7841666666666667 0.02625 0.035
11 0.40875 0.7533333333333334 0.0325 0.03666666666666667
11 0.440625 0.7383333333333334 0.03125 0.03666666666666667
11 0.45 0.775 0.025 0.03666666666666667
11 0.5962500000000001 0.6891666666666667 0.03 0.035
11 0.56375 0.7058333333333334 0.035 0.03833333333333334
11 0.515 0.7366666666666667 0.02 0.04666666666666667
11 0.55625 0.7475 0.0225 0.03833333333333334
11 0.588125 0.7416666666666667 0.03375 0.030000000000000002
11 0.511875 0.7741666666666667 0.03125 0.035
11 0.56 0.7941666666666667 0.0225 0.03833333333333334
11 0.568125 0.7725000000000001 0.03625 0.028333333333333335
11 0.59 0.7591666666666668 0.0325 0.018333333333333333
11 0.61 0.7425 0.025 0.045000000000000005
11 0.630625 0.7333333333333334 0.03125 0.023333333333333334
27 0.6587500000000001 0.7300000000000001 0.025 0.043333333333333335
11 0.51875 0.8533333333333334 0.0275 0.04
11 0.578125 0.8266666666666668 0.02625 0.030000000000000002
11 0.61625 0.8125 0.025 0.03833333333333334
11 0.705 0.7116666666666667 0.0275 0.03333333333333333
11 0.735 0.7191666666666667 0.0225 0.035
11 0.720625 0.7525000000000001 0.02375 0.04166666666666667
11 0.7475 0.7516666666666667 0.0225 0.030000000000000002
11 0.7000000000000001 0.7441666666666668 0.03 0.045000000000000005
11 0.683125 0.7425 0.01875 0.035
11 0.680625 0.7875000000000001 0.03375 0.025
11 0.6431250000000001 0.7766666666666667 0.03625 0.023333333333333334
11 0.649375 0.7558333333333334 0.03125 0.025
11 0.680625 0.8166666666666668 0.02375 0.03666666666666667
11 0.69375 0.8275 0.0275 0.035
11 0.655 0.8091666666666667 0.02 0.03833333333333334
11 0.646875 0.8333333333333334 0.01875 0.04
11 0.628125 0.8491666666666667 0.02375 0.035
11 0.7418750000000001 0.6525000000000001 0.02875 0.03166666666666667
11 0.73625 0.6183333333333334 0.02 0.04666666666666667
11 0.7175 0.6366666666666667 0.0225 0.04
11 0.69625 0.655 0.0275 0.03666666666666667
11 0.6743750000000001 0.6775 0.02125 0.045000000000000005
11 0.67375 0.6458333333333334 0.03 0.03833333333333334
11 0.758125 0.6008333333333333 0.02625 0.03166666666666667
11 0.77625 0.5816666666666667 0.02 0.03666666666666667
11 0.771875 0.5433333333333333 0.02625 0.030000000000000002
11 0.77875 0.5208333333333334 0.025 0.03166666666666667
11 0.780625 0.48250000000000004 0.01625 0.045000000000000005
11 0.72875 0.5883333333333334 0.03 0.023333333333333334
11 0.704375 0.6116666666666667 0.03625 0.03333333333333333
11 0.691875 0.5925 0.03375 0.025
11 0.66625 0.5883333333333334 0.0225 0.05
11 0.649375 0.5900000000000001 0.02375 0.03333333333333333
11 0.633125 0.5800000000000001 0.02875 0.023333333333333334
11 0.756875 0.4033333333333334 0.02875 0.03666666666666667
11 0.745625 0.43750000000000006 0.03625 0.03166666666666667
11 0.720625 0.41000000000000003 0.03125 0.043333333333333335
11 0.713125 0.48000000000000004 0.02625 0.03333333333333333
11 0.755 0.3716666666666667 0.0325 0.030000000000000002
11 0.73 0.36250000000000004 0.0275 0.025
11 0.734375 0.39333333333333337 0.02875 0.030000000000000002
11 0.70875 0.3741666666666667 0.0225 0.035
11 0.6875 0.35833333333333334 0.02 0.04
18 0.529375 0.5425 0.02375 0.025
11 0.2 0.3491666666666667 0.0275 0.04166666666666667
