19 0.375 0.19583333333333336 0.065 0.08166666666666667
20 0.31 0.24333333333333335 0.0475 0.06666666666666667
23 0.39 0.40166666666666667 0.0525 0.06333333333333334
20 0.245 0.3516666666666667 0.04 0.06333333333333334
20 0.21875 0.27416666666666667 0.0375 0.058333333333333334
20 0.289375 0.4341666666666667 0.04625 0.065
20 0.23125 0.45833333333333337 0.05 0.060000000000000005
30 0.37 0.5383333333333333 0.0425 0.07666666666666667
26 0.28250000000000003 0.6075 0.0325 0.06166666666666667
20 0.31125 0.7375 0.045 0.04833333333333334
24 0.25875 0.7508333333333334 0.065 0.04833333333333334
20 0.215625 0.8358333333333334 0.03375 0.058333333333333334
26 0.320625 0.9283333333333333 0.03125 0.05333333333333334
19 0.370625 0.7225 0.06375 0.06833333333333334
30 0.4525 0.6483333333333334 0.0325 0.07333333333333333
20 0.510625 0.5658333333333334 0.051250000000000004 0.055
19 0.460625 0.3983333333333334 0.058750000000000004 0.06333333333333334
30 0.435 0.4391666666666667 0.0475 0.04833333333333334
19 0.47250000000000003 0.32833333333333337 0.06 0.08
23 0.38 0.2991666666666667 0.0325 0.08833333333333333
23 0.42312500000000003 0.28583333333333333 0.05625 0.07500000000000001
30 0.46875 0.25 0.05 0.05
25 0.4475 0.09833333333333334 0.05 0.10333333333333335
19 0.608125 0.32333333333333336 0.05375 0.08333333333333334
23 0.784375 0.26916666666666667 0.043750000000000004 0.06166666666666667
2 0.34375 0.7808333333333334 0.03 0.03833333333333334
