19 0.4275 0.0675 0.055 0.08166666666666667
26 0.323125 0.14916666666666667 0.03625 0.04166666666666667
26 0.29625 0.28 0.04 0.03333333333333333
26 0.255 0.2758333333333334 0.0325 0.03166666666666667
18 0.275 0.24333333333333335 0.0325 0.043333333333333335
18 0.294375 0.36833333333333335 0.03125 0.06666666666666667
26 0.443125 0.39416666666666667 0.03875 0.035
26 0.446875 0.41833333333333333 0.02375 0.03333333333333333
26 0.45937500000000003 0.41833333333333333 0.03375 0.04
26 0.400625 0.4341666666666667 0.02625 0.045000000000000005
20 0.2275 0.45 0.0375 0.05666666666666667
23 0.218125 0.5441666666666667 0.04125 0.065
26 0.411875 0.5458333333333334 0.03125 0.045000000000000005
19 0.23375 0.6958333333333334 0.04 0.058333333333333334
19 0.353125 0.7683333333333334 0.04625 0.06333333333333334
19 0.483125 0.795 0.05375 0.06666666666666667
19 0.624375 0.7741666666666667 0.04625 0.065
26 0.665 0.7266666666666667 0.03 0.043333333333333335
26 0.453125 0.79 0.02875 0.04
19 0.56375 0.6075 0.0475 0.06166666666666667
19 0.675 0.48333333333333334 0.0425 0.09333333333333334
19 0.464375 0.5316666666666667 0.051250000000000004 0.06333333333333334
19 0.49062500000000003 0.5125000000000001 0.051250000000000004 0.065
19 0.618125 0.30083333333333334 0.058750000000000004 0.06833333333333334
26 0.5075000000000001 0.42500000000000004 0.035 0.03333333333333333
18 0.551875 0.3775 0.02875 0.045000000000000005
18 0.623125 0.4058333333333334 0.02875 0.05166666666666667
26 0.524375 0.1875 0.03375 0.05166666666666667
19 0.533125 0.14166666666666666 0.04625 0.05666666666666667
