19 0.471875 0.14833333333333334 0.03625 0.03666666666666667
19 0.47875 0.18333333333333335 0.04 0.05
19 0.475625 0.22166666666666668 0.03375 0.05333333333333334
19 0.508125 0.2575 0.03875 0.045000000000000005
19 0.4275 0.335 0.045 0.060000000000000005
19 0.44875 0.3016666666666667 0.0375 0.05
19 0.43 0.24583333333333335 0.04 0.05166666666666667
24 0.43125 0.26833333333333337 0.05 0.06333333333333334
19 0.339375 0.1525 0.03875 0.045000000000000005
19 0.33625 0.18833333333333335 0.035 0.05
19 0.36625 0.1925 0.045 0.05166666666666667
19 0.22625 0.26416666666666666 0.0375 0.05166666666666667
19 0.246875 0.2758333333333334 0.03125 0.058333333333333334
19 0.2675 0.25833333333333336 0.035 0.05
19 0.274375 0.2816666666666667 0.03375 0.043333333333333335
19 0.30312500000000003 0.2841666666666667 0.04625 0.055
19 0.310625 0.3591666666666667 0.03375 0.058333333333333334
19 0.20625000000000002 0.36833333333333335 0.035 0.04666666666666667
19 0.193125 0.39583333333333337 0.03875 0.045000000000000005
19 0.248125 0.44083333333333335 0.04125 0.055
19 0.195 0.42500000000000004 0.0275 0.04666666666666667
20 0.1775 0.4291666666666667 0.025 0.04166666666666667
28 0.255625 0.34 0.04125 0.06333333333333334
24 0.38875 0.5191666666666667 0.0425 0.04833333333333334
19 0.346875 0.54 0.03875 0.05
28 0.325625 0.6375000000000001 0.03625 0.058333333333333334
24 0.425 0.6491666666666667 0.05 0.065
24 0.343125 0.8358333333333334 0.03875 0.04166666666666667
19 0.41250000000000003 0.89 0.0375 0.05333333333333334
19 0.410625 0.8550000000000001 0.03625 0.03666666666666667
19 0.44125000000000003 0.8325 0.0375 0.04833333333333334
19 0.444375 0.7608333333333334 0.03375 0.055
19 0.47875 0.8766666666666667 0.0325 0.043333333333333335
19 0.51125 0.9191666666666667 0.03 0.03833333333333334
19 0.543125 0.9133333333333334 0.03625 0.05
24 0.52125 0.8808333333333334 0.0375 0.03833333333333334
19 0.546875 0.8650000000000001 0.02875 0.043333333333333335
19 0.578125 0.8291666666666667 0.03375 0.05166666666666667
24 0.47875 0.7641666666666667 0.0425 0.055
19 0.504375 0.7925000000000001 0.03625 0.03833333333333334
19 0.508125 0.8091666666666667 0.03625 0.04166666666666667
24 0.53625 0.7983333333333333 0.04 0.07
24 0.5750000000000001 0.7691666666666667 0.045 0.055
19 0.584375 0.7108333333333334 0.03875 0.06166666666666667
24 0.47500000000000003 0.6766666666666667 0.0375 0.06666666666666667
19 0.5025000000000001 0.7066666666666667 0.0375 0.05
19 0.53125 0.6333333333333334 0.0425 0.043333333333333335
19 0.5025000000000001 0.5783333333333334 0.04 0.043333333333333335
24 0.47125 0.6050000000000001 0.045 0.05333333333333334
19 0.658125 0.8325 0.03375 0.05166666666666667
19 0.685625 0.8025000000000001 0.03375 0.045000000000000005
19 0.68875 0.7300000000000001 0.035 0.05333333333333334
19 0.701875 0.6908333333333334 0.03875 0.04833333333333334
21 0.6225 0.7375 0.0525 0.065
19 0.75625 0.5941666666666667 0.035 0.05166666666666667
19 0.733125 0.6225 0.02375 0.045000000000000005
19 0.71 0.6175 0.0325 0.04166666666666667
19 0.795625 0.5275000000000001 0.01875 0.045000000000000005
19 0.763125 0.5125000000000001 0.04125 0.05166666666666667
19 0.705 0.5791666666666667 0.04 0.05166666666666667
19 0.720625 0.5525 0.04125 0.058333333333333334
19 0.64875 0.545 0.035 0.05333333333333334
21 0.628125 0.5808333333333334 0.06125 0.055
19 0.704375 0.4133333333333334 0.04625 0.05666666666666667
19 0.691875 0.43333333333333335 0.03625 0.05
19 0.68125 0.45833333333333337 0.0325 0.05333333333333334
28 0.636875 0.45333333333333337 0.03125 0.05666666666666667
21 0.655625 0.4841666666666667 0.04875 0.06166666666666667
19 0.6012500000000001 0.4816666666666667 0.035 0.05666666666666667
24 0.5593750000000001 0.49083333333333334 0.04625 0.05166666666666667
24 0.5231250000000001 0.445 0.03875 0.05333333333333334
24 0.550625 0.4191666666666667 0.05375 0.055
19 0.5775 0.38 0.0325 0.043333333333333335
24 0.556875 0.35500000000000004 0.051250000000000004 0.05333333333333334
19 0.615 0.35250000000000004 0.04 0.045000000000000005
19 0.5925 0.3241666666666667 0.0325 0.05166666666666667
19 0.64625 0.3216666666666667 0.04 0.04666666666666667
19 0.7156250000000001 0.35833333333333334 0.043750000000000004 0.05333333333333334
19 0.7418750000000001 0.2966666666666667 0.03875 0.04
19 0.721875 0.2575 0.03625 0.04166666666666667
24 0.69125 0.3091666666666667 0.045 0.055
19 0.70125 0.2758333333333334 0.045 0.045000000000000005
19 0.624375 0.2808333333333333 0.03625 0.04166666666666667
19 0.64875 0.2566666666666667 0.0325 0.043333333333333335
24 0.661875 0.28583333333333333 0.03625 0.055
24 0.625 0.20916666666666667 0.04 0.04166666666666667
24 0.56375 0.22166666666666668 0.0425 0.05333333333333334
19 0.561875 0.18416666666666667 0.03625 0.03833333333333334
19 0.539375 0.17333333333333334 0.03625 0.04
19 0.508125 0.22333333333333336 0.03625 0.03666666666666667
11 0.41875 0.17083333333333334 0.035 0.058333333333333334
11 0.39 0.19666666666666668 0.0375 0.05333333333333334
11 0.3375 0.2783333333333334 0.035 0.06333333333333334
11 0.42625 0.38833333333333336 0.0425 0.05333333333333334
11 0.46625 0.35750000000000004 0.0425 0.03833333333333334
11 0.515 0.29000000000000004 0.0525 0.043333333333333335
11 0.469375 0.33 0.04125 0.04
11 0.4675 0.36333333333333334 0.045 0.03666666666666667
11 0.24625 0.5491666666666667 0.0375 0.04833333333333334
11 0.234375 0.6416666666666667 0.03875 0.05333333333333334
11 0.256875 0.6516666666666667 0.03625 0.06333333333333334
11 0.314375 0.7933333333333333 0.03625 0.04666666666666667
11 0.43125 0.7175 0.03 0.04833333333333334
11 0.506875 0.8375 0.02625 0.045000000000000005
24 0.474375 0.8241666666666667 0.043750000000000004 0.05166666666666667
11 0.624375 0.8325 0.03875 0.04166666666666667
11 0.604375 0.6866666666666668 0.03625 0.05
11 0.628125 0.615 0.04625 0.05
11 0.5856250000000001 0.6275000000000001 0.04875 0.04166666666666667
11 0.535 0.5983333333333334 0.0425 0.05
11 0.5075000000000001 0.5041666666666667 0.035 0.058333333333333334
11 0.5175 0.5466666666666667 0.04 0.043333333333333335
11 0.56 0.5441666666666667 0.035 0.04833333333333334
11 0.5975 0.5583333333333333 0.0325 0.04666666666666667
11 0.605 0.5175000000000001 0.0425 0.05166666666666667
11 0.678125 0.4991666666666667 0.03375 0.04833333333333334
11 0.714375 0.49333333333333335 0.03875 0.04666666666666667
11 0.7175 0.465 0.0425 0.05333333333333334
11 0.584375 0.24166666666666667 0.03625 0.04
