27 0.40625 0.33083333333333337 0.04 0.06166666666666667
27 0.463125 0.2675 0.02875 0.065
27 0.48625 0.30583333333333335 0.03 0.065
27 0.49312500000000004 0.22666666666666668 0.04875 0.060000000000000005
27 0.603125 0.36333333333333334 0.03875 0.06666666666666667
27 0.6325000000000001 0.35083333333333333 0.04 0.07833333333333334
27 0.60375 0.4441666666666667 0.0425 0.06833333333333334
27 0.42875 0.5916666666666667 0.0475 0.060000000000000005
27 0.43125 0.6366666666666667 0.06 0.05333333333333334
27 0.64 0.5875 0.0425 0.07833333333333334
27 0.39375 0.8925000000000001 0.055 0.055
27 0.8356250000000001 0.6033333333333334 0.043750000000000004 0.07333333333333333
11 0.810625 0.5175000000000001 0.04875 0.06166666666666667
27 0.75875 0.4575 0.05 0.055
27 0.755625 0.3875 0.04875 0.055
27 0.8475 0.37333333333333335 0.04 0.07333333333333333
19 0.541875 0.08583333333333334 0.04125 0.04166666666666667
19 0.325625 0.3041666666666667 0.04625 0.065
19 0.20375000000000001 0.4191666666666667 0.045 0.065
18 0.43625 0.1391666666666667 0.035 0.045000000000000005
18 0.4 0.18666666666666668 0.0375 0.03333333333333333
18 0.36312500000000003 0.21500000000000002 0.02375 0.03333333333333333
18 0.37875000000000003 0.2325 0.0225 0.04166666666666667
18 0.51625 0.2841666666666667 0.03 0.03166666666666667
18 0.445 0.3091666666666667 0.0275 0.03833333333333334
18 0.45875 0.3241666666666667 0.0225 0.045000000000000005
18 0.38125000000000003 0.3191666666666667 0.025 0.04166666666666667
18 0.404375 0.3975 0.02625 0.05166666666666667
18 0.548125 0.4066666666666667 0.02375 0.04
18 0.47125 0.4716666666666667 0.03 0.03333333333333333
26 0.483125 0.4916666666666667 0.03375 0.04
26 0.39937500000000004 0.4491666666666667 0.03125 0.028333333333333335
18 0.3325 0.5058333333333334 0.0275 0.04833333333333334
26 0.38 0.6408333333333334 0.0325 0.05166666666666667
26 0.575625 0.5116666666666667 0.02125 0.04
26 0.56 0.555 0.0225 0.043333333333333335
18 0.584375 0.6708333333333334 0.03125 0.04166666666666667
18 0.489375 0.6608333333333334 0.02125 0.035
18 0.375625 0.7675000000000001 0.03375 0.055
18 0.464375 0.7083333333333334 0.02375 0.043333333333333335
26 0.46625 0.7525000000000001 0.04 0.035
19 0.54625 0.7758333333333334 0.0575 0.06833333333333334
26 0.7056250000000001 0.5908333333333333 0.03625 0.03166666666666667
26 0.6793750000000001 0.55 0.02625 0.04666666666666667
18 0.7106250000000001 0.48000000000000004 0.02875 0.03333333333333333
18 0.689375 0.42750000000000005 0.02375 0.03833333333333334
26 0.70875 0.4033333333333334 0.03 0.03333333333333333
26 0.698125 0.375 0.03375 0.03666666666666667
18 0.67875 0.3175 0.025 0.035
