11 0.0725 0.7283333333333334 0.0525 0.07666666666666667
11 0.18937500000000002 0.9208333333333334 0.051250000000000004 0.085
11 0.49875 0.51 0.0625 0.09666666666666668
11 0.6925 0.7433333333333334 0.0575 0.1
11 0.9187500000000001 0.24750000000000003 0.0475 0.07833333333333334
18 0.38 0.0625 0.0375 0.04833333333333334
18 0.46375 0.06416666666666668 0.0425 0.04833333333333334
18 0.37875000000000003 0.16416666666666668 0.0275 0.058333333333333334
18 0.145 0.14666666666666667 0.0225 0.04666666666666667
18 0.17250000000000001 0.255 0.03 0.043333333333333335
18 0.40125 0.305 0.04 0.04666666666666667
