20 0.42312500000000003 0.24000000000000002 0.043750000000000004 0.060000000000000005
20 0.473125 0.22 0.05625 0.05
26 0.52125 0.20583333333333334 0.0325 0.04166666666666667
30 0.375 0.33333333333333337 0.0525 0.05
23 0.426875 0.35833333333333334 0.06125 0.06333333333333334
18 0.381875 0.4141666666666667 0.03375 0.05166666666666667
20 0.23750000000000002 0.4316666666666667 0.035 0.05
20 0.18375 0.4266666666666667 0.0375 0.04666666666666667
20 0.335625 0.6691666666666667 0.05625 0.04833333333333334
20 0.500625 0.7050000000000001 0.03875 0.060000000000000005
18 0.226875 0.47000000000000003 0.03125 0.043333333333333335
18 0.25375000000000003 0.5075000000000001 0.03 0.05166666666666667
23 0.31375000000000003 0.47500000000000003 0.03 0.06666666666666667
24 0.346875 0.47250000000000003 0.07375 0.07833333333333334
23 0.47000000000000003 0.5458333333333334 0.0475 0.06166666666666667
18 0.4175 0.5833333333333334 0.035 0.06333333333333334
20 0.356875 0.6208333333333333 0.06375 0.05166666666666667
18 0.45687500000000003 0.7658333333333334 0.03625 0.05166666666666667
18 0.468125 0.8141666666666667 0.03625 0.03166666666666667
23 0.67875 0.42750000000000005 0.0425 0.05166666666666667
