19 0.381875 0.14333333333333334 0.03875 0.03666666666666667
19 0.301875 0.17583333333333334 0.03375 0.06833333333333334
11 0.35375 0.17916666666666667 0.04 0.03166666666666667
19 0.345625 0.23083333333333333 0.04125 0.045000000000000005
19 0.315625 0.2325 0.02875 0.065
19 0.1775 0.41000000000000003 0.045 0.04666666666666667
19 0.280625 0.4941666666666667 0.03625 0.06166666666666667
19 0.233125 0.5416666666666667 0.04125 0.05
19 0.19875 0.5366666666666667 0.035 0.05
19 0.203125 0.4941666666666667 0.02875 0.04166666666666667
19 0.281875 0.4541666666666667 0.03625 0.035
19 0.355625 0.66 0.03875 0.05
19 0.273125 0.6766666666666667 0.03625 0.05333333333333334
18 0.30125 0.6358333333333334 0.03 0.028333333333333335
19 0.4625 0.7150000000000001 0.04 0.05333333333333334
19 0.3825 0.7400000000000001 0.0425 0.05
19 0.451875 0.77 0.04125 0.04666666666666667
19 0.42562500000000003 0.8133333333333334 0.051250000000000004 0.05
19 0.374375 0.8141666666666667 0.051250000000000004 0.03833333333333334
19 0.5125 0.7783333333333334 0.0475 0.04
19 0.48625 0.7716666666666667 0.0325 0.04666666666666667
18 0.44625000000000004 0.7058333333333334 0.025 0.045000000000000005
19 0.56875 0.7691666666666667 0.04 0.05166666666666667
19 0.55375 0.7075 0.0375 0.04166666666666667
19 0.5875 0.7025 0.0325 0.05166666666666667
19 0.42875 0.89 0.045 0.05
19 0.596875 0.8358333333333334 0.03375 0.058333333333333334
21 0.594375 0.785 0.051250000000000004 0.06333333333333334
19 0.631875 0.75 0.03375 0.05333333333333334
19 0.64 0.7708333333333334 0.0425 0.055
18 0.66625 0.765 0.02 0.03333333333333333
19 0.6575 0.6825 0.04 0.04833333333333334
19 0.579375 0.6466666666666667 0.04125 0.04
19 0.540625 0.6591666666666667 0.03875 0.04166666666666667
19 0.55 0.6166666666666667 0.045 0.05666666666666667
19 0.76875 0.7166666666666667 0.035 0.060000000000000005
18 0.776875 0.6775 0.02125 0.03166666666666667
19 0.748125 0.6841666666666667 0.02875 0.05166666666666667
19 0.729375 0.7075 0.03125 0.045000000000000005
19 0.71 0.68 0.0275 0.05
19 0.68625 0.6616666666666667 0.0325 0.043333333333333335
21 0.714375 0.6358333333333334 0.051250000000000004 0.06833333333333334
19 0.7525000000000001 0.6108333333333333 0.04 0.045000000000000005
11 0.775625 0.5325000000000001 0.03375 0.03166666666666667
19 0.703125 0.5033333333333334 0.04875 0.05333333333333334
19 0.705 0.46416666666666667 0.0275 0.045000000000000005
19 0.62625 0.44583333333333336 0.0425 0.058333333333333334
19 0.7325 0.375 0.0375 0.03666666666666667
19 0.704375 0.36333333333333334 0.04125 0.05
19 0.666875 0.33083333333333337 0.04125 0.045000000000000005
19 0.68625 0.24333333333333335 0.03 0.04666666666666667
19 0.61375 0.2791666666666667 0.0425 0.04833333333333334
19 0.57625 0.29500000000000004 0.0325 0.05333333333333334
19 0.515625 0.21500000000000002 0.03125 0.04666666666666667
19 0.425 0.41833333333333333 0.045 0.05
