19 0.28875 0.18083333333333335 0.0325 0.058333333333333334
19 0.26937500000000003 0.20333333333333334 0.03625 0.043333333333333335
19 0.276875 0.2366666666666667 0.03625 0.05
19 0.304375 0.255 0.03375 0.07333333333333333
19 0.264375 0.34833333333333333 0.04125 0.060000000000000005
28 0.330625 0.28833333333333333 0.04875 0.06333333333333334
28 0.4325 0.17083333333333334 0.0425 0.045000000000000005
19 0.3975 0.25333333333333335 0.0375 0.04666666666666667
19 0.393125 0.2866666666666667 0.03125 0.05333333333333334
24 0.51125 0.19416666666666668 0.04 0.04166666666666667
19 0.51625 0.24333333333333335 0.045 0.07666666666666667
19 0.47875 0.2758333333333334 0.04 0.065
11 0.54 0.2775 0.04 0.03833333333333334
19 0.455625 0.3741666666666667 0.03375 0.06166666666666667
19 0.225625 0.4891666666666667 0.03375 0.058333333333333334
19 0.21625 0.5583333333333333 0.04 0.05
24 0.26 0.6083333333333334 0.0475 0.05666666666666667
24 0.295625 0.7533333333333334 0.04125 0.05
19 0.45375 0.5750000000000001 0.035 0.05333333333333334
19 0.43625 0.6025 0.0375 0.055
19 0.4225 0.6408333333333334 0.045 0.05166666666666667
19 0.49375 0.6741666666666667 0.03 0.04166666666666667
19 0.48375 0.6483333333333334 0.0325 0.05
19 0.38 0.7225 0.035 0.055
19 0.359375 0.7683333333333334 0.03875 0.04666666666666667
19 0.3825 0.7741666666666667 0.0325 0.04833333333333334
19 0.42 0.7708333333333334 0.045 0.05166666666666667
19 0.41500000000000004 0.8033333333333333 0.0425 0.05333333333333334
19 0.409375 0.8250000000000001 0.051250000000000004 0.043333333333333335
19 0.413125 0.8825000000000001 0.04625 0.04166666666666667
19 0.48625 0.7908333333333334 0.0375 0.058333333333333334
19 0.511875 0.7891666666666667 0.04125 0.045000000000000005
19 0.498125 0.8775000000000001 0.03625 0.04166666666666667
19 0.520625 0.8341666666666667 0.04125 0.03833333333333334
24 0.55625 0.8033333333333333 0.0425 0.05333333333333334
19 0.618125 0.8683333333333334 0.03625 0.03666666666666667
19 0.676875 0.8183333333333334 0.03625 0.04
19 0.6725 0.76 0.035 0.05
19 0.6875 0.7308333333333333 0.035 0.045000000000000005
19 0.714375 0.6891666666666667 0.03875 0.045000000000000005
19 0.709375 0.7341666666666667 0.02625 0.03833333333333334
19 0.72375 0.7475 0.0325 0.05166666666666667
19 0.598125 0.8375 0.03875 0.04166666666666667
19 0.614375 0.805 0.03125 0.043333333333333335
19 0.64 0.7466666666666667 0.035 0.04
19 0.531875 0.7400000000000001 0.03625 0.04666666666666667
19 0.564375 0.7458333333333333 0.02625 0.045000000000000005
19 0.59375 0.7350000000000001 0.035 0.043333333333333335
19 0.608125 0.7608333333333334 0.03375 0.04166666666666667
19 0.6175 0.7000000000000001 0.035 0.043333333333333335
19 0.514375 0.5808333333333334 0.03375 0.04833333333333334
19 0.5493750000000001 0.5900000000000001 0.03375 0.03666666666666667
19 0.5337500000000001 0.6475000000000001 0.04 0.035
19 0.539375 0.6975 0.02875 0.04833333333333334
19 0.581875 0.6666666666666667 0.02875 0.04666666666666667
19 0.589375 0.6066666666666667 0.03875 0.06333333333333334
19 0.626875 0.6416666666666667 0.03625 0.03666666666666667
19 0.6218750000000001 0.62 0.03375 0.03333333333333333
19 0.670625 0.6533333333333333 0.03375 0.043333333333333335
19 0.655 0.6583333333333333 0.0325 0.04
19 0.735625 0.6125 0.02875 0.045000000000000005
19 0.6925 0.6091666666666667 0.04 0.058333333333333334
19 0.6950000000000001 0.5616666666666666 0.0275 0.04
19 0.680625 0.5341666666666667 0.03875 0.04833333333333334
19 0.70375 0.49083333333333334 0.04 0.045000000000000005
19 0.75 0.5233333333333333 0.0325 0.06666666666666667
19 0.676875 0.42000000000000004 0.04625 0.04666666666666667
19 0.7368750000000001 0.4366666666666667 0.04125 0.05666666666666667
19 0.749375 0.3891666666666667 0.04625 0.045000000000000005
19 0.7325 0.3591666666666667 0.0375 0.055
19 0.7075 0.3566666666666667 0.04 0.05333333333333334
19 0.725 0.2808333333333333 0.035 0.058333333333333334
24 0.670625 0.33666666666666667 0.03875 0.060000000000000005
24 0.665625 0.22166666666666668 0.04625 0.06666666666666667
24 0.576875 0.3825 0.051250000000000004 0.045000000000000005
28 0.564375 0.3441666666666667 0.051250000000000004 0.05166666666666667
11 0.526875 0.8675 0.03375 0.04166666666666667
11 0.633125 0.7908333333333334 0.03875 0.058333333333333334
11 0.568125 0.6950000000000001 0.04125 0.04666666666666667
11 0.44875 0.6941666666666667 0.0375 0.04166666666666667
11 0.3625 0.5933333333333334 0.0375 0.043333333333333335
11 0.22062500000000002 0.6983333333333334 0.03625 0.04666666666666667
11 0.615 0.5383333333333333 0.05 0.043333333333333335
11 0.7175 0.5650000000000001 0.0325 0.060000000000000005
11 0.719375 0.4575 0.02875 0.055
11 0.613125 0.45583333333333337 0.03625 0.055
11 0.53125 0.43833333333333335 0.04 0.05333333333333334
11 0.405 0.4666666666666667 0.035 0.04666666666666667
11 0.24875 0.42833333333333334 0.0525 0.05666666666666667
11 0.42125 0.2575 0.0375 0.06166666666666667
11 0.600625 0.27 0.04125 0.060000000000000005
11 0.630625 0.28833333333333333 0.03375 0.05
11 0.656875 0.28500000000000003 0.03875 0.05
11 0.63625 0.33666666666666667 0.0475 0.06333333333333334
11 0.69375 0.31 0.0375 0.05333333333333334
11 0.629375 0.18333333333333335 0.02875 0.030000000000000002
