26 0.3225 0.225 0.0325 0.03333333333333333
23 0.70125 0.42083333333333334 0.0325 0.05166666666666667
23 0.76375 0.5041666666666667 0.0375 0.06833333333333334
23 0.71875 0.525 0.0325 0.05333333333333334
23 0.668125 0.5258333333333334 0.03625 0.04166666666666667
23 0.619375 0.5 0.03375 0.05333333333333334
20 0.633125 0.5841666666666667 0.03125 0.045000000000000005
20 0.6637500000000001 0.3091666666666667 0.0325 0.04166666666666667
18 0.546875 0.35333333333333333 0.02625 0.03333333333333333
22 0.635625 0.7300000000000001 0.03125 0.030000000000000002
22 0.52625 0.7658333333333334 0.02 0.04166666666666667
