30 0.416875 0.32333333333333336 0.02875 0.05666666666666667
26 0.473125 0.43000000000000005 0.03875 0.030000000000000002
18 0.550625 0.15833333333333335 0.03125 0.03333333333333333
30 0.5825 0.14916666666666667 0.0525 0.05166666666666667
26 0.615625 0.10833333333333334 0.043750000000000004 0.05333333333333334
30 0.51625 0.13083333333333333 0.0375 0.058333333333333334
20 0.405 0.13333333333333333 0.0425 0.05666666666666667
18 0.7156250000000001 0.115 0.02625 0.04666666666666667
20 0.7125 0.25916666666666666 0.04 0.035
30 0.7156250000000001 0.30583333333333335 0.03875 0.06166666666666667
26 0.75 0.2816666666666667 0.0375 0.030000000000000002
