11 0.286875 0.10166666666666667 0.05625 0.07666666666666667
11 0.213125 0.3741666666666667 0.051250000000000004 0.09833333333333334
11 0.37125 0.23 0.0475 0.08666666666666667
11 0.39937500000000004 0.2758333333333334 0.05375 0.09166666666666667
11 0.45125 0.3766666666666667 0.0475 0.10333333333333335
11 0.6793750000000001 0.3408333333333334 0.058750000000000004 0.09833333333333334
11 0.365 0.5541666666666667 0.0675 0.07166666666666667
11 0.383125 0.6366666666666667 0.058750000000000004 0.08
11 0.763125 0.6175 0.051250000000000004 0.08166666666666667
11 0.933125 0.22083333333333335 0.043750000000000004 0.07166666666666667
11 0.951875 0.28583333333333333 0.04625 0.06833333333333334
18 0.63625 0.17333333333333334 0.0425 0.05333333333333334
18 0.323125 0.5175000000000001 0.03875 0.045000000000000005
