19 0.400625 0.13833333333333334 0.04625 0.03333333333333333
19 0.325625 0.2833333333333333 0.02875 0.05
19 0.2925 0.30333333333333334 0.04 0.05333333333333334
19 0.55875 0.1875 0.0275 0.04166666666666667
19 0.6425 0.2366666666666667 0.03 0.07333333333333333
19 0.575625 0.24333333333333335 0.02875 0.05
19 0.57625 0.3066666666666667 0.04 0.060000000000000005
19 0.6637500000000001 0.36250000000000004 0.0475 0.058333333333333334
19 0.7468750000000001 0.3816666666666667 0.02625 0.043333333333333335
19 0.756875 0.43500000000000005 0.02375 0.05
19 0.675625 0.43250000000000005 0.02875 0.058333333333333334
19 0.6843750000000001 0.47750000000000004 0.03625 0.05166666666666667
19 0.5725 0.44583333333333336 0.0425 0.04833333333333334
28 0.64125 0.4591666666666667 0.04 0.065
21 0.529375 0.41833333333333333 0.05375 0.08
19 0.63 0.4941666666666667 0.0325 0.045000000000000005
19 0.620625 0.5225000000000001 0.03875 0.03833333333333334
28 0.699375 0.5275000000000001 0.04125 0.055
19 0.73875 0.5675 0.0375 0.045000000000000005
19 0.686875 0.6133333333333334 0.03625 0.05
19 0.6900000000000001 0.6683333333333333 0.0475 0.043333333333333335
19 0.70625 0.6933333333333334 0.0525 0.05333333333333334
19 0.638125 0.6958333333333334 0.043750000000000004 0.04833333333333334
19 0.63 0.6775 0.0375 0.035
19 0.57125 0.6125 0.0425 0.06166666666666667
18 0.6062500000000001 0.6591666666666667 0.025 0.03166666666666667
21 0.641875 0.6383333333333334 0.051250000000000004 0.06333333333333334
28 0.5437500000000001 0.645 0.035 0.07
19 0.666875 0.7791666666666667 0.043750000000000004 0.055
19 0.59375 0.795 0.0325 0.03666666666666667
19 0.556875 0.7633333333333334 0.03125 0.043333333333333335
19 0.525625 0.7508333333333334 0.03375 0.058333333333333334
24 0.45375 0.7075 0.0475 0.04166666666666667
24 0.46187500000000004 0.7558333333333334 0.043750000000000004 0.04166666666666667
19 0.49562500000000004 0.8325 0.03875 0.055
19 0.525 0.8333333333333334 0.03 0.04666666666666667
19 0.546875 0.8283333333333334 0.03375 0.04
19 0.515625 0.9033333333333334 0.03125 0.043333333333333335
19 0.445 0.8058333333333334 0.0375 0.04166666666666667
19 0.414375 0.8375 0.04875 0.045000000000000005
19 0.42625 0.7191666666666667 0.03 0.065
19 0.411875 0.6866666666666668 0.03375 0.05666666666666667
19 0.383125 0.7616666666666667 0.03625 0.03333333333333333
19 0.370625 0.7408333333333333 0.03875 0.045000000000000005
19 0.350625 0.7391666666666667 0.02625 0.04166666666666667
19 0.338125 0.6308333333333334 0.04125 0.055
19 0.19187500000000002 0.6341666666666667 0.04125 0.045000000000000005
19 0.25875 0.55 0.04 0.060000000000000005
19 0.37 0.5375000000000001 0.0375 0.04833333333333334
24 0.34500000000000003 0.49833333333333335 0.03 0.060000000000000005
