21 0.411875 0.18500000000000003 0.05375 0.060000000000000005
18 0.38125000000000003 0.14916666666666667 0.025 0.03166666666666667
28 0.468125 0.1625 0.03875 0.04833333333333334
19 0.531875 0.1875 0.04125 0.04166666666666667
19 0.51 0.2225 0.055 0.04166666666666667
18 0.565625 0.21666666666666667 0.02125 0.03333333333333333
18 0.450625 0.2675 0.02375 0.03166666666666667
18 0.515625 0.28 0.02375 0.04666666666666667
18 0.5437500000000001 0.25833333333333336 0.0475 0.04666666666666667
19 0.6475 0.25833333333333336 0.0475 0.04666666666666667
11 0.701875 0.23750000000000002 0.02875 0.04833333333333334
24 0.595625 0.26416666666666666 0.04625 0.04833333333333334
18 0.6587500000000001 0.22416666666666668 0.0275 0.035
18 0.6225 0.28 0.025 0.03333333333333333
18 0.726875 0.2816666666666667 0.02625 0.03333333333333333
19 0.6125 0.33 0.0375 0.043333333333333335
18 0.60375 0.36500000000000005 0.0275 0.03666666666666667
18 0.649375 0.36750000000000005 0.02875 0.025
18 0.73375 0.3383333333333334 0.0225 0.030000000000000002
18 0.693125 0.40750000000000003 0.02375 0.021666666666666667
18 0.6725 0.4166666666666667 0.025 0.030000000000000002
18 0.759375 0.4025 0.02375 0.03166666666666667
21 0.749375 0.43583333333333335 0.06125 0.06833333333333334
18 0.546875 0.44333333333333336 0.02875 0.02666666666666667
18 0.55 0.4658333333333334 0.025 0.025
18 0.62375 0.53 0.0275 0.03666666666666667
21 0.67 0.4766666666666667 0.055 0.07
24 0.7025 0.5 0.04 0.05666666666666667
18 0.76625 0.49500000000000005 0.025 0.02666666666666667
18 0.721875 0.5358333333333334 0.02625 0.035
19 0.754375 0.5875 0.03625 0.05166666666666667
20 0.7275 0.62 0.0225 0.03333333333333333
18 0.69625 0.5883333333333334 0.03 0.03333333333333333
18 0.678125 0.5741666666666667 0.02875 0.03833333333333334
18 0.68625 0.6125 0.025 0.021666666666666667
18 0.706875 0.6083333333333334 0.02375 0.030000000000000002
18 0.669375 0.6183333333333334 0.02625 0.03333333333333333
21 0.629375 0.6416666666666667 0.043750000000000004 0.07333333333333333
19 0.599375 0.6633333333333333 0.03875 0.05
19 0.57875 0.6183333333333334 0.0475 0.05333333333333334
19 0.575625 0.6966666666666667 0.03625 0.043333333333333335
19 0.58125 0.7233333333333334 0.0325 0.03666666666666667
18 0.625625 0.7291666666666667 0.03125 0.028333333333333335
18 0.603125 0.7883333333333333 0.01625 0.030000000000000002
24 0.6175 0.8041666666666667 0.045 0.045000000000000005
18 0.501875 0.7200000000000001 0.02375 0.023333333333333334
18 0.52125 0.7708333333333334 0.0225 0.028333333333333335
18 0.533125 0.7875000000000001 0.02125 0.03166666666666667
18 0.529375 0.8158333333333334 0.02625 0.03166666666666667
24 0.45625 0.8241666666666667 0.05 0.058333333333333334
19 0.45 0.7258333333333333 0.0275 0.045000000000000005
19 0.426875 0.8166666666666668 0.03125 0.043333333333333335
18 0.445625 0.8716666666666667 0.02375 0.030000000000000002
18 0.443125 0.8908333333333334 0.03125 0.025
18 0.40625 0.8325 0.0175 0.028333333333333335
18 0.42562500000000003 0.8516666666666667 0.01875 0.02666666666666667
18 0.374375 0.8608333333333333 0.02375 0.028333333333333335
18 0.340625 0.8041666666666667 0.02375 0.025
19 0.3725 0.9025000000000001 0.035 0.045000000000000005
18 0.3875 0.7183333333333334 0.025 0.016666666666666666
18 0.270625 0.8041666666666667 0.02375 0.028333333333333335
19 0.304375 0.8425 0.02375 0.04166666666666667
19 0.284375 0.7883333333333333 0.03375 0.05666666666666667
19 0.27375 0.7516666666666667 0.035 0.04
18 0.23750000000000002 0.7341666666666667 0.025 0.018333333333333333
24 0.33 0.6516666666666667 0.04 0.05666666666666667
11 0.225625 0.5916666666666667 0.02375 0.05666666666666667
18 0.213125 0.61 0.01875 0.030000000000000002
18 0.239375 0.47750000000000004 0.02375 0.03166666666666667
