27 0.22375 0.24000000000000002 0.045 0.06333333333333334
27 0.33375 0.15916666666666668 0.0525 0.04833333333333334
27 0.441875 0.07500000000000001 0.03875 0.06666666666666667
27 0.3325 0.4466666666666667 0.045 0.06333333333333334
27 0.45125 0.41000000000000003 0.03 0.07666666666666667
27 0.528125 0.10333333333333335 0.03125 0.06333333333333334
27 0.565625 0.16 0.04875 0.06333333333333334
27 0.5906250000000001 0.23333333333333334 0.04875 0.05
27 0.63625 0.2725 0.04 0.07166666666666667
27 0.813125 0.3416666666666667 0.04125 0.060000000000000005
27 0.77375 0.6058333333333333 0.0425 0.07500000000000001
27 0.67625 0.8516666666666667 0.05 0.05333333333333334
27 0.749375 0.7958333333333334 0.03625 0.06166666666666667
27 0.618125 0.5608333333333334 0.04875 0.058333333333333334
27 0.455 0.63 0.055 0.05666666666666667
27 0.276875 0.8816666666666667 0.04125 0.043333333333333335
27 0.48625 0.9316666666666668 0.0475 0.05666666666666667
27 0.535 0.9650000000000001 0.0575 0.05
11 0.728125 0.8350000000000001 0.04125 0.060000000000000005
11 0.558125 0.9158333333333334 0.05375 0.058333333333333334
11 0.491875 0.7483333333333334 0.05625 0.060000000000000005
11 0.375625 0.9383333333333334 0.04875 0.05333333333333334
11 0.605 0.6325000000000001 0.055 0.05166666666666667
11 0.659375 0.6108333333333333 0.05375 0.045000000000000005
11 0.765625 0.6891666666666667 0.051250000000000004 0.045000000000000005
11 0.56625 0.49583333333333335 0.0375 0.065
11 0.42 0.5675 0.035 0.06833333333333334
11 0.4925 0.38833333333333336 0.05 0.05333333333333334
11 0.75875 0.5458333333333334 0.05 0.045000000000000005
11 0.755 0.3875 0.035 0.058333333333333334
11 0.68625 0.3458333333333334 0.035 0.065
11 0.781875 0.2791666666666667 0.043750000000000004 0.04833333333333334
11 0.79625 0.24583333333333335 0.04 0.04166666666666667
11 0.758125 0.16666666666666669 0.03625 0.06666666666666667
11 0.548125 0.21583333333333335 0.051250000000000004 0.05166666666666667
11 0.17500000000000002 0.3866666666666667 0.0425 0.05666666666666667
11 0.165625 0.6133333333333334 0.03375 0.06666666666666667
11 0.2025 0.6333333333333334 0.05 0.05333333333333334
11 0.51 0.0325 0.055 0.045000000000000005
18 0.546875 0.0575 0.03125 0.03833333333333334
18 0.39 0.17083333333333334 0.0375 0.035
18 0.405 0.25583333333333336 0.0275 0.04833333333333334
18 0.581875 0.36083333333333334 0.03375 0.03166666666666667
18 0.5525 0.3775 0.0225 0.04833333333333334
18 0.665 0.44833333333333336 0.0275 0.04666666666666667
18 0.634375 0.4991666666666667 0.03125 0.045000000000000005
18 0.5856250000000001 0.4491666666666667 0.03125 0.045000000000000005
18 0.53 0.4816666666666667 0.0325 0.03333333333333333
18 0.5025000000000001 0.49833333333333335 0.025 0.03666666666666667
18 0.47125 0.5433333333333333 0.0275 0.03666666666666667
18 0.4975 0.5683333333333334 0.025 0.05
18 0.336875 0.3125 0.03375 0.035
18 0.38875 0.46416666666666667 0.0275 0.05166666666666667
18 0.145625 0.33 0.02625 0.03666666666666667
18 0.129375 0.3416666666666667 0.03125 0.04
18 0.22375 0.3458333333333334 0.0375 0.05166666666666667
18 0.3075 0.4391666666666667 0.025 0.03833333333333334
18 0.285625 0.4683333333333334 0.02625 0.03666666666666667
18 0.245625 0.465 0.03375 0.02666666666666667
18 0.3025 0.5366666666666667 0.025 0.05
18 0.316875 0.5491666666666667 0.02125 0.045000000000000005
18 0.154375 0.53 0.03625 0.03333333333333333
18 0.2475 0.6266666666666667 0.0225 0.04666666666666667
18 0.2775 0.65 0.035 0.04
18 0.3125 0.6158333333333333 0.03 0.05166666666666667
18 0.358125 0.68 0.03375 0.03666666666666667
18 0.3675 0.7075 0.0225 0.04166666666666667
18 0.306875 0.7366666666666667 0.02125 0.04666666666666667
18 0.390625 0.7050000000000001 0.03125 0.03666666666666667
18 0.39437500000000003 0.795 0.03125 0.03333333333333333
18 0.411875 0.8041666666666667 0.03375 0.04166666666666667
18 0.4625 0.7941666666666667 0.035 0.03166666666666667
18 0.4325 0.7508333333333334 0.025 0.04166666666666667
18 0.450625 0.7516666666666667 0.02375 0.043333333333333335
18 0.4675 0.8516666666666667 0.0275 0.043333333333333335
18 0.511875 0.8450000000000001 0.03125 0.04
18 0.39875 0.8683333333333334 0.0325 0.030000000000000002
18 0.401875 0.895 0.02875 0.03333333333333333
18 0.405 0.9325000000000001 0.0275 0.04166666666666667
18 0.615 0.9408333333333334 0.0325 0.028333333333333335
18 0.689375 0.8091666666666667 0.02625 0.04833333333333334
18 0.564375 0.655 0.03875 0.03666666666666667
18 0.659375 0.6508333333333334 0.03125 0.045000000000000005
18 0.714375 0.5266666666666667 0.02875 0.043333333333333335
18 0.793125 0.5275000000000001 0.03375 0.035
18 0.75625 0.5166666666666667 0.0225 0.05
18 0.779375 0.5116666666666667 0.02625 0.04
18 0.796875 0.48250000000000004 0.03375 0.05166666666666667
19 0.784375 0.42000000000000004 0.03875 0.06333333333333334
27 0.7225 0.375 0.04 0.07666666666666667
18 0.55875 0.4608333333333334 0.0225 0.04166666666666667
18 0.45687500000000003 0.49250000000000005 0.02625 0.03166666666666667
18 0.443125 0.5508333333333334 0.03125 0.035
18 0.734375 0.5775 0.02875 0.03166666666666667
18 0.7156250000000001 0.6058333333333333 0.03375 0.045000000000000005
18 0.69125 0.5808333333333334 0.0325 0.045000000000000005
18 0.845 0.5525 0.03 0.05166666666666667
18 0.694375 0.7725000000000001 0.02625 0.04166666666666667
18 0.375 0.9116666666666667 0.0325 0.043333333333333335
18 0.38375000000000004 0.8941666666666668 0.025 0.03166666666666667
18 0.139375 0.5983333333333334 0.03125 0.04666666666666667
18 0.344375 0.5658333333333334 0.02625 0.025
18 0.12125 0.5758333333333334 0.0175 0.04166666666666667
18 0.395625 0.5925 0.03375 0.04166666666666667
19 0.675625 0.8983333333333334 0.03875 0.04666666666666667
