19 0.306875 0.19083333333333335 0.03625 0.045000000000000005
19 0.255625 0.21583333333333335 0.02875 0.04166666666666667
24 0.256875 0.2758333333333334 0.03625 0.04833333333333334
24 0.336875 0.20833333333333334 0.03125 0.06666666666666667
19 0.41500000000000004 0.2275 0.0375 0.065
19 0.434375 0.17083333333333334 0.03375 0.05166666666666667
19 0.368125 0.29333333333333333 0.03125 0.04666666666666667
24 0.251875 0.35250000000000004 0.03375 0.05166666666666667
19 0.26937500000000003 0.4083333333333334 0.043750000000000004 0.05333333333333334
19 0.31 0.6383333333333334 0.0375 0.043333333333333335
19 0.408125 0.4608333333333334 0.03875 0.05166666666666667
19 0.39687500000000003 0.4941666666666667 0.04125 0.05166666666666667
19 0.4825 0.4591666666666667 0.035 0.05166666666666667
28 0.5275 0.6783333333333333 0.035 0.06666666666666667
19 0.65 0.8158333333333334 0.0375 0.04166666666666667
19 0.6950000000000001 0.7633333333333334 0.025 0.043333333333333335
19 0.661875 0.7083333333333334 0.03375 0.05
19 0.698125 0.7025 0.03875 0.04833333333333334
19 0.7175 0.6616666666666667 0.035 0.05333333333333334
19 0.6637500000000001 0.6033333333333334 0.0275 0.04666666666666667
23 0.6481250000000001 0.6591666666666667 0.04125 0.05166666666666667
19 0.756875 0.6441666666666667 0.02625 0.04166666666666667
19 0.769375 0.5583333333333333 0.03125 0.03666666666666667
24 0.719375 0.5816666666666667 0.043750000000000004 0.03666666666666667
19 0.725 0.55 0.0375 0.04666666666666667
19 0.723125 0.5158333333333334 0.03375 0.06166666666666667
19 0.740625 0.52 0.03375 0.05666666666666667
19 0.7525000000000001 0.48833333333333334 0.0375 0.05
24 0.67375 0.46166666666666667 0.035 0.05666666666666667
19 0.71375 0.44083333333333335 0.0325 0.045000000000000005
19 0.728125 0.405 0.03875 0.05666666666666667
19 0.76625 0.43083333333333335 0.0325 0.045000000000000005
19 0.758125 0.36750000000000005 0.03625 0.058333333333333334
19 0.5725 0.4691666666666667 0.0475 0.045000000000000005
19 0.5493750000000001 0.445 0.03625 0.043333333333333335
19 0.54 0.3925 0.055 0.04166666666666667
19 0.665625 0.26083333333333336 0.03625 0.045000000000000005
19 0.68 0.3591666666666667 0.035 0.05166666666666667
19 0.651875 0.3416666666666667 0.03125 0.05
19 0.7056250000000001 0.3125 0.03375 0.055
19 0.670625 0.3041666666666667 0.02625 0.05166666666666667
19 0.623125 0.25916666666666666 0.03375 0.03833333333333334
19 0.68 0.20583333333333334 0.0375 0.04166666666666667
19 0.594375 0.195 0.04125 0.04
19 0.589375 0.21916666666666668 0.03625 0.03833333333333334
19 0.5075000000000001 0.3016666666666667 0.0325 0.04666666666666667
19 0.544375 0.18250000000000002 0.04125 0.05166666666666667
19 0.541875 0.22583333333333336 0.043750000000000004 0.045000000000000005
19 0.50375 0.24166666666666667 0.0325 0.05333333333333334
19 0.476875 0.24750000000000003 0.03125 0.04833333333333334
19 0.43625 0.28750000000000003 0.0325 0.04833333333333334
19 0.450625 0.25916666666666666 0.03375 0.045000000000000005
19 0.39875 0.30833333333333335 0.0425 0.043333333333333335
11 0.283125 0.2016666666666667 0.02625 0.05
11 0.2975 0.2366666666666667 0.0275 0.04666666666666667
11 0.286875 0.27666666666666667 0.03875 0.04666666666666667
11 0.23 0.29583333333333334 0.0375 0.04166666666666667
11 0.20500000000000002 0.3441666666666667 0.03 0.055
11 0.364375 0.2808333333333333 0.03125 0.058333333333333334
11 0.35875 0.3466666666666667 0.0325 0.05
11 0.274375 0.3791666666666667 0.03125 0.04166666666666667
11 0.239375 0.3866666666666667 0.03875 0.04666666666666667
11 0.18812500000000001 0.5133333333333334 0.03375 0.043333333333333335
11 0.4175 0.3433333333333334 0.0375 0.05333333333333334
11 0.46125 0.3241666666666667 0.035 0.04833333333333334
21 0.479375 0.3466666666666667 0.043750000000000004 0.05333333333333334
11 0.44375000000000003 0.23500000000000001 0.035 0.05666666666666667
11 0.4575 0.21083333333333334 0.035 0.045000000000000005
11 0.481875 0.20333333333333334 0.03875 0.04666666666666667
11 0.519375 0.18416666666666667 0.03125 0.055
11 0.514375 0.26583333333333337 0.03625 0.035
11 0.545 0.25583333333333336 0.035 0.045000000000000005
11 0.526875 0.2891666666666667 0.03625 0.03166666666666667
11 0.54 0.3216666666666667 0.035 0.04
11 0.5593750000000001 0.305 0.03375 0.05333333333333334
11 0.6025 0.35333333333333333 0.0375 0.03666666666666667
11 0.606875 0.31083333333333335 0.03625 0.04166666666666667
11 0.62875 0.3225 0.03 0.05166666666666667
11 0.586875 0.2833333333333333 0.02625 0.05
11 0.568125 0.24833333333333335 0.02875 0.05333333333333334
11 0.59 0.24500000000000002 0.03 0.043333333333333335
11 0.6481250000000001 0.30333333333333334 0.02375 0.05
11 0.681875 0.2891666666666667 0.02625 0.04833333333333334
11 0.7212500000000001 0.28833333333333333 0.0325 0.03333333333333333
11 0.690625 0.22916666666666669 0.03625 0.04166666666666667
11 0.7125 0.35333333333333333 0.0275 0.03666666666666667
11 0.738125 0.3666666666666667 0.02875 0.05
11 0.6925 0.385 0.035 0.04666666666666667
11 0.65375 0.36833333333333335 0.0325 0.05333333333333334
11 0.634375 0.39333333333333337 0.02625 0.05666666666666667
11 0.660625 0.4058333333333334 0.03375 0.04833333333333334
11 0.6925 0.4466666666666667 0.03 0.06333333333333334
11 0.756875 0.4391666666666667 0.02625 0.04833333333333334
11 0.77875 0.4758333333333334 0.0275 0.04833333333333334
11 0.65375 0.5066666666666667 0.045 0.043333333333333335
11 0.62625 0.43250000000000005 0.0375 0.05166666666666667
11 0.586875 0.43250000000000005 0.03625 0.04833333333333334
11 0.6168750000000001 0.4916666666666667 0.02875 0.06333333333333334
11 0.5962500000000001 0.49250000000000005 0.03 0.055
11 0.528125 0.43500000000000005 0.03375 0.05
11 0.765625 0.5841666666666667 0.02625 0.03833333333333334
11 0.761875 0.6116666666666667 0.03875 0.04
11 0.7475 0.6858333333333334 0.035 0.04166666666666667
11 0.699375 0.7300000000000001 0.03625 0.03666666666666667
11 0.6475 0.8383333333333334 0.0325 0.04
11 0.61375 0.6075 0.03 0.055
11 0.3975 0.8400000000000001 0.0375 0.043333333333333335
11 0.49875 0.8358333333333334 0.035 0.04833333333333334
11 0.5593750000000001 0.8141666666666667 0.02875 0.05166666666666667
11 0.578125 0.79 0.02375 0.04666666666666667
11 0.565625 0.7658333333333334 0.02875 0.05166666666666667
11 0.5275 0.6083333333333334 0.035 0.03333333333333333
11 0.50625 0.5891666666666667 0.035 0.04166666666666667
11 0.49062500000000003 0.5850000000000001 0.03875 0.05
11 0.5625 0.5558333333333334 0.0325 0.05166666666666667
11 0.52875 0.5458333333333334 0.0325 0.05166666666666667
11 0.5575 0.5041666666666667 0.0425 0.04166666666666667
11 0.498125 0.5383333333333333 0.03125 0.043333333333333335
11 0.47500000000000003 0.5233333333333333 0.03 0.04666666666666667
11 0.49312500000000004 0.4941666666666667 0.043750000000000004 0.045000000000000005
11 0.4575 0.4758333333333334 0.0275 0.05166666666666667
11 0.435 0.4716666666666667 0.0325 0.04666666666666667
11 0.404375 0.42500000000000004 0.043750000000000004 0.03666666666666667
11 0.36562500000000003 0.4666666666666667 0.02875 0.04666666666666667
11 0.36625 0.5258333333333334 0.0375 0.04833333333333334
11 0.3225 0.5900000000000001 0.0375 0.043333333333333335
11 0.33187500000000003 0.465 0.03125 0.05666666666666667
11 0.29875 0.4816666666666667 0.0375 0.05
11 0.408125 0.6158333333333333 0.02625 0.03833333333333334
11 0.416875 0.6583333333333333 0.03125 0.04
24 0.655625 0.2016666666666667 0.043750000000000004 0.03666666666666667
