11 0.45375 0.2516666666666667 0.05 0.09000000000000001
11 0.4625 0.43250000000000005 0.0525 0.07166666666666667
11 0.239375 0.5216666666666667 0.05625 0.060000000000000005
20 0.42812500000000003 0.06166666666666667 0.043750000000000004 0.05
20 0.4925 0.0625 0.045 0.06166666666666667
28 0.4325 0.10500000000000001 0.06 0.08333333333333334
28 0.608125 0.18416666666666667 0.06125 0.08166666666666667
28 0.50125 0.24916666666666668 0.06 0.085
28 0.37375 0.21833333333333335 0.0625 0.09000000000000001
19 0.38125000000000003 0.6658333333333334 0.0725 0.08833333333333333
18 0.1675 0.5633333333333334 0.0425 0.060000000000000005
18 0.215 0.7325 0.04 0.065
21 0.284375 0.5616666666666666 0.06125 0.11333333333333334
