27 0.238125 0.8475 0.04125 0.06166666666666667
27 0.45625 0.7083333333333334 0.045 0.06666666666666667
27 0.819375 0.5233333333333333 0.04875 0.05666666666666667
27 0.439375 0.4058333333333334 0.04875 0.065
27 0.829375 0.29333333333333333 0.043750000000000004 0.07666666666666667
27 0.735 0.21083333333333334 0.05 0.07500000000000001
11 0.676875 0.06916666666666667 0.04125 0.065
11 0.5075000000000001 0.325 0.0425 0.07333333333333333
26 0.420625 0.2916666666666667 0.02875 0.03333333333333333
26 0.39937500000000004 0.3541666666666667 0.03125 0.035
26 0.379375 0.31583333333333335 0.02125 0.03833333333333334
26 0.406875 0.165 0.03125 0.04
26 0.259375 0.3925 0.02625 0.035
26 0.270625 0.4733333333333334 0.02125 0.04
26 0.311875 0.5041666666666667 0.03375 0.03166666666666667
26 0.308125 0.5325000000000001 0.03375 0.03833333333333334
26 0.42 0.5900000000000001 0.0275 0.03333333333333333
26 0.263125 0.6491666666666667 0.01875 0.045000000000000005
26 0.380625 0.7075 0.03375 0.035
26 0.36312500000000003 0.7783333333333334 0.01875 0.043333333333333335
18 0.31375000000000003 0.6591666666666667 0.03 0.035
18 0.383125 0.7300000000000001 0.02375 0.030000000000000002
26 0.585 0.6325000000000001 0.04 0.04166666666666667
19 0.67375 0.6425000000000001 0.045 0.058333333333333334
