11 0.3825 0.1716666666666667 0.025 0.05666666666666667
11 0.445625 0.14833333333333334 0.02625 0.04666666666666667
11 0.514375 0.2775 0.03625 0.05166666666666667
11 0.5325 0.24333333333333335 0.0375 0.04
11 0.51125 0.5341666666666667 0.0425 0.045000000000000005
11 0.35375 0.7625000000000001 0.0275 0.058333333333333334
11 0.576875 0.8366666666666667 0.02375 0.043333333333333335
11 0.6025 0.48000000000000004 0.025 0.04666666666666667
11 0.59125 0.45333333333333337 0.0375 0.04666666666666667
11 0.6075 0.3541666666666667 0.035 0.05166666666666667
11 0.714375 0.3116666666666667 0.03375 0.05666666666666667
27 0.585 0.6041666666666667 0.035 0.06166666666666667
27 0.52625 0.7591666666666668 0.025 0.055
27 0.31125 0.3983333333333334 0.045 0.04666666666666667
22 0.374375 0.2516666666666667 0.01625 0.013333333333333334
22 0.42812500000000003 0.34500000000000003 0.01625 0.023333333333333334
22 0.53 0.37000000000000005 0.0125 0.02666666666666667
22 0.47750000000000004 0.3766666666666667 0.0175 0.016666666666666666
22 0.526875 0.45333333333333337 0.01875 0.013333333333333334
22 0.416875 0.43583333333333335 0.01875 0.015000000000000001
22 0.42375 0.4691666666666667 0.0175 0.015000000000000001
22 0.315625 0.47500000000000003 0.01375 0.013333333333333334
22 0.358125 0.4783333333333334 0.01375 0.013333333333333334
22 0.279375 0.5091666666666667 0.00875 0.025
22 0.268125 0.5466666666666667 0.00875 0.02
22 0.230625 0.6366666666666667 0.01875 0.013333333333333334
22 0.414375 0.5633333333333334 0.01625 0.016666666666666666
22 0.40875 0.5816666666666667 0.0175 0.023333333333333334
22 0.439375 0.5816666666666667 0.01625 0.013333333333333334
22 0.486875 0.6316666666666667 0.01125 0.02666666666666667
22 0.405625 0.7175 0.01125 0.025
22 0.659375 0.6391666666666667 0.01375 0.021666666666666667
22 0.67125 0.7516666666666667 0.0175 0.016666666666666666
22 0.548125 0.7233333333333334 0.01625 0.016666666666666666
22 0.625 0.7608333333333334 0.01 0.028333333333333335
22 0.700625 0.47500000000000003 0.01625 0.02
22 0.761875 0.5225000000000001 0.01375 0.021666666666666667
22 0.73 0.48500000000000004 0.0175 0.023333333333333334
22 0.60875 0.5908333333333333 0.01 0.025
22 0.515 0.5666666666666667 0.02 0.013333333333333334
22 0.440625 0.6983333333333334 0.01375 0.023333333333333334
22 0.475625 0.675 0.01625 0.016666666666666666
22 0.570625 0.6725000000000001 0.02375 0.021666666666666667
22 0.735 0.6133333333333334 0.0175 0.02
22 0.37375 0.5191666666666667 0.0225 0.015000000000000001
