0 0.623465 0.506677 0.052530 0.066999
0 0.610054 0.777623 0.064824 0.094978
0 0.494656 0.663133 0.074324 0.086877
0 0.680466 0.793821 0.061472 0.087615
0 0.682142 0.724979 0.053648 0.051539
0 0.691921 0.672337 0.059794 0.065528
0 0.842525 0.670864 0.060354 0.099394
0 0.651686 0.593188 0.057560 0.086877
1 0.583705 0.873287 0.049830 0.048472
1 0.844538 0.490125 0.061176 0.071723
0 0.734392 0.445568 0.060912 0.090561
0 0.639113 0.405441 0.067058 0.067736
0 0.533216 0.817381 0.053088 0.100870
1 0.767262 0.502333 0.030176 0.091887
9 0.881055 0.579780 0.036650 0.056456
0 0.684014 0.148273 0.060540 0.074137
0 0.700508 0.551939 0.061704 0.064422
