11 0.385 0.21000000000000002 0.05 0.04666666666666667
11 0.3825 0.3016666666666667 0.0375 0.06666666666666667
11 0.245625 0.4441666666666667 0.051250000000000004 0.045000000000000005
11 0.161875 0.5141666666666667 0.03375 0.06166666666666667
11 0.22125 0.5858333333333333 0.0475 0.05166666666666667
11 0.40750000000000003 0.6033333333333334 0.0575 0.04
11 0.434375 0.6891666666666667 0.051250000000000004 0.04833333333333334
11 0.484375 0.6991666666666667 0.04625 0.04833333333333334
11 0.71125 0.8333333333333334 0.035 0.05666666666666667
11 0.6793750000000001 0.8025000000000001 0.04625 0.035
11 0.698125 0.7608333333333334 0.05375 0.04166666666666667
11 0.771875 0.7208333333333333 0.05625 0.04166666666666667
11 0.54 0.6066666666666667 0.05 0.05
11 0.67375 0.5675 0.0425 0.058333333333333334
11 0.62 0.5025000000000001 0.0375 0.07166666666666667
11 0.44 0.5066666666666667 0.035 0.06333333333333334
11 0.550625 0.4916666666666667 0.03125 0.07
11 0.521875 0.4625 0.03875 0.06833333333333334
11 0.441875 0.4341666666666667 0.03875 0.07166666666666667
11 0.44 0.3566666666666667 0.0475 0.04666666666666667
11 0.45687500000000003 0.3841666666666667 0.04625 0.03833333333333334
11 0.4825 0.4091666666666667 0.0475 0.04833333333333334
11 0.52875 0.3383333333333334 0.0375 0.06666666666666667
11 0.6075 0.4116666666666667 0.055 0.05
11 0.489375 0.29333333333333333 0.05375 0.04666666666666667
11 0.69375 0.4575 0.0525 0.04166666666666667
11 0.49625 0.22666666666666668 0.04 0.05666666666666667
11 0.544375 0.2341666666666667 0.04625 0.03166666666666667
11 0.5525 0.27083333333333337 0.0475 0.04833333333333334
11 0.5775 0.305 0.0325 0.05666666666666667
11 0.610625 0.32916666666666666 0.03375 0.07500000000000001
11 0.516875 0.052500000000000005 0.03125 0.065
11 0.61375 0.06416666666666668 0.04 0.065
11 0.6168750000000001 0.10750000000000001 0.05375 0.04166666666666667
11 0.634375 0.135 0.03375 0.03666666666666667
11 0.555 0.16083333333333336 0.0425 0.04166666666666667
11 0.598125 0.14333333333333334 0.04125 0.04
11 0.565625 0.19666666666666668 0.03125 0.04666666666666667
11 0.59875 0.2066666666666667 0.0275 0.05666666666666667
11 0.624375 0.18333333333333335 0.02875 0.06333333333333334
11 0.638125 0.24500000000000002 0.03625 0.07333333333333333
11 0.671875 0.15666666666666668 0.043750000000000004 0.04666666666666667
11 0.659375 0.2 0.02875 0.06333333333333334
11 0.714375 0.17500000000000002 0.03375 0.060000000000000005
11 0.750625 0.18083333333333335 0.04875 0.035
11 0.7468750000000001 0.23750000000000002 0.03125 0.06833333333333334
11 0.7781250000000001 0.2325 0.02875 0.07166666666666667
11 0.70625 0.2325 0.0425 0.06833333333333334
11 0.806875 0.265 0.03125 0.05666666666666667
11 0.764375 0.29833333333333334 0.04625 0.04666666666666667
11 0.7275 0.29250000000000004 0.04 0.058333333333333334
11 0.711875 0.31833333333333336 0.05375 0.060000000000000005
11 0.726875 0.3841666666666667 0.03875 0.05166666666666667
11 0.78625 0.39 0.045 0.04
11 0.795625 0.4525 0.04125 0.055
11 0.828125 0.48333333333333334 0.03125 0.06333333333333334
18 0.30875 0.33416666666666667 0.0325 0.025
18 0.31 0.37333333333333335 0.02 0.03666666666666667
18 0.245 0.5266666666666667 0.03 0.030000000000000002
18 0.28250000000000003 0.6658333333333334 0.0225 0.045000000000000005
18 0.14125000000000001 0.5508333333333334 0.02 0.035
18 0.29625 0.8066666666666668 0.035 0.02666666666666667
18 0.420625 0.8450000000000001 0.03125 0.030000000000000002
18 0.433125 0.8700000000000001 0.02375 0.02666666666666667
18 0.47000000000000003 0.7633333333333334 0.0175 0.03666666666666667
18 0.525 0.7133333333333334 0.02 0.043333333333333335
18 0.548125 0.3875 0.03375 0.025
18 0.67625 0.685 0.03 0.03666666666666667
