26 0.295 0.305 0.045 0.03666666666666667
26 0.24875 0.40166666666666667 0.04 0.060000000000000005
26 0.420625 0.36250000000000004 0.02125 0.06166666666666667
26 0.18937500000000002 0.6808333333333334 0.03875 0.045000000000000005
26 0.24375 0.7191666666666667 0.045 0.04166666666666667
26 0.306875 0.8141666666666667 0.03375 0.05166666666666667
26 0.49625 0.18166666666666667 0.0475 0.05
26 0.680625 0.26916666666666667 0.043750000000000004 0.06166666666666667
26 0.540625 0.0475 0.03625 0.058333333333333334
26 0.468125 0.013333333333333334 0.03125 0.030000000000000002
