31 0.23500000000000001 0.055 0.0375 0.05
31 0.2 0.14 0.0375 0.060000000000000005
31 0.23500000000000001 0.09416666666666668 0.0375 0.04833333333333334
31 0.240625 0.14500000000000002 0.02375 0.06666666666666667
31 0.273125 0.11416666666666668 0.03625 0.055
31 0.34 0.14333333333333334 0.055 0.05333333333333334
31 0.095 0.33666666666666667 0.0275 0.07
31 0.109375 0.34750000000000003 0.03375 0.04833333333333334
31 0.155625 0.35750000000000004 0.043750000000000004 0.04166666666666667
31 0.163125 0.255 0.03625 0.05
31 0.175625 0.28750000000000003 0.03875 0.045000000000000005
31 0.20375000000000001 0.2758333333333334 0.04 0.045000000000000005
31 0.20375000000000001 0.385 0.0325 0.05333333333333334
31 0.21625 0.36583333333333334 0.0425 0.055
31 0.29375 0.21666666666666667 0.035 0.05
31 0.304375 0.29583333333333334 0.02125 0.06833333333333334
31 0.36375 0.35333333333333333 0.0275 0.05666666666666667
31 0.34 0.32833333333333337 0.0475 0.03333333333333333
31 0.336875 0.3016666666666667 0.04125 0.043333333333333335
31 0.35375 0.2791666666666667 0.0475 0.06166666666666667
31 0.4675 0.125 0.035 0.04666666666666667
31 0.47875 0.165 0.055 0.04666666666666667
31 0.485 0.2783333333333334 0.0275 0.06666666666666667
31 0.27187500000000003 0.3491666666666667 0.03875 0.03833333333333334
31 0.2625 0.37833333333333335 0.05 0.02666666666666667
31 0.28875 0.41250000000000003 0.0275 0.06166666666666667
31 0.420625 0.3816666666666667 0.03125 0.060000000000000005
31 0.421875 0.4366666666666667 0.051250000000000004 0.05666666666666667
31 0.4575 0.4008333333333334 0.055 0.04833333333333334
31 0.52875 0.4091666666666667 0.035 0.065
31 0.558125 0.38 0.03125 0.07
31 0.64375 0.11666666666666667 0.025 0.06333333333333334
31 0.6075 0.2066666666666667 0.0575 0.05
31 0.711875 0.15666666666666668 0.04875 0.05333333333333334
31 0.745 0.4708333333333334 0.025 0.07500000000000001
31 0.030625 0.5416666666666667 0.043750000000000004 0.04
31 0.10250000000000001 0.5750000000000001 0.0425 0.030000000000000002
31 0.23875000000000002 0.6191666666666668 0.0275 0.058333333333333334
31 0.33875 0.5825 0.0375 0.05166666666666667
31 0.301875 0.6208333333333333 0.043750000000000004 0.03166666666666667
31 0.32625 0.6316666666666667 0.04 0.05666666666666667
31 0.33625 0.6841666666666667 0.0475 0.035
31 0.274375 0.8083333333333333 0.03625 0.05666666666666667
31 0.338125 0.8341666666666667 0.02875 0.04833333333333334
31 0.376875 0.76 0.02625 0.06333333333333334
31 0.39937500000000004 0.7616666666666667 0.03125 0.060000000000000005
31 0.42 0.615 0.0475 0.05
31 0.44 0.6366666666666667 0.05 0.04
31 0.42625 0.6675000000000001 0.055 0.03833333333333334
31 0.445625 0.8316666666666667 0.04875 0.04
31 0.5337500000000001 0.6608333333333334 0.0475 0.05166666666666667
31 0.5275 0.6941666666666667 0.035 0.065
31 0.5725 0.7016666666666667 0.0225 0.06333333333333334
31 0.519375 0.7975000000000001 0.03375 0.055
31 0.525625 0.7475 0.03375 0.065
31 0.6325000000000001 0.6416666666666667 0.055 0.04
24 0.320625 0.3866666666666667 0.07625 0.08666666666666667
20 0.240625 0.5125000000000001 0.05375 0.058333333333333334
20 0.1775 0.5166666666666667 0.0475 0.05666666666666667
20 0.395625 0.5941666666666667 0.04875 0.055
20 0.200625 0.7366666666666667 0.051250000000000004 0.06666666666666667
20 0.285625 0.7458333333333333 0.04875 0.07833333333333334
23 0.309375 0.8091666666666667 0.07125000000000001 0.08166666666666667
24 0.43625 0.8700000000000001 0.0725 0.05666666666666667
18 0.3775 0.8358333333333334 0.05 0.058333333333333334
20 0.575625 0.5933333333333334 0.058750000000000004 0.06666666666666667
20 0.675625 0.445 0.05625 0.060000000000000005
20 0.80125 0.43583333333333335 0.05 0.06166666666666667
20 0.75375 0.6233333333333334 0.0425 0.060000000000000005
20 0.699375 0.6658333333333334 0.043750000000000004 0.085
