11 0.320625 0.155 0.04875 0.08666666666666667
11 0.1875 0.42250000000000004 0.05 0.085
11 0.305625 0.455 0.06125 0.06666666666666667
11 0.415625 0.4541666666666667 0.05625 0.08166666666666667
11 0.414375 0.5358333333333334 0.06375 0.08833333333333333
11 0.48375 0.5408333333333334 0.06 0.085
11 0.39187500000000003 0.64 0.06125 0.08
11 0.12562500000000001 0.8858333333333334 0.04625 0.07166666666666667
11 0.32 0.8991666666666667 0.07 0.06833333333333334
11 0.53125 0.81 0.0475 0.08
11 0.534375 0.6808333333333334 0.07625 0.07500000000000001
11 0.63 0.5800000000000001 0.05 0.09333333333333334
11 0.723125 0.7525000000000001 0.05375 0.10500000000000001
11 0.661875 0.8458333333333334 0.06125 0.055
11 0.693125 0.88 0.05375 0.07
11 0.958125 0.5133333333333334 0.051250000000000004 0.06666666666666667
