11 0.231875 0.12166666666666667 0.043750000000000004 0.09000000000000001
11 0.28250000000000003 0.14666666666666667 0.0475 0.08333333333333334
11 0.163125 0.2816666666666667 0.058750000000000004 0.06666666666666667
11 0.563125 0.2525 0.06125 0.06833333333333334
11 0.785625 0.025833333333333337 0.05375 0.04833333333333334
11 0.96375 0.30333333333333334 0.035 0.07666666666666667
11 0.92125 0.3766666666666667 0.0475 0.07
11 0.6531250000000001 0.39333333333333337 0.06375 0.06666666666666667
11 0.738125 0.42500000000000004 0.04875 0.09000000000000001
11 0.785625 0.47500000000000003 0.051250000000000004 0.06333333333333334
11 0.445 0.3016666666666667 0.0525 0.09666666666666668
11 0.49562500000000004 0.32833333333333337 0.051250000000000004 0.07666666666666667
11 0.536875 0.3541666666666667 0.04625 0.08166666666666667
11 0.53125 0.41583333333333333 0.0675 0.065
11 0.4 0.34750000000000003 0.05 0.10166666666666667
11 0.34 0.3416666666666667 0.0575 0.09000000000000001
11 0.338125 0.4 0.06125 0.06666666666666667
11 0.380625 0.43750000000000006 0.05375 0.058333333333333334
11 0.445 0.3866666666666667 0.06 0.07666666666666667
11 0.47875 0.43500000000000005 0.055 0.06666666666666667
11 0.19375 0.5775 0.0575 0.07166666666666667
11 0.25875 0.4941666666666667 0.0425 0.08833333333333333
11 0.28750000000000003 0.4841666666666667 0.0525 0.08833333333333333
11 0.32875 0.4658333333333334 0.065 0.06833333333333334
11 0.36625 0.5208333333333334 0.0575 0.065
11 0.404375 0.4866666666666667 0.06375 0.06333333333333334
11 0.44375000000000003 0.48250000000000004 0.0375 0.07166666666666667
11 0.47125 0.49000000000000005 0.0425 0.08333333333333334
11 0.5231250000000001 0.555 0.04125 0.09000000000000001
11 0.57125 0.56 0.0525 0.08666666666666667
11 0.624375 0.5683333333333334 0.043750000000000004 0.1
11 0.628125 0.51 0.058750000000000004 0.07333333333333333
11 0.6575 0.6275000000000001 0.05 0.085
11 0.678125 0.5850000000000001 0.04875 0.09333333333333334
11 0.77875 0.6025 0.0675 0.06833333333333334
11 0.761875 0.6758333333333334 0.04625 0.07833333333333334
11 0.20375000000000001 0.6433333333333334 0.0625 0.060000000000000005
11 0.07187500000000001 0.8216666666666668 0.04625 0.06666666666666667
11 0.20375000000000001 0.8075000000000001 0.06 0.065
11 0.32875 0.5541666666666667 0.05 0.06833333333333334
11 0.3025 0.6133333333333334 0.05 0.07333333333333333
11 0.34875 0.6066666666666667 0.06 0.06666666666666667
11 0.304375 0.6775 0.05625 0.05166666666666667
11 0.289375 0.7341666666666667 0.05375 0.07166666666666667
11 0.36 0.6625000000000001 0.06 0.055
11 0.414375 0.6225 0.043750000000000004 0.09166666666666667
11 0.46 0.6483333333333334 0.0575 0.08
11 0.40625 0.6958333333333334 0.06 0.06166666666666667
11 0.414375 0.7683333333333334 0.05625 0.08
11 0.39625 0.8075000000000001 0.0525 0.07500000000000001
11 0.3575 0.8658333333333333 0.07 0.05166666666666667
11 0.42312500000000003 0.8808333333333334 0.05375 0.06166666666666667
11 0.4675 0.8283333333333334 0.05 0.08666666666666667
11 0.50125 0.8425 0.06 0.065
11 0.573125 0.7908333333333334 0.07375 0.07166666666666667
11 0.58 0.665 0.0525 0.09666666666666668
11 0.88625 0.9025000000000001 0.0425 0.085
11 0.849375 0.9583333333333334 0.058750000000000004 0.06333333333333334
