27 0.30875 0.2758333333333334 0.0375 0.08833333333333333
20 0.25 0.33416666666666667 0.0425 0.055
20 0.28625 0.3816666666666667 0.04 0.06666666666666667
20 0.22625 0.37083333333333335 0.045 0.065
20 0.265 0.44333333333333336 0.0425 0.05
20 0.28625 0.44833333333333336 0.035 0.05
18 0.33 0.4166666666666667 0.0375 0.05333333333333334
30 0.230625 0.54 0.04625 0.05666666666666667
20 0.17250000000000001 0.5958333333333333 0.0575 0.058333333333333334
20 0.19125 0.64 0.025 0.05666666666666667
20 0.2125 0.6675000000000001 0.0425 0.05166666666666667
20 0.36 0.7491666666666668 0.05 0.04166666666666667
26 0.4025 0.7233333333333334 0.0275 0.060000000000000005
18 0.3075 0.6191666666666668 0.04 0.04833333333333334
30 0.46 0.56 0.0525 0.060000000000000005
30 0.473125 0.3516666666666667 0.058750000000000004 0.06666666666666667
19 0.446875 0.2541666666666667 0.051250000000000004 0.08166666666666667
20 0.453125 0.1991666666666667 0.04625 0.055
20 0.38125000000000003 0.17583333333333334 0.035 0.03833333333333334
18 0.3975 0.155 0.0375 0.03333333333333333
20 0.533125 0.25333333333333335 0.043750000000000004 0.1
20 0.555 0.04583333333333334 0.0425 0.06166666666666667
23 0.49062500000000003 0.050833333333333335 0.058750000000000004 0.05166666666666667
23 0.4925 0.10166666666666667 0.05 0.06333333333333334
20 0.721875 0.16083333333333336 0.04125 0.06166666666666667
20 0.6743750000000001 0.21333333333333335 0.043750000000000004 0.05
30 0.64 0.1875 0.035 0.045000000000000005
30 0.6118750000000001 0.33 0.04125 0.03666666666666667
18 0.7425 0.3425 0.03 0.035
18 0.78 0.30083333333333334 0.0325 0.05166666666666667
