18 0.464375 0.1275 0.03125 0.03833333333333334
26 0.468125 0.16083333333333336 0.03125 0.035
18 0.4025 0.2341666666666667 0.0375 0.045000000000000005
26 0.263125 0.21666666666666667 0.03125 0.04666666666666667
27 0.29375 0.1575 0.0475 0.07500000000000001
11 0.3325 0.12666666666666668 0.0575 0.05333333333333334
26 0.170625 0.4341666666666667 0.02625 0.04166666666666667
26 0.301875 0.42333333333333334 0.03625 0.03333333333333333
26 0.3575 0.405 0.03 0.04666666666666667
18 0.33187500000000003 0.4466666666666667 0.02625 0.04666666666666667
26 0.41250000000000003 0.5941666666666667 0.0275 0.045000000000000005
26 0.2775 0.6633333333333333 0.0275 0.04666666666666667
18 0.355 0.7008333333333334 0.03 0.04166666666666667
24 0.36375 0.64 0.0525 0.06666666666666667
24 0.47625 0.6691666666666667 0.07 0.07166666666666667
26 0.48375 0.93 0.0325 0.05333333333333334
27 0.75375 0.8775000000000001 0.0425 0.04166666666666667
27 0.766875 0.8508333333333334 0.04125 0.045000000000000005
27 0.785625 0.8141666666666667 0.03625 0.055
27 0.785625 0.7625000000000001 0.04625 0.058333333333333334
18 0.7987500000000001 0.6116666666666667 0.03 0.04666666666666667
11 0.794375 0.48000000000000004 0.051250000000000004 0.05
11 0.81125 0.43250000000000005 0.04 0.06833333333333334
11 0.7368750000000001 0.18916666666666668 0.04625 0.05166666666666667
27 0.716875 0.33333333333333337 0.04875 0.06666666666666667
27 0.735625 0.2525 0.03625 0.07166666666666667
26 0.765 0.3566666666666667 0.03 0.043333333333333335
26 0.545 0.1275 0.04 0.035
