22 0.36625 0.13833333333333334 0.015 0.05
22 0.380625 0.18500000000000003 0.02875 0.03333333333333333
22 0.3975 0.2625 0.035 0.06166666666666667
22 0.316875 0.2725 0.02625 0.06166666666666667
22 0.228125 0.305 0.05375 0.04
22 0.199375 0.25333333333333335 0.03375 0.04
22 0.18 0.27666666666666667 0.0225 0.05
22 0.15812500000000002 0.28833333333333333 0.02125 0.05333333333333334
22 0.14 0.265 0.035 0.030000000000000002
22 0.12 0.31333333333333335 0.03 0.06333333333333334
22 0.106875 0.3566666666666667 0.02625 0.05
11 0.0675 0.44083333333333335 0.04 0.06833333333333334
22 0.163125 0.515 0.02625 0.043333333333333335
22 0.15687500000000001 0.56 0.02625 0.04666666666666667
22 0.209375 0.5666666666666667 0.03625 0.04666666666666667
7 0.180625 0.4741666666666667 0.05375 0.12833333333333335
22 0.235625 0.4708333333333334 0.02875 0.04166666666666667
22 0.27125 0.45583333333333337 0.05 0.03166666666666667
22 0.253125 0.5708333333333334 0.04125 0.025
22 0.236875 0.6966666666666667 0.03875 0.03666666666666667
22 0.28 0.7625000000000001 0.01 0.03833333333333334
22 0.36375 0.7133333333333334 0.02 0.05333333333333334
22 0.39187500000000003 0.7258333333333333 0.03375 0.045000000000000005
7 0.2975 0.6900000000000001 0.08 0.07
22 0.32375 0.5016666666666667 0.045 0.02666666666666667
22 0.325 0.4808333333333334 0.0475 0.025
22 0.375625 0.4566666666666667 0.02625 0.07
22 0.42562500000000003 0.33916666666666667 0.02375 0.058333333333333334
22 0.43375 0.38333333333333336 0.0425 0.03333333333333333
22 0.469375 0.30583333333333335 0.043750000000000004 0.045000000000000005
22 0.47750000000000004 0.255 0.04 0.05333333333333334
18 0.49312500000000004 0.05916666666666667 0.02875 0.045000000000000005
22 0.548125 0.11583333333333334 0.04625 0.028333333333333335
22 0.58 0.09416666666666668 0.0475 0.021666666666666667
22 0.615 0.0625 0.0425 0.025
22 0.7056250000000001 0.04083333333333333 0.01875 0.055
22 0.626875 0.14916666666666667 0.04125 0.03833333333333334
22 0.64375 0.165 0.035 0.030000000000000002
22 0.708125 0.12000000000000001 0.03875 0.02666666666666667
22 0.61625 0.3441666666666667 0.055 0.03833333333333334
22 0.525 0.31 0.045 0.03666666666666667
22 0.506875 0.19833333333333333 0.04625 0.04
11 0.916875 0.76 0.051250000000000004 0.05666666666666667
