11 0.199375 0.03916666666666667 0.05375 0.058333333333333334
11 0.34750000000000003 0.03916666666666667 0.0525 0.07833333333333334
11 0.218125 0.265 0.06625 0.08333333333333334
11 0.45875 0.30083333333333334 0.06 0.07500000000000001
11 0.71125 0.23750000000000002 0.0625 0.07166666666666667
11 0.505625 0.6616666666666667 0.07625 0.08333333333333334
18 0.28 0.25083333333333335 0.0325 0.045000000000000005
18 0.16125 0.3066666666666667 0.04 0.04
18 0.085 0.3816666666666667 0.0325 0.043333333333333335
18 0.056875 0.42083333333333334 0.03125 0.03833333333333334
18 0.049375 0.48333333333333334 0.02625 0.04
18 0.116875 0.43500000000000005 0.01875 0.03666666666666667
18 0.130625 0.4366666666666667 0.02375 0.04666666666666667
18 0.145 0.44 0.03 0.05
18 0.198125 0.615 0.03375 0.05
18 0.2625 0.515 0.03 0.043333333333333335
18 0.26375 0.6608333333333334 0.03 0.04833333333333334
18 0.32375 0.6666666666666667 0.0275 0.05
19 0.2425 0.8116666666666668 0.055 0.05
18 0.22625 0.8991666666666667 0.035 0.03166666666666667
18 0.325625 0.8458333333333334 0.03125 0.03833333333333334
18 0.318125 0.9025000000000001 0.03125 0.05166666666666667
18 0.280625 0.9075000000000001 0.03125 0.05166666666666667
18 0.28250000000000003 0.8575 0.0275 0.04833333333333334
18 0.2525 0.8608333333333333 0.0325 0.04166666666666667
18 0.368125 0.9691666666666667 0.02625 0.04166666666666667
18 0.366875 0.4816666666666667 0.03375 0.043333333333333335
18 0.3725 0.5208333333333334 0.0375 0.055
18 0.40375 0.6325000000000001 0.035 0.058333333333333334
18 0.346875 0.655 0.02375 0.06333333333333334
18 0.36312500000000003 0.7941666666666667 0.03875 0.05166666666666667
18 0.371875 0.7383333333333334 0.03625 0.05666666666666667
18 0.44 0.7716666666666667 0.0225 0.043333333333333335
18 0.455 0.7808333333333334 0.0275 0.05166666666666667
18 0.4525 0.9641666666666667 0.0425 0.035
18 0.521875 0.9416666666666668 0.043750000000000004 0.04666666666666667
18 0.504375 0.9775 0.03375 0.03166666666666667
18 0.48375 0.9641666666666667 0.0275 0.04166666666666667
18 0.62 0.8666666666666667 0.035 0.05
18 0.668125 0.8625 0.03875 0.04166666666666667
18 0.696875 0.8558333333333333 0.03625 0.045000000000000005
18 0.720625 0.7866666666666667 0.03625 0.043333333333333335
18 0.579375 0.7866666666666667 0.03125 0.03666666666666667
18 0.5337500000000001 0.7916666666666667 0.045 0.05666666666666667
18 0.508125 0.7566666666666667 0.03375 0.04666666666666667
18 0.570625 0.7491666666666668 0.03625 0.04833333333333334
19 0.54625 0.5533333333333333 0.0475 0.08333333333333334
18 0.9075 0.7891666666666667 0.0275 0.05166666666666667
18 0.849375 0.8908333333333334 0.02875 0.04833333333333334
18 0.8512500000000001 0.685 0.035 0.04
18 0.71625 0.6541666666666667 0.04 0.045000000000000005
18 0.80125 0.5425 0.0375 0.04833333333333334
18 0.7475 0.5091666666666667 0.0275 0.055
18 0.711875 0.36083333333333334 0.03625 0.05166666666666667
18 0.821875 0.31333333333333335 0.03875 0.05333333333333334
18 0.695625 0.0775 0.03625 0.04833333333333334
