20 0.1075 0.35333333333333333 0.0425 0.08333333333333334
20 0.14875 0.49583333333333335 0.0375 0.04833333333333334
20 0.2275 0.4916666666666667 0.0425 0.07333333333333333
20 0.30125 0.4133333333333334 0.045 0.07
20 0.31875000000000003 0.44833333333333336 0.045 0.06333333333333334
20 0.2225 0.5758333333333334 0.05 0.045000000000000005
20 0.250625 0.6000000000000001 0.03625 0.04
20 0.29 0.6225 0.0325 0.05166666666666667
20 0.315 0.6025 0.045 0.06833333333333334
20 0.181875 0.6241666666666668 0.043750000000000004 0.06833333333333334
20 0.213125 0.6675000000000001 0.04125 0.045000000000000005
20 0.375625 0.7083333333333334 0.02625 0.05333333333333334
20 0.4025 0.7166666666666667 0.0275 0.05666666666666667
20 0.36875 0.755 0.04 0.043333333333333335
20 0.374375 0.7933333333333333 0.04875 0.04
20 0.31875000000000003 0.7983333333333333 0.0425 0.05666666666666667
20 0.210625 0.7416666666666667 0.04875 0.04666666666666667
20 0.26625 0.6441666666666667 0.045 0.058333333333333334
27 0.305625 0.6775 0.05625 0.055
20 0.261875 0.8208333333333334 0.058750000000000004 0.06166666666666667
20 0.35000000000000003 0.8558333333333333 0.035 0.055
20 0.33375 0.9708333333333334 0.045 0.04833333333333334
20 0.395 0.8366666666666667 0.0475 0.06333333333333334
20 0.484375 0.8783333333333334 0.02625 0.05666666666666667
20 0.44375000000000003 0.8191666666666667 0.045 0.04166666666666667
20 0.548125 0.8041666666666667 0.03625 0.05166666666666667
20 0.6525 0.8441666666666667 0.0375 0.05166666666666667
20 0.7025 0.8400000000000001 0.035 0.043333333333333335
20 0.703125 0.7975000000000001 0.04625 0.055
20 0.780625 0.7575000000000001 0.03625 0.06166666666666667
20 0.76875 0.6841666666666667 0.035 0.05166666666666667
20 0.763125 0.7133333333333334 0.043750000000000004 0.04666666666666667
20 0.72875 0.6825 0.0425 0.065
20 0.791875 0.6375000000000001 0.051250000000000004 0.06833333333333334
13 0.683125 0.62 0.03875 0.07
20 0.72875 0.5483333333333333 0.0325 0.060000000000000005
20 0.7518750000000001 0.4241666666666667 0.03375 0.045000000000000005
20 0.678125 0.21416666666666667 0.04875 0.06166666666666667
20 0.603125 0.06916666666666667 0.043750000000000004 0.045000000000000005
19 0.5593750000000001 0.745 0.05375 0.06666666666666667
19 0.58 0.6275000000000001 0.0525 0.085
19 0.336875 0.7308333333333333 0.03625 0.08833333333333333
23 0.41000000000000003 0.7833333333333334 0.04 0.07
19 0.4525 0.8691666666666668 0.045 0.085
20 0.38 0.9800000000000001 0.0625 0.03333333333333333
18 0.16875 0.7491666666666668 0.025 0.045000000000000005
