26 0.570625 0.2391666666666667 0.02875 0.021666666666666667
11 0.586875 0.26916666666666667 0.03875 0.03833333333333334
19 0.71875 0.26416666666666666 0.0425 0.045000000000000005
26 0.698125 0.5891666666666667 0.01875 0.03166666666666667
26 0.634375 0.615 0.02125 0.04
11 0.6325000000000001 0.6825 0.0375 0.028333333333333335
24 0.55125 0.7275 0.03 0.03833333333333334
24 0.494375 0.7666666666666667 0.04125 0.06333333333333334
18 0.445 0.7375 0.0275 0.03166666666666667
26 0.4625 0.7375 0.025 0.021666666666666667
26 0.505 0.68 0.015 0.03333333333333333
19 0.543125 0.8500000000000001 0.043750000000000004 0.04
24 0.508125 0.8583333333333334 0.04625 0.05333333333333334
18 0.429375 0.8241666666666667 0.02125 0.025
26 0.320625 0.795 0.01875 0.030000000000000002
19 0.34500000000000003 0.7366666666666667 0.045 0.043333333333333335
19 0.359375 0.6408333333333334 0.03375 0.06833333333333334
19 0.325625 0.51 0.03125 0.060000000000000005
26 0.30125 0.5133333333333334 0.0225 0.03333333333333333
26 0.40750000000000003 0.4716666666666667 0.02 0.04
23 0.455625 0.64 0.03625 0.04666666666666667
11 0.260625 0.4608333333333334 0.03875 0.045000000000000005
