11 0.21937500000000001 0.15166666666666667 0.04625 0.06666666666666667
11 0.185625 0.24083333333333334 0.043750000000000004 0.05166666666666667
11 0.435625 0.020833333333333336 0.03375 0.03833333333333334
11 0.6743750000000001 0.10250000000000001 0.03375 0.055
11 0.7056250000000001 0.09083333333333334 0.04625 0.058333333333333334
11 0.785625 0.21750000000000003 0.043750000000000004 0.05166666666666667
11 0.63 0.27416666666666667 0.05 0.045000000000000005
11 0.8175 0.3725 0.0325 0.065
11 0.798125 0.405 0.03875 0.07333333333333333
11 0.740625 0.4791666666666667 0.04125 0.035
11 0.820625 0.5375000000000001 0.04625 0.04833333333333334
11 0.849375 0.6066666666666667 0.03625 0.060000000000000005
11 0.6425 0.4916666666666667 0.045 0.043333333333333335
11 0.708125 0.515 0.04125 0.060000000000000005
11 0.704375 0.5866666666666667 0.03125 0.05
11 0.75625 0.6858333333333334 0.045 0.04166666666666667
11 0.544375 0.7266666666666667 0.03625 0.05333333333333334
11 0.484375 0.7925000000000001 0.043750000000000004 0.05166666666666667
11 0.8200000000000001 0.76 0.0325 0.06666666666666667
11 0.36875 0.6058333333333333 0.0425 0.05166666666666667
11 0.44375000000000003 0.535 0.0375 0.07333333333333333
11 0.500625 0.4716666666666667 0.03625 0.06666666666666667
19 0.27187500000000003 0.43250000000000005 0.043750000000000004 0.055
19 0.564375 0.6325000000000001 0.058750000000000004 0.06833333333333334
19 0.355625 0.7416666666666667 0.05625 0.04666666666666667
27 0.67625 0.4516666666666667 0.0375 0.04666666666666667
27 0.5493750000000001 0.43333333333333335 0.04625 0.060000000000000005
27 0.62875 0.23833333333333334 0.0475 0.04
27 0.40375 0.21000000000000002 0.035 0.07333333333333333
27 0.766875 0.5316666666666667 0.02375 0.06666666666666667
27 0.6431250000000001 0.6566666666666667 0.03625 0.060000000000000005
24 0.46625 0.33333333333333337 0.055 0.060000000000000005
24 0.48375 0.6941666666666667 0.0575 0.09166666666666667
18 0.41625 0.43583333333333335 0.0325 0.035
18 0.234375 0.6341666666666667 0.03625 0.04166666666666667
26 0.3275 0.5425 0.0375 0.028333333333333335
26 0.32937500000000003 0.5758333333333334 0.02125 0.04166666666666667
26 0.338125 0.41250000000000003 0.02375 0.04833333333333334
26 0.3875 0.43833333333333335 0.0325 0.03666666666666667
26 0.421875 0.48583333333333334 0.02375 0.045000000000000005
26 0.376875 0.7075 0.02625 0.04833333333333334
26 0.265625 0.8158333333333334 0.03625 0.028333333333333335
18 0.7075 0.7733333333333334 0.0325 0.04666666666666667
18 0.8325 0.67 0.03 0.03333333333333333
18 0.72 0.26166666666666666 0.0325 0.03333333333333333
21 0.505 0.405 0.0625 0.08
26 0.373125 0.225 0.02375 0.03666666666666667
18 0.45 0.9600000000000001 0.0275 0.02
11 0.44625000000000004 0.6033333333333334 0.055 0.05666666666666667
11 0.40125 0.7966666666666667 0.05 0.04666666666666667
