27 0.70875 0.4716666666666667 0.055 0.05666666666666667
23 0.375 0.31083333333333335 0.05 0.06166666666666667
26 0.339375 0.2775 0.02875 0.028333333333333335
26 0.295 0.4166666666666667 0.025 0.05
21 0.286875 0.5091666666666667 0.05625 0.065
26 0.45937500000000003 0.4466666666666667 0.03625 0.03333333333333333
26 0.340625 0.6516666666666667 0.02125 0.05333333333333334
26 0.425 0.5958333333333333 0.0375 0.03833333333333334
26 0.27187500000000003 0.7883333333333333 0.02875 0.03666666666666667
26 0.40750000000000003 0.7308333333333333 0.03 0.03166666666666667
26 0.5962500000000001 0.18333333333333335 0.0275 0.04666666666666667
