24 0.243125 0.11750000000000001 0.03625 0.06833333333333334
18 0.354375 0.15000000000000002 0.03375 0.03333333333333333
18 0.3525 0.21250000000000002 0.03 0.045000000000000005
18 0.421875 0.16333333333333333 0.03125 0.04
18 0.438125 0.19333333333333336 0.03125 0.04
18 0.38125000000000003 0.24083333333333334 0.0275 0.04166666666666667
18 0.375 0.2725 0.03 0.03166666666666667
18 0.409375 0.26333333333333336 0.02375 0.04
18 0.42125 0.24916666666666668 0.02 0.04166666666666667
18 0.44 0.275 0.0325 0.030000000000000002
18 0.42125 0.29333333333333333 0.025 0.04
18 0.44375000000000003 0.325 0.0375 0.02666666666666667
18 0.438125 0.3766666666666667 0.03375 0.03666666666666667
18 0.460625 0.08583333333333334 0.03125 0.035
18 0.256875 0.25333333333333335 0.02625 0.04
18 0.275 0.28833333333333333 0.0325 0.030000000000000002
18 0.26687500000000003 0.305 0.02875 0.02666666666666667
18 0.280625 0.33333333333333337 0.02875 0.03333333333333333
18 0.27875 0.3716666666666667 0.03 0.030000000000000002
18 0.340625 0.33 0.02625 0.03333333333333333
18 0.313125 0.33666666666666667 0.02375 0.02666666666666667
18 0.318125 0.36250000000000004 0.03125 0.028333333333333335
18 0.339375 0.375 0.03375 0.030000000000000002
18 0.268125 0.4091666666666667 0.02125 0.03833333333333334
18 0.29375 0.39666666666666667 0.02 0.04
18 0.314375 0.3916666666666667 0.02375 0.02666666666666667
18 0.203125 0.29500000000000004 0.02875 0.03666666666666667
18 0.163125 0.30583333333333335 0.02625 0.03166666666666667
18 0.251875 0.4591666666666667 0.03125 0.03166666666666667
18 0.28625 0.45833333333333337 0.0225 0.04
18 0.309375 0.4425 0.02375 0.028333333333333335
18 0.308125 0.4166666666666667 0.02625 0.02
18 0.336875 0.42333333333333334 0.02625 0.03666666666666667
18 0.325 0.4591666666666667 0.0225 0.03833333333333334
18 0.380625 0.4525 0.02125 0.04166666666666667
18 0.368125 0.4916666666666667 0.03125 0.03333333333333333
18 0.275 0.49583333333333335 0.02 0.04833333333333334
18 0.30375 0.48750000000000004 0.0175 0.03833333333333334
18 0.32375 0.4941666666666667 0.025 0.03166666666666667
18 0.3025 0.5275000000000001 0.02 0.035
18 0.286875 0.5441666666666667 0.03125 0.028333333333333335
18 0.320625 0.5375000000000001 0.02375 0.025
18 0.3175 0.5541666666666667 0.035 0.03166666666666667
18 0.33875 0.5741666666666667 0.0275 0.03833333333333334
18 0.31625000000000003 0.5908333333333333 0.02 0.04166666666666667
18 0.243125 0.5608333333333334 0.01875 0.045000000000000005
18 0.21 0.63 0.0275 0.03666666666666667
18 0.21937500000000001 0.6741666666666667 0.02625 0.035
18 0.193125 0.7058333333333334 0.02875 0.028333333333333335
18 0.255 0.7908333333333334 0.03 0.035
18 0.288125 0.78 0.02625 0.02666666666666667
18 0.343125 0.7475 0.02125 0.04166666666666667
18 0.3125 0.6833333333333333 0.0275 0.02666666666666667
18 0.2925 0.6391666666666667 0.03 0.025
18 0.294375 0.6000000000000001 0.02375 0.04
18 0.318125 0.63 0.03125 0.03666666666666667
18 0.333125 0.6125 0.02625 0.03166666666666667
18 0.348125 0.6033333333333334 0.02875 0.02666666666666667
18 0.355625 0.6366666666666667 0.02875 0.03666666666666667
18 0.38875 0.61 0.02 0.04
18 0.355625 0.54 0.02625 0.04
18 0.39687500000000003 0.5525 0.02375 0.045000000000000005
18 0.4275 0.5125000000000001 0.03 0.035
18 0.44875 0.49833333333333335 0.0375 0.030000000000000002
18 0.47875 0.5 0.0225 0.04
18 0.458125 0.5191666666666667 0.02875 0.035
18 0.47500000000000003 0.5366666666666667 0.0325 0.02666666666666667
18 0.46 0.5516666666666667 0.0225 0.04
18 0.44 0.5591666666666667 0.035 0.03166666666666667
18 0.44 0.5825 0.03 0.028333333333333335
18 0.426875 0.6133333333333334 0.01625 0.043333333333333335
18 0.453125 0.62 0.02375 0.04
18 0.47000000000000003 0.61 0.03 0.030000000000000002
18 0.4825 0.6808333333333334 0.0325 0.025
18 0.5 0.63 0.025 0.043333333333333335
18 0.52625 0.5533333333333333 0.0325 0.04666666666666667
18 0.561875 0.5416666666666667 0.02625 0.04
18 0.5775 0.5575 0.0325 0.028333333333333335
18 0.619375 0.525 0.02625 0.04
18 0.5775 0.6325000000000001 0.0225 0.045000000000000005
18 0.528125 0.6575000000000001 0.03875 0.025
18 0.525 0.6825 0.0275 0.028333333333333335
18 0.530625 0.6983333333333334 0.03125 0.03333333333333333
18 0.5225 0.7516666666666667 0.03 0.02666666666666667
18 0.5181250000000001 0.8041666666666667 0.03125 0.035
18 0.4375 0.8291666666666667 0.0275 0.04166666666666667
18 0.44875 0.8608333333333333 0.025 0.04166666666666667
18 0.395625 0.8700000000000001 0.02375 0.03666666666666667
18 0.28 0.8816666666666667 0.0275 0.030000000000000002
18 0.3 0.9025000000000001 0.03 0.04166666666666667
18 0.491875 0.9025000000000001 0.02625 0.03166666666666667
18 0.556875 0.8858333333333334 0.03625 0.021666666666666667
18 0.606875 0.8400000000000001 0.02875 0.03333333333333333
18 0.6175 0.9075000000000001 0.025 0.035
18 0.635625 0.8891666666666668 0.01625 0.03166666666666667
18 0.583125 0.7716666666666667 0.02625 0.02666666666666667
18 0.6062500000000001 0.7741666666666667 0.0325 0.03166666666666667
18 0.57375 0.7958333333333334 0.0275 0.025
18 0.61625 0.7216666666666667 0.025 0.03333333333333333
18 0.646875 0.6441666666666667 0.02625 0.025
18 0.69125 0.5925 0.03 0.045000000000000005
18 0.70375 0.6258333333333334 0.03 0.025
18 0.7212500000000001 0.7566666666666667 0.025 0.043333333333333335
18 0.7368750000000001 0.6658333333333334 0.02625 0.025
18 0.771875 0.6708333333333334 0.02875 0.028333333333333335
18 0.786875 0.6866666666666668 0.03375 0.03666666666666667
18 0.645 0.24000000000000002 0.0325 0.030000000000000002
18 0.693125 0.1991666666666667 0.02875 0.035
18 0.77375 0.22416666666666668 0.025 0.045000000000000005
18 0.6925 0.22916666666666669 0.03 0.03166666666666667
18 0.594375 0.265 0.02875 0.03333333333333333
18 0.5325 0.32583333333333336 0.025 0.03833333333333334
18 0.52875 0.050833333333333335 0.0325 0.03833333333333334
18 0.4975 0.37833333333333335 0.0325 0.03666666666666667
18 0.45625 0.40750000000000003 0.0225 0.04166666666666667
18 0.7831250000000001 0.18250000000000002 0.02875 0.035
18 0.8075 0.3975 0.03 0.035
18 0.6481250000000001 0.4216666666666667 0.02875 0.03333333333333333
18 0.15812500000000002 0.41750000000000004 0.03375 0.03833333333333334
11 0.161875 0.35000000000000003 0.04625 0.07
11 0.13875 0.37583333333333335 0.0475 0.058333333333333334
11 0.148125 0.4758333333333334 0.03875 0.06833333333333334
11 0.47375 0.1275 0.0575 0.045000000000000005
11 0.5493750000000001 0.11 0.02875 0.05333333333333334
11 0.6118750000000001 0.10333333333333335 0.04875 0.05666666666666667
11 0.64875 0.05666666666666667 0.035 0.060000000000000005
11 0.51875 0.29500000000000004 0.055 0.043333333333333335
11 0.54875 0.3775 0.0325 0.055
11 0.606875 0.34750000000000003 0.04625 0.035
11 0.58125 0.395 0.035 0.06333333333333334
11 0.618125 0.405 0.02875 0.06333333333333334
11 0.563125 0.44333333333333336 0.04625 0.05666666666666667
11 0.53125 0.4741666666666667 0.04 0.07166666666666667
11 0.48125 0.41500000000000004 0.0575 0.04666666666666667
11 0.478125 0.5841666666666667 0.05375 0.05166666666666667
11 0.50625 0.7133333333333334 0.0625 0.04666666666666667
11 0.29125 0.8466666666666667 0.055 0.05333333333333334
11 0.435625 0.9016666666666667 0.051250000000000004 0.04
11 0.3925 0.9391666666666667 0.0375 0.055
11 0.54 0.9275000000000001 0.0375 0.04833333333333334
11 0.62 0.9441666666666667 0.0475 0.03166666666666667
11 0.686875 0.8833333333333334 0.04875 0.04666666666666667
11 0.6975 0.8433333333333334 0.0425 0.05333333333333334
11 0.74125 0.8341666666666667 0.04 0.03833333333333334
11 0.7625000000000001 0.8016666666666667 0.0325 0.06333333333333334
11 0.724375 0.79 0.02625 0.05333333333333334
11 0.7425 0.6941666666666667 0.04 0.05166666666666667
11 0.800625 0.7166666666666667 0.03625 0.04666666666666667
11 0.83125 0.7158333333333334 0.0275 0.055
11 0.8150000000000001 0.6758333333333334 0.04 0.04833333333333334
11 0.834375 0.6525000000000001 0.03375 0.058333333333333334
11 0.785625 0.6225 0.03375 0.04833333333333334
11 0.8300000000000001 0.5733333333333334 0.045 0.04666666666666667
11 0.8043750000000001 0.5408333333333334 0.043750000000000004 0.04166666666666667
11 0.79625 0.4916666666666667 0.03 0.05333333333333334
11 0.82625 0.4841666666666667 0.0275 0.058333333333333334
11 0.850625 0.5175000000000001 0.043750000000000004 0.03833333333333334
11 0.865 0.48833333333333334 0.045 0.05
11 0.703125 0.53 0.02875 0.060000000000000005
11 0.721875 0.4991666666666667 0.02625 0.058333333333333334
11 0.718125 0.445 0.03125 0.060000000000000005
11 0.696875 0.4191666666666667 0.051250000000000004 0.045000000000000005
11 0.775 0.3891666666666667 0.05 0.05166666666666667
11 0.74875 0.3358333333333334 0.0275 0.06166666666666667
11 0.7825 0.31 0.0475 0.043333333333333335
11 0.711875 0.33333333333333337 0.03375 0.060000000000000005
11 0.688125 0.35500000000000004 0.03375 0.060000000000000005
11 0.803125 0.26083333333333336 0.04125 0.065
11 0.74 0.24250000000000002 0.0375 0.058333333333333334
11 0.7425 0.18166666666666667 0.0325 0.06333333333333334
11 0.719375 0.13333333333333333 0.04875 0.05666666666666667
11 0.709375 0.18666666666666668 0.03125 0.06666666666666667
19 0.145 0.5683333333333334 0.0375 0.060000000000000005
18 0.2725 0.12333333333333334 0.02 0.03666666666666667
18 0.424375 0.12583333333333335 0.01875 0.04166666666666667
18 0.256875 0.12916666666666668 0.01875 0.028333333333333335
20 0.17625 0.4675 0.0375 0.04166666666666667
