7 0.139375 0.26 0.10625 0.12666666666666668
7 0.245 0.4058333333333334 0.1075 0.09833333333333334
7 0.26125 0.4766666666666667 0.11750000000000001 0.1
7 0.4 0.51 0.11750000000000001 0.09666666666666668
7 0.434375 0.6025 0.05625 0.16833333333333333
7 0.6950000000000001 0.5466666666666667 0.0675 0.13
7 0.370625 0.7675000000000001 0.06375 0.13833333333333334
7 0.5181250000000001 0.8200000000000001 0.09375 0.11666666666666667
7 0.5906250000000001 0.9191666666666667 0.08875 0.12833333333333335
7 0.446875 0.05916666666666667 0.09875 0.10833333333333334
7 0.881875 0.07250000000000001 0.07375 0.10166666666666667
7 0.949375 0.1575 0.05625 0.09833333333333334
7 0.93 0.07666666666666667 0.06 0.09333333333333334
