11 0.37125 0.16666666666666669 0.055 0.07666666666666667
11 0.295 0.21250000000000002 0.04 0.085
11 0.433125 0.33666666666666667 0.043750000000000004 0.08333333333333334
11 0.45375 0.4083333333333334 0.0525 0.07666666666666667
11 0.49125 0.43333333333333335 0.0575 0.05
11 0.5275 0.31583333333333335 0.0575 0.06833333333333334
11 0.379375 0.38583333333333336 0.06125 0.058333333333333334
11 0.3375 0.33666666666666667 0.0525 0.07333333333333333
11 0.32625 0.40750000000000003 0.07 0.055
11 0.17875 0.3983333333333334 0.0425 0.08333333333333334
11 0.30125 0.45833333333333337 0.0625 0.05666666666666667
11 0.39125 0.5225000000000001 0.045 0.07833333333333334
11 0.30375 0.5225000000000001 0.0475 0.06833333333333334
11 0.15687500000000001 0.4816666666666667 0.06375 0.060000000000000005
11 0.194375 0.5716666666666667 0.04875 0.09333333333333334
11 0.1375 0.6325000000000001 0.0475 0.07166666666666667
11 0.244375 0.64 0.06875 0.06333333333333334
11 0.3075 0.5791666666666667 0.05 0.07833333333333334
11 0.34125 0.6258333333333334 0.04 0.09166666666666667
11 0.39625 0.6025 0.0575 0.058333333333333334
11 0.236875 0.7125 0.04625 0.08166666666666667
11 0.311875 0.7766666666666667 0.06125 0.05666666666666667
11 0.409375 0.8675 0.043750000000000004 0.08833333333333333
11 0.39 0.7050000000000001 0.0525 0.09333333333333334
11 0.45375 0.7333333333333334 0.04 0.07333333333333333
11 0.48562500000000003 0.6733333333333333 0.03625 0.08
11 0.44 0.6741666666666667 0.0475 0.07833333333333334
11 0.44 0.6158333333333333 0.0425 0.07166666666666667
11 0.32937500000000003 0.8666666666666667 0.05375 0.06666666666666667
11 0.384375 0.9166666666666667 0.03875 0.08333333333333334
11 0.45875 0.895 0.0625 0.05
11 0.460625 0.8508333333333334 0.07375 0.06166666666666667
11 0.48875 0.9808333333333334 0.0425 0.035
11 0.619375 0.9716666666666667 0.051250000000000004 0.05333333333333334
11 0.703125 0.9008333333333334 0.05625 0.04833333333333334
11 0.66 0.8116666666666668 0.05 0.08333333333333334
11 0.59875 0.8375 0.0625 0.055
11 0.65 0.6933333333333334 0.0475 0.09000000000000001
11 0.721875 0.6741666666666667 0.04625 0.07833333333333334
11 0.64 0.6058333333333333 0.0475 0.08833333333333333
11 0.69125 0.5175000000000001 0.0575 0.06833333333333334
11 0.578125 0.5033333333333334 0.07125000000000001 0.060000000000000005
11 0.56375 0.45083333333333336 0.0675 0.045000000000000005
11 0.56875 0.39333333333333337 0.0525 0.06666666666666667
11 0.645 0.30083333333333334 0.0575 0.065
11 0.7125 0.3591666666666667 0.0625 0.06166666666666667
11 0.56875 0.18666666666666668 0.0475 0.08333333333333334
11 0.820625 0.5441666666666667 0.051250000000000004 0.055
11 0.956875 0.5575 0.05375 0.06833333333333334
11 0.8143750000000001 0.6108333333333333 0.04125 0.07833333333333334
18 0.775625 0.5850000000000001 0.03375 0.04666666666666667
