11 0.339375 0.24416666666666667 0.06375 0.055
11 0.19 0.20833333333333334 0.0425 0.08333333333333334
11 0.249375 0.325 0.03875 0.09333333333333334
11 0.259375 0.4066666666666667 0.06875 0.07333333333333333
11 0.36625 0.335 0.0375 0.08
11 0.45 0.395 0.0375 0.09333333333333334
11 0.516875 0.3383333333333334 0.04625 0.08
11 0.538125 0.26083333333333336 0.03875 0.06833333333333334
11 0.560625 0.49333333333333335 0.04125 0.07
11 0.5325 0.5658333333333334 0.0475 0.065
11 0.470625 0.5391666666666667 0.06875 0.06833333333333334
11 0.43062500000000004 0.5708333333333334 0.051250000000000004 0.08833333333333333
11 0.3825 0.5433333333333333 0.05 0.08666666666666667
11 0.348125 0.6008333333333333 0.02875 0.07833333333333334
11 0.3825 0.6383333333333334 0.0475 0.07666666666666667
11 0.50875 0.6858333333333334 0.055 0.07166666666666667
11 0.29625 0.6183333333333334 0.0625 0.07
11 0.22312500000000002 0.6691666666666667 0.03875 0.08166666666666667
11 0.259375 0.7091666666666667 0.06875 0.055
11 0.336875 0.685 0.03875 0.08
11 0.3725 0.7250000000000001 0.0475 0.1
11 0.42312500000000003 0.7525000000000001 0.06625 0.055
11 0.46875 0.8033333333333333 0.0625 0.05666666666666667
11 0.4525 0.8425 0.0425 0.08166666666666667
11 0.41375 0.8300000000000001 0.04 0.08333333333333334
11 0.390625 0.8716666666666667 0.06125 0.06666666666666667
11 0.26687500000000003 0.8816666666666667 0.04875 0.08333333333333334
11 0.129375 0.8575 0.04625 0.058333333333333334
18 0.20750000000000002 0.7416666666666667 0.0275 0.04666666666666667
11 0.455625 0.9125000000000001 0.07125000000000001 0.055
11 0.515625 0.9325000000000001 0.04875 0.07833333333333334
11 0.7725 0.7041666666666667 0.055 0.05166666666666667
11 0.761875 0.48750000000000004 0.04125 0.10166666666666667
11 0.664375 0.25833333333333336 0.06125 0.06333333333333334
18 0.59 0.2675 0.04 0.03833333333333334
18 0.410625 0.37083333333333335 0.02375 0.04833333333333334
11 0.8825000000000001 0.24500000000000002 0.045 0.09000000000000001
11 0.9762500000000001 0.6225 0.035 0.07833333333333334
