23 0.280625 0.49000000000000005 0.03875 0.06333333333333334
24 0.193125 0.48833333333333334 0.06375 0.07666666666666667
24 0.2675 0.5291666666666667 0.0625 0.08833333333333333
23 0.155625 0.5750000000000001 0.051250000000000004 0.07
23 0.18375 0.6741666666666667 0.06 0.06833333333333334
19 0.2925 0.7533333333333334 0.0475 0.08333333333333334
21 0.4025 0.8733333333333334 0.07 0.10333333333333335
24 0.52625 0.7958333333333334 0.06 0.09166666666666667
21 0.6843750000000001 0.67 0.05625 0.11
23 0.6675 0.6125 0.0475 0.07166666666666667
