18 0.4 0.08 0.0325 0.043333333333333335
18 0.340625 0.21583333333333335 0.03375 0.058333333333333334
18 0.404375 0.21000000000000002 0.03125 0.05
18 0.42562500000000003 0.2025 0.03125 0.04833333333333334
18 0.54 0.33666666666666667 0.035 0.05333333333333334
18 0.42125 0.3741666666666667 0.0275 0.058333333333333334
18 0.241875 0.5291666666666667 0.03125 0.05166666666666667
11 0.48375 0.9325000000000001 0.0625 0.06166666666666667
11 0.863125 0.9541666666666667 0.04875 0.045000000000000005
11 0.843125 0.4316666666666667 0.043750000000000004 0.06333333333333334
