24 0.245 0.3225 0.08 0.085
23 0.2 0.33666666666666667 0.0375 0.08
19 0.316875 0.5208333333333334 0.05375 0.125
24 0.18125 0.49583333333333335 0.0575 0.10166666666666667
21 0.235625 0.6541666666666667 0.058750000000000004 0.11833333333333335
24 0.249375 0.7508333333333334 0.05625 0.07833333333333334
24 0.214375 0.7466666666666667 0.03125 0.09333333333333334
24 0.31125 0.7916666666666667 0.0625 0.08333333333333334
21 0.324375 0.7483333333333334 0.043750000000000004 0.07666666666666667
21 0.2925 0.7041666666666667 0.07 0.08833333333333333
21 0.38 0.8391666666666667 0.065 0.125
19 0.444375 0.78 0.04625 0.08333333333333334
19 0.445 0.6716666666666667 0.0525 0.08
19 0.49625 0.8633333333333334 0.065 0.06666666666666667
21 0.30125 0.9225000000000001 0.0975 0.11166666666666668
21 0.32 0.8558333333333333 0.0725 0.09166666666666667
24 0.403125 0.625 0.06125 0.07666666666666667
18 0.515625 0.8075000000000001 0.02875 0.03833333333333334
18 0.45437500000000003 0.9658333333333334 0.03625 0.05166666666666667
24 0.5475 0.9733333333333334 0.065 0.05
24 0.618125 0.7983333333333333 0.051250000000000004 0.07666666666666667
21 0.756875 0.8600000000000001 0.07625 0.1
28 0.65 0.7200000000000001 0.0725 0.08
19 0.6587500000000001 0.6475000000000001 0.05 0.06166666666666667
19 0.805 0.5850000000000001 0.065 0.10333333333333335
21 0.6531250000000001 0.5583333333333333 0.07875 0.09666666666666668
21 0.48625 0.5333333333333333 0.0925 0.07
21 0.709375 0.5075000000000001 0.06625 0.10500000000000001
19 0.681875 0.4541666666666667 0.05625 0.058333333333333334
18 0.865625 0.48833333333333334 0.03375 0.05
24 0.573125 0.24916666666666668 0.07375 0.08833333333333333
24 0.633125 0.11 0.06375 0.07333333333333333
19 0.610625 0.0325 0.058750000000000004 0.058333333333333334
18 0.7731250000000001 0.31583333333333335 0.03375 0.05166666666666667
18 0.63625 0.9533333333333334 0.0375 0.04666666666666667
