21 0.109375 0.42500000000000004 0.07125000000000001 0.06333333333333334
21 0.20500000000000002 0.4058333333333334 0.06 0.07833333333333334
21 0.21 0.46 0.0675 0.09333333333333334
21 0.135 0.5175000000000001 0.045 0.07833333333333334
21 0.383125 0.5125000000000001 0.06625 0.11833333333333335
19 0.184375 0.6050000000000001 0.043750000000000004 0.06666666666666667
18 0.099375 0.5383333333333333 0.02625 0.043333333333333335
18 0.15875 0.5591666666666667 0.03 0.04166666666666667
18 0.20375000000000001 0.5725 0.035 0.04833333333333334
18 0.26937500000000003 0.6966666666666667 0.03375 0.05
18 0.02625 0.6533333333333333 0.0275 0.06666666666666667
24 0.064375 0.7091666666666667 0.03125 0.07166666666666667
18 0.238125 0.7608333333333334 0.03875 0.045000000000000005
18 0.27187500000000003 0.7975000000000001 0.02875 0.04166666666666667
25 0.32 0.7066666666666667 0.0725 0.1
21 0.406875 0.6283333333333334 0.06625 0.10666666666666667
21 0.41250000000000003 0.7458333333333333 0.08 0.08833333333333333
21 0.33125 0.7758333333333334 0.0675 0.09833333333333334
18 0.381875 0.8266666666666668 0.02625 0.05333333333333334
18 0.2975 0.8391666666666667 0.0225 0.04166666666666667
19 0.39 0.8941666666666668 0.0475 0.07500000000000001
28 0.409375 0.9341666666666667 0.06125 0.08833333333333333
18 0.351875 0.9583333333333334 0.03875 0.043333333333333335
21 0.553125 0.9216666666666667 0.07125000000000001 0.1
21 0.478125 0.8225 0.07375 0.09833333333333334
21 0.4475 0.8433333333333334 0.0525 0.09000000000000001
21 0.533125 0.7291666666666667 0.058750000000000004 0.10833333333333334
19 0.47375 0.7558333333333334 0.0775 0.085
21 0.515625 0.4166666666666667 0.07125000000000001 0.10666666666666667
18 0.5825 0.35500000000000004 0.04 0.043333333333333335
11 0.519375 0.28583333333333333 0.06125 0.04833333333333334
19 0.38 0.22583333333333336 0.0675 0.065
18 0.321875 0.2733333333333334 0.03125 0.05333333333333334
21 0.511875 0.2 0.07625 0.09666666666666668
24 0.48562500000000003 0.030000000000000002 0.07625 0.06333333333333334
18 0.5906250000000001 0.030833333333333334 0.03875 0.05166666666666667
21 0.726875 0.15833333333333335 0.06625 0.06666666666666667
21 0.7368750000000001 0.22166666666666668 0.07125000000000001 0.1
21 0.725625 0.29500000000000004 0.06875 0.08666666666666667
18 0.744375 0.07166666666666667 0.02375 0.04666666666666667
19 0.84375 0.3225 0.0525 0.07833333333333334
21 0.779375 0.4391666666666667 0.06625 0.09166666666666667
21 0.7831250000000001 0.5291666666666667 0.06375 0.07500000000000001
21 0.715 0.545 0.065 0.09666666666666668
21 0.7275 0.635 0.06 0.07666666666666667
21 0.8175 0.6666666666666667 0.0725 0.11333333333333334
21 0.65 0.665 0.055 0.09333333333333334
21 0.73625 0.7283333333333334 0.0575 0.09333333333333334
21 0.670625 0.7441666666666668 0.08375 0.06166666666666667
21 0.71875 0.7958333333333334 0.065 0.08166666666666667
21 0.623125 0.785 0.05375 0.10666666666666667
21 0.62875 0.8758333333333334 0.0775 0.08833333333333333
21 0.673125 0.9175000000000001 0.06125 0.085
24 0.750625 0.8366666666666667 0.043750000000000004 0.08666666666666667
18 0.78 0.9125000000000001 0.0225 0.04833333333333334
24 0.8150000000000001 0.36000000000000004 0.0325 0.08333333333333334
