23 0.175625 0.43500000000000005 0.04875 0.08
21 0.13125 0.4491666666666667 0.065 0.06833333333333334
24 0.146875 0.525 0.06625 0.08666666666666667
24 0.250625 0.5175000000000001 0.06375 0.085
21 0.145625 0.6050000000000001 0.06375 0.08666666666666667
21 0.225 0.6541666666666667 0.0575 0.10166666666666667
19 0.185 0.6275000000000001 0.0425 0.06833333333333334
24 0.185 0.7100000000000001 0.0425 0.08333333333333334
18 0.321875 0.6125 0.04125 0.065
24 0.4 0.5958333333333333 0.0675 0.09166666666666667
24 0.370625 0.6766666666666667 0.07125000000000001 0.09666666666666668
19 0.28875 0.7250000000000001 0.0375 0.06333333333333334
28 0.255 0.7625000000000001 0.06 0.085
19 0.27187500000000003 0.8433333333333334 0.03375 0.07333333333333333
21 0.22625 0.8266666666666668 0.0725 0.09666666666666668
28 0.364375 0.8708333333333333 0.051250000000000004 0.07833333333333334
28 0.330625 0.7533333333333334 0.06625 0.08
21 0.545625 0.8191666666666667 0.07375 0.08833333333333333
19 0.61 0.8416666666666667 0.06 0.07333333333333333
24 0.561875 0.7058333333333334 0.051250000000000004 0.08166666666666667
24 0.6168750000000001 0.6716666666666667 0.05375 0.09666666666666668
24 0.3875 0.8241666666666667 0.0725 0.06833333333333334
24 0.4975 0.555 0.0575 0.08333333333333334
21 0.5975 0.5433333333333333 0.0675 0.08333333333333334
24 0.48875 0.42083333333333334 0.0775 0.085
24 0.550625 0.4791666666666667 0.043750000000000004 0.08166666666666667
21 0.609375 0.455 0.08375 0.10333333333333335
19 0.466875 0.21750000000000003 0.043750000000000004 0.07833333333333334
21 0.594375 0.12333333333333334 0.08125 0.07
24 0.629375 0.1975 0.04875 0.08833333333333333
21 0.566875 0.05 0.08875 0.10333333333333335
19 0.5375 0.028333333333333335 0.0425 0.060000000000000005
21 0.70375 0.10500000000000001 0.0675 0.09000000000000001
24 0.7025 0.20500000000000002 0.09 0.09000000000000001
24 0.7525000000000001 0.5283333333333333 0.06 0.10333333333333335
19 0.801875 0.4516666666666667 0.06625 0.08666666666666667
21 0.689375 0.5333333333333333 0.06625 0.1
21 0.763125 0.6241666666666668 0.04875 0.09833333333333334
21 0.705 0.6625000000000001 0.07 0.11166666666666668
21 0.705 0.5883333333333334 0.06 0.05333333333333334
21 0.780625 0.6883333333333334 0.06875 0.07333333333333333
24 0.766875 0.7575000000000001 0.06375 0.08833333333333333
21 0.68375 0.7158333333333334 0.0825 0.10500000000000001
24 0.639375 0.8425 0.051250000000000004 0.09166666666666667
24 0.5075000000000001 0.9675 0.0575 0.055
21 0.85875 0.615 0.0725 0.08
24 0.81625 0.5241666666666667 0.055 0.07500000000000001
19 0.8775000000000001 0.49500000000000005 0.0675 0.07
