11 0.289375 0.20500000000000002 0.02875 0.04
11 0.448125 0.15833333333333335 0.04625 0.04666666666666667
11 0.6168750000000001 0.21416666666666667 0.02875 0.04833333333333334
11 0.675 0.3166666666666667 0.025 0.04
11 0.6531250000000001 0.4366666666666667 0.03375 0.060000000000000005
11 0.533125 0.3725 0.03625 0.058333333333333334
11 0.453125 0.3725 0.04125 0.058333333333333334
11 0.3725 0.4658333333333334 0.03 0.06166666666666667
11 0.47250000000000003 0.6000000000000001 0.0325 0.06333333333333334
11 0.7312500000000001 0.6525000000000001 0.0325 0.045000000000000005
11 0.74625 0.5225000000000001 0.0375 0.035
11 0.7425 0.48750000000000004 0.03 0.035
