4 0.535998 0.290611 0.086573 0.092179
4 0.256594 0.875553 0.093075 0.083830
4 0.218419 0.793610 0.091827 0.086632
4 0.424312 0.938381 0.060532 0.113103
4 0.500699 0.936697 0.092241 0.109734
4 0.571320 0.874613 0.082770 0.075082
4 0.285170 0.709876 0.071155 0.104583
4 0.202154 0.548083 0.062857 0.109502
4 0.200968 0.427144 0.081830 0.122670
4 0.118545 0.428183 0.068786 0.126137
4 0.259080 0.290266 0.075901 0.138610
4 0.186737 0.214029 0.099617 0.085940
4 0.353363 0.154425 0.083016 0.121975
4 0.224984 0.103139 0.089539 0.095642
4 0.415031 0.146801 0.064043 0.120593
4 0.486780 0.197048 0.094874 0.067228
4 0.629686 0.316601 0.049810 0.105344
4 0.623757 0.479471 0.090134 0.094256
4 0.693134 0.458678 0.054553 0.113660
4 0.867468 0.380362 0.072340 0.134453
4 0.804020 0.269473 0.091320 0.079011
4 0.812322 0.585471 0.094877 0.099731
4 0.464248 0.535953 0.079458 0.081088
4 0.508721 0.622585 0.104364 0.075544
4 0.545187 0.720307 0.071749 0.107425
11 0.378859 0.810058 0.098434 0.079011
11 0.484409 0.788572 0.103178 0.070691
11 0.287541 0.793770 0.036763 0.057523
11 0.404357 0.505113 0.064040 0.117821
11 0.735235 0.320065 0.087762 0.115045
4 0.438691 0.271553 0.085387 0.116435
8 0.257893 0.388054 0.088945 0.055446
8 0.567781 0.362343 0.056925 0.083165
8 0.597429 0.242445 0.081830 0.052674
16 0.468458 0.120118 0.048033 0.097719
12 0.296793 0.985424 0.055739 0.029152
8 0.364645 0.866766 0.055590 0.092405
