27 0.34125 0.03833333333333334 0.045 0.05666666666666667
27 0.565625 0.02 0.03625 0.043333333333333335
27 0.581875 0.0975 0.051250000000000004 0.06166666666666667
27 0.735 0.14 0.0525 0.05666666666666667
27 0.61875 0.18250000000000002 0.0325 0.06166666666666667
27 0.6325000000000001 0.21916666666666668 0.0325 0.07166666666666667
27 0.66625 0.22583333333333336 0.0325 0.06833333333333334
27 0.71375 0.2733333333333334 0.0475 0.05333333333333334
27 0.73 0.32833333333333337 0.0575 0.060000000000000005
27 0.41125 0.2366666666666667 0.0575 0.05666666666666667
27 0.38875 0.29083333333333333 0.04 0.06166666666666667
27 0.38875 0.4091666666666667 0.0525 0.06833333333333334
27 0.596875 0.4341666666666667 0.04125 0.07500000000000001
27 0.675625 0.4841666666666667 0.04875 0.058333333333333334
27 0.690625 0.5458333333333334 0.03375 0.058333333333333334
27 0.603125 0.4966666666666667 0.02625 0.060000000000000005
27 0.63625 0.5075000000000001 0.04 0.06166666666666667
27 0.65625 0.5416666666666667 0.0275 0.07666666666666667
27 0.6118750000000001 0.55 0.03375 0.06666666666666667
27 0.635625 0.5733333333333334 0.04125 0.04666666666666667
27 0.5825 0.5758333333333334 0.04 0.04833333333333334
27 0.613125 0.6158333333333333 0.04125 0.06166666666666667
27 0.543125 0.4341666666666667 0.04875 0.045000000000000005
27 0.533125 0.47500000000000003 0.04625 0.04
27 0.530625 0.5008333333333334 0.04875 0.045000000000000005
27 0.465625 0.4866666666666667 0.05375 0.04
27 0.49625 0.5066666666666667 0.035 0.04666666666666667
27 0.484375 0.5541666666666667 0.03375 0.07166666666666667
27 0.509375 0.5758333333333334 0.043750000000000004 0.04833333333333334
27 0.545625 0.5483333333333333 0.02875 0.060000000000000005
27 0.378125 0.48000000000000004 0.051250000000000004 0.043333333333333335
27 0.42875 0.4941666666666667 0.05 0.05166666666666667
27 0.434375 0.5341666666666667 0.04625 0.045000000000000005
27 0.371875 0.5291666666666667 0.02875 0.04833333333333334
27 0.404375 0.5225000000000001 0.03125 0.045000000000000005
27 0.39875 0.5708333333333334 0.04 0.058333333333333334
27 0.35375 0.5525 0.05 0.04166666666666667
27 0.4275 0.5816666666666667 0.03 0.043333333333333335
27 0.29375 0.5841666666666667 0.05 0.04833333333333334
27 0.3375 0.5983333333333334 0.0375 0.04
27 0.378125 0.6266666666666667 0.04125 0.03666666666666667
27 0.420625 0.6316666666666667 0.03375 0.04666666666666667
27 0.38875 0.6433333333333334 0.0375 0.05333333333333334
27 0.278125 0.6233333333333334 0.04625 0.05666666666666667
27 0.279375 0.6883333333333334 0.043750000000000004 0.06333333333333334
27 0.234375 0.7291666666666667 0.03875 0.06833333333333334
27 0.264375 0.7658333333333334 0.04125 0.07833333333333334
27 0.3 0.7391666666666667 0.055 0.058333333333333334
27 0.33187500000000003 0.7508333333333334 0.04125 0.06166666666666667
27 0.339375 0.6891666666666667 0.03625 0.065
27 0.36875 0.7000000000000001 0.0375 0.07333333333333333
27 0.375 0.8425 0.0475 0.06166666666666667
27 0.42812500000000003 0.8291666666666667 0.05375 0.03833333333333334
27 0.465 0.8758333333333334 0.0475 0.07166666666666667
27 0.515625 0.8333333333333334 0.04625 0.06333333333333334
27 0.484375 0.7816666666666667 0.03125 0.05666666666666667
27 0.468125 0.8116666666666668 0.03625 0.06666666666666667
27 0.558125 0.7808333333333334 0.03625 0.065
27 0.5231250000000001 0.7641666666666667 0.043750000000000004 0.07166666666666667
27 0.478125 0.7141666666666667 0.04625 0.045000000000000005
27 0.51 0.6966666666666667 0.035 0.07
27 0.536875 0.675 0.03875 0.05333333333333334
27 0.555625 0.7150000000000001 0.04125 0.05333333333333334
27 0.504375 0.6316666666666667 0.03375 0.05333333333333334
27 0.47000000000000003 0.6008333333333333 0.0475 0.04166666666666667
27 0.47750000000000004 0.6491666666666667 0.0375 0.06166666666666667
27 0.445 0.7058333333333334 0.0475 0.07166666666666667
27 0.43062500000000004 0.67 0.04625 0.060000000000000005
27 0.725 0.7258333333333333 0.04 0.058333333333333334
27 0.739375 0.7858333333333334 0.05375 0.055
27 0.81875 0.7408333333333333 0.0375 0.04833333333333334
27 0.734375 0.6416666666666667 0.06125 0.04666666666666667
27 0.70875 0.5816666666666667 0.05 0.05
27 0.7468750000000001 0.5733333333333334 0.043750000000000004 0.08
11 0.74375 0.2316666666666667 0.05 0.05
11 0.654375 0.335 0.051250000000000004 0.04
11 0.711875 0.4541666666666667 0.043750000000000004 0.058333333333333334
11 0.78125 0.5633333333333334 0.0325 0.07
11 0.569375 0.63 0.058750000000000004 0.05333333333333334
11 0.395625 0.7066666666666667 0.04875 0.04666666666666667
11 0.170625 0.38583333333333336 0.04125 0.055
26 0.3075 0.08166666666666667 0.03 0.04
18 0.45875 0.19416666666666668 0.0375 0.035
18 0.2 0.5025000000000001 0.045 0.04833333333333334
