11 0.359375 0.14333333333333334 0.03375 0.04
11 0.34500000000000003 0.21166666666666667 0.03 0.04
11 0.270625 0.24000000000000002 0.02625 0.04666666666666667
11 0.28875 0.2775 0.04 0.03166666666666667
11 0.336875 0.3066666666666667 0.03125 0.030000000000000002
11 0.4 0.26666666666666666 0.03 0.03666666666666667
11 0.240625 0.3225 0.03625 0.06166666666666667
11 0.26125 0.43500000000000005 0.0425 0.03333333333333333
11 0.22 0.4425 0.0275 0.035
11 0.43 0.43500000000000005 0.04 0.05
11 0.478125 0.35000000000000003 0.04125 0.043333333333333335
11 0.496875 0.38583333333333336 0.02875 0.058333333333333334
11 0.47000000000000003 0.46 0.0425 0.05
11 0.429375 0.48500000000000004 0.03375 0.04
11 0.39375 0.5125000000000001 0.0425 0.045000000000000005
11 0.261875 0.5191666666666667 0.03125 0.028333333333333335
11 0.316875 0.5925 0.03625 0.04833333333333334
11 0.408125 0.5866666666666667 0.03625 0.060000000000000005
11 0.2225 0.7041666666666667 0.03 0.04833333333333334
11 0.315625 0.7691666666666667 0.03375 0.03833333333333334
11 0.44625000000000004 0.6966666666666667 0.045 0.03666666666666667
11 0.505 0.6391666666666667 0.035 0.03166666666666667
11 0.509375 0.68 0.02125 0.04666666666666667
11 0.5375 0.6258333333333334 0.035 0.045000000000000005
11 0.4875 0.9016666666666667 0.03 0.03333333333333333
11 0.5181250000000001 0.8991666666666667 0.02625 0.05166666666666667
11 0.631875 0.7458333333333333 0.03625 0.035
11 0.6525 0.7591666666666668 0.0375 0.035
11 0.634375 0.5216666666666667 0.02375 0.05333333333333334
11 0.7025 0.5191666666666667 0.03 0.058333333333333334
11 0.6325000000000001 0.4675 0.05 0.03833333333333334
11 0.57125 0.5016666666666667 0.0425 0.05666666666666667
11 0.658125 0.4291666666666667 0.03625 0.045000000000000005
11 0.7325 0.33333333333333337 0.0275 0.05
11 0.753125 0.36333333333333334 0.02625 0.05666666666666667
11 0.569375 0.3425 0.04625 0.035
11 0.5906250000000001 0.31333333333333335 0.03625 0.04666666666666667
11 0.605625 0.2625 0.04125 0.04166666666666667
11 0.67 0.2575 0.025 0.055
11 0.500625 0.155 0.03875 0.03333333333333333
11 0.55875 0.21500000000000002 0.0375 0.043333333333333335
11 0.53 0.19166666666666668 0.0375 0.05
18 0.370625 0.18666666666666668 0.02875 0.030000000000000002
18 0.438125 0.1691666666666667 0.02375 0.018333333333333333
18 0.39687500000000003 0.23583333333333334 0.02125 0.025
18 0.319375 0.3891666666666667 0.02625 0.03166666666666667
18 0.278125 0.37333333333333335 0.02375 0.030000000000000002
18 0.50375 0.2675 0.0225 0.021666666666666667
18 0.526875 0.2625 0.02375 0.035
18 0.545625 0.26833333333333337 0.01625 0.03333333333333333
18 0.574375 0.24500000000000002 0.02625 0.030000000000000002
18 0.58375 0.18833333333333335 0.025 0.03333333333333333
18 0.6 0.23333333333333334 0.025 0.030000000000000002
18 0.634375 0.2041666666666667 0.02375 0.028333333333333335
18 0.646875 0.26833333333333337 0.02375 0.02666666666666667
18 0.690625 0.34750000000000003 0.02125 0.03166666666666667
18 0.715 0.3975 0.025 0.025
18 0.6175 0.41250000000000003 0.0175 0.028333333333333335
18 0.620625 0.4391666666666667 0.02875 0.028333333333333335
18 0.508125 0.4658333333333334 0.01875 0.03166666666666667
18 0.53625 0.5216666666666667 0.02 0.030000000000000002
18 0.5725 0.5475 0.025 0.028333333333333335
18 0.639375 0.5791666666666667 0.02625 0.03166666666666667
18 0.625625 0.6233333333333334 0.02375 0.02666666666666667
18 0.34 0.5116666666666667 0.0275 0.043333333333333335
18 0.34625 0.5900000000000001 0.0125 0.030000000000000002
18 0.3625 0.5916666666666667 0.02 0.03333333333333333
18 0.373125 0.6241666666666668 0.02375 0.021666666666666667
18 0.32625 0.6233333333333334 0.0225 0.030000000000000002
18 0.28125 0.6358333333333334 0.02 0.03166666666666667
18 0.6925 0.6283333333333334 0.0225 0.02666666666666667
18 0.7075 0.6858333333333334 0.0225 0.03166666666666667
18 0.675 0.7250000000000001 0.0175 0.02666666666666667
18 0.7056250000000001 0.7625000000000001 0.02625 0.025
18 0.630625 0.81 0.02125 0.02
18 0.5775 0.8300000000000001 0.0225 0.030000000000000002
18 0.5375 0.8266666666666668 0.0175 0.02666666666666667
18 0.531875 0.7491666666666668 0.01375 0.03166666666666667
18 0.516875 0.8433333333333334 0.02625 0.023333333333333334
18 0.408125 0.7033333333333334 0.02125 0.023333333333333334
18 0.39625 0.7150000000000001 0.02 0.02666666666666667
18 0.349375 0.7158333333333334 0.02875 0.025
18 0.39375 0.7766666666666667 0.0225 0.02666666666666667
18 0.32875 0.7366666666666667 0.02 0.030000000000000002
18 0.290625 0.7958333333333334 0.02625 0.028333333333333335
18 0.29125 0.68 0.025 0.030000000000000002
18 0.255625 0.7250000000000001 0.02375 0.03333333333333333
18 0.245 0.6366666666666667 0.02 0.023333333333333334
18 0.235625 0.5616666666666666 0.01875 0.03666666666666667
24 0.18625 0.5883333333333334 0.035 0.06333333333333334
19 0.318125 0.8350000000000001 0.02625 0.05
19 0.4275 0.7933333333333333 0.03 0.04666666666666667
19 0.526875 0.7091666666666667 0.03375 0.045000000000000005
19 0.5375 0.675 0.0325 0.05666666666666667
18 0.603125 0.7508333333333334 0.02375 0.025
18 0.610625 0.7158333333333334 0.02125 0.03833333333333334
19 0.745 0.48000000000000004 0.0275 0.05
19 0.765 0.4108333333333334 0.0375 0.04833333333333334
19 0.661875 0.37833333333333335 0.03875 0.05
