14 0.429290 0.216825 0.036796 0.046296
14 0.530064 0.123584 0.053464 0.048960
14 0.246960 0.173196 0.051473 0.030683
14 0.613104 0.703687 0.028675 0.059298
14 0.701168 0.873150 0.027966 0.040799
14 0.718467 0.898718 0.036022 0.028832
14 0.667849 0.940471 0.021565 0.046513
14 0.621756 0.932991 0.021328 0.044065
14 0.934458 0.917896 0.026779 0.042161
14 0.821651 0.906744 0.036259 0.023666
14 0.851392 0.931631 0.038391 0.025566
14 0.454088 0.932176 0.025830 0.029922
14 0.640025 0.508549 0.029621 0.047874
14 0.516556 0.493588 0.014458 0.034818
