11 0.39375 0.155 0.045 0.05
11 0.40125 0.21000000000000002 0.0375 0.043333333333333335
11 0.6025 0.2016666666666667 0.0325 0.05666666666666667
11 0.570625 0.3841666666666667 0.03875 0.055
11 0.531875 0.44083333333333335 0.043750000000000004 0.045000000000000005
11 0.36375 0.4866666666666667 0.045 0.04666666666666667
11 0.45375 0.49000000000000005 0.03 0.06333333333333334
11 0.511875 0.4866666666666667 0.04125 0.03666666666666667
11 0.47250000000000003 0.525 0.035 0.05333333333333334
11 0.6125 0.465 0.04 0.04666666666666667
11 0.589375 0.5016666666666667 0.03125 0.05333333333333334
11 0.571875 0.5325000000000001 0.03375 0.05166666666666667
11 0.3275 0.6483333333333334 0.03 0.05666666666666667
11 0.283125 0.7291666666666667 0.03125 0.035
11 0.39 0.6433333333333334 0.03 0.060000000000000005
11 0.41625 0.6116666666666667 0.045 0.05
11 0.42 0.645 0.0425 0.043333333333333335
11 0.421875 0.6883333333333334 0.03375 0.05666666666666667
18 0.27625 0.6925 0.03 0.045000000000000005
11 0.514375 0.7816666666666667 0.04125 0.05666666666666667
11 0.570625 0.76 0.03625 0.043333333333333335
11 0.560625 0.7133333333333334 0.03375 0.05666666666666667
11 0.615 0.7583333333333334 0.0375 0.05333333333333334
11 0.6218750000000001 0.7075 0.03625 0.045000000000000005
11 0.574375 0.6358333333333334 0.03875 0.04833333333333334
11 0.661875 0.44583333333333336 0.04125 0.05166666666666667
11 0.733125 0.45 0.03875 0.05333333333333334
11 0.72 0.5166666666666667 0.0475 0.04
11 0.7375 0.5525 0.04 0.06166666666666667
