11 0.625836 0.033901 0.070040 0.064631
12 0.226813 0.298074 0.032661 0.052794
12 0.370602 0.227870 0.020109 0.044653
12 0.479351 0.246279 0.035857 0.028199
12 0.309776 0.152075 0.043231 0.044260
12 0.270901 0.181650 0.027815 0.042303
12 0.526603 0.339698 0.023794 0.050527
12 0.593629 0.429198 0.029829 0.047003
12 0.758010 0.364962 0.040887 0.038385
12 0.908147 0.259009 0.037532 0.037996
12 0.715951 0.162064 0.033178 0.032903
12 0.567490 0.111926 0.032509 0.028203
12 0.673557 0.108207 0.040218 0.030942
12 0.670876 0.152075 0.019437 0.046610
12 0.726674 0.079809 0.024466 0.036817
12 0.545202 0.137192 0.040215 0.023892
12 0.589440 0.212006 0.044239 0.020760
12 0.630996 0.366333 0.020778 0.045828
12 0.785658 0.382392 0.043903 0.023110
12 0.586833 0.602783 0.040215 0.054995
12 0.786362 0.199393 0.039882 0.020371
14 0.748660 0.231120 0.071046 0.031335
15 0.844010 0.596210 0.144777 0.134805
7 0.428746 0.743087 0.107134 0.234642
