19 0.36062500000000003 0.2016666666666667 0.02625 0.04666666666666667
19 0.375 0.33166666666666667 0.0425 0.04666666666666667
24 0.50375 0.1716666666666667 0.04 0.05666666666666667
19 0.5750000000000001 0.21583333333333335 0.0425 0.07500000000000001
19 0.588125 0.22833333333333336 0.03625 0.05333333333333334
19 0.49375 0.2791666666666667 0.0325 0.05166666666666667
28 0.51875 0.28 0.0425 0.05333333333333334
24 0.440625 0.35833333333333334 0.043750000000000004 0.060000000000000005
24 0.27 0.33916666666666667 0.0425 0.04833333333333334
24 0.2 0.3666666666666667 0.04 0.05666666666666667
19 0.31 0.4366666666666667 0.0525 0.05
21 0.535 0.47500000000000003 0.0675 0.07666666666666667
19 0.25375000000000003 0.6225 0.04 0.05166666666666667
19 0.291875 0.625 0.03875 0.06666666666666667
24 0.484375 0.5808333333333334 0.04875 0.065
19 0.31 0.7308333333333333 0.0375 0.05166666666666667
19 0.498125 0.7575000000000001 0.04875 0.05166666666666667
19 0.538125 0.7791666666666667 0.03625 0.058333333333333334
19 0.59125 0.7425 0.0375 0.045000000000000005
19 0.47375 0.8841666666666668 0.0325 0.04833333333333334
19 0.49625 0.8783333333333334 0.04 0.043333333333333335
19 0.5750000000000001 0.8358333333333334 0.0375 0.06166666666666667
19 0.605 0.7983333333333333 0.0375 0.060000000000000005
19 0.651875 0.8275 0.03875 0.058333333333333334
24 0.441875 0.8700000000000001 0.043750000000000004 0.05666666666666667
24 0.714375 0.6475000000000001 0.043750000000000004 0.05166666666666667
28 0.73875 0.7108333333333334 0.04 0.04833333333333334
28 0.725 0.7300000000000001 0.035 0.043333333333333335
19 0.6975 0.6858333333333334 0.045 0.05166666666666667
19 0.734375 0.6783333333333333 0.03875 0.060000000000000005
19 0.6531250000000001 0.4266666666666667 0.043750000000000004 0.043333333333333335
19 0.6587500000000001 0.4683333333333334 0.0475 0.05666666666666667
24 0.725625 0.4733333333333334 0.043750000000000004 0.060000000000000005
19 0.63125 0.3641666666666667 0.035 0.045000000000000005
19 0.6575 0.22916666666666669 0.0475 0.045000000000000005
19 0.735 0.2733333333333334 0.05 0.04666666666666667
24 0.700625 0.3175 0.043750000000000004 0.06166666666666667
24 0.624375 0.3241666666666667 0.04875 0.055
24 0.646875 0.2625 0.03625 0.055
24 0.6743750000000001 0.25583333333333336 0.04125 0.065
24 0.71875 0.24666666666666667 0.0475 0.05
11 0.27187500000000003 0.36833333333333335 0.043750000000000004 0.043333333333333335
11 0.480625 0.17666666666666667 0.03875 0.05
11 0.6531250000000001 0.30250000000000005 0.043750000000000004 0.045000000000000005
11 0.551875 0.34833333333333333 0.04875 0.04
11 0.56 0.3916666666666667 0.035 0.05333333333333334
11 0.47500000000000003 0.44 0.0425 0.05
11 0.45875 0.5608333333333334 0.045 0.04166666666666667
11 0.420625 0.6358333333333334 0.043750000000000004 0.04833333333333334
11 0.54 0.63 0.03 0.06666666666666667
24 0.46187500000000004 0.7158333333333334 0.03625 0.03833333333333334
24 0.7275 0.33416666666666667 0.035 0.045000000000000005
23 0.525625 0.22833333333333336 0.04125 0.04666666666666667
11 0.59 0.17250000000000001 0.0375 0.025
21 0.5493750000000001 0.1716666666666667 0.043750000000000004 0.043333333333333335
21 0.683125 0.21166666666666667 0.043750000000000004 0.04666666666666667
19 0.7175 0.6066666666666667 0.0325 0.04666666666666667
11 0.2725 0.3691666666666667 0.0375 0.028333333333333335
