11 0.10187500000000001 0.21750000000000003 0.05375 0.07833333333333334
11 0.120625 0.0325 0.04875 0.055
11 0.305 0.08416666666666667 0.0575 0.10166666666666667
11 0.3975 0.16833333333333333 0.0475 0.05666666666666667
11 0.42625 0.19333333333333336 0.045 0.08666666666666667
11 0.465 0.1991666666666667 0.0475 0.07833333333333334
11 0.45375 0.2791666666666667 0.0525 0.07500000000000001
11 0.48125 0.2366666666666667 0.045 0.05333333333333334
11 0.51125 0.25916666666666666 0.0575 0.065
11 0.5025000000000001 0.38 0.055 0.07333333333333333
11 0.37375 0.4816666666666667 0.0525 0.08333333333333334
11 0.44625000000000004 0.4791666666666667 0.0425 0.08833333333333333
11 0.074375 0.41250000000000003 0.04625 0.05166666666666667
11 0.0925 0.48250000000000004 0.06 0.06166666666666667
11 0.56875 0.44833333333333336 0.05 0.08666666666666667
11 0.6125 0.48750000000000004 0.0475 0.095
11 0.5775 0.5358333333333334 0.055 0.07833333333333334
11 0.81875 0.5116666666666667 0.0575 0.07333333333333333
11 0.68 0.5900000000000001 0.055 0.06333333333333334
11 0.659375 0.6333333333333334 0.05625 0.05666666666666667
11 0.6575 0.7316666666666667 0.05 0.08
11 0.61 0.7408333333333333 0.0475 0.06166666666666667
11 0.58125 0.7883333333333333 0.05 0.07666666666666667
11 0.463125 0.9158333333333334 0.051250000000000004 0.07166666666666667
11 0.4825 0.6925 0.05 0.08833333333333333
11 0.525 0.6475000000000001 0.05 0.09166666666666667
11 0.58875 0.63 0.06 0.08
11 0.47500000000000003 0.5608333333333334 0.055 0.07500000000000001
11 0.439375 0.6525000000000001 0.04875 0.07500000000000001
27 0.744375 0.6258333333333334 0.05625 0.09833333333333334
27 0.42375 0.6050000000000001 0.0575 0.06333333333333334
27 0.27 0.36000000000000004 0.0575 0.09000000000000001
27 0.47750000000000004 0.08083333333333334 0.065 0.06833333333333334
18 0.14250000000000002 0.2966666666666667 0.035 0.03666666666666667
18 0.170625 0.43833333333333335 0.02375 0.04666666666666667
18 0.14 0.5091666666666667 0.03 0.03833333333333334
18 0.059375000000000004 0.5908333333333333 0.03125 0.03833333333333334
18 0.1475 0.6008333333333333 0.0225 0.05166666666666667
18 0.16875 0.5975 0.0325 0.04833333333333334
18 0.13875 0.8475 0.0325 0.045000000000000005
18 0.21375 0.7300000000000001 0.0325 0.04666666666666667
18 0.27375 0.7200000000000001 0.045 0.04
18 0.255625 0.7833333333333334 0.03125 0.05333333333333334
18 0.27625 0.7533333333333334 0.035 0.03333333333333333
18 0.284375 0.7808333333333334 0.03875 0.035
18 0.28875 0.8116666666666668 0.04 0.04
18 0.31875000000000003 0.8266666666666668 0.0325 0.043333333333333335
18 0.330625 0.7716666666666667 0.03125 0.04
18 0.35375 0.7725000000000001 0.0325 0.05166666666666667
18 0.359375 0.8216666666666668 0.03625 0.05666666666666667
18 0.34125 0.8708333333333333 0.035 0.04166666666666667
18 0.38625 0.8575 0.03 0.04833333333333334
18 0.43375 0.8308333333333334 0.0275 0.055
18 0.30875 0.8833333333333334 0.03 0.030000000000000002
18 0.306875 0.9233333333333333 0.03375 0.04
18 0.380625 0.91 0.03625 0.043333333333333335
18 0.50125 0.8558333333333333 0.04 0.04166666666666667
18 0.535625 0.8341666666666667 0.03875 0.05166666666666667
18 0.709375 0.8016666666666667 0.03375 0.05
18 0.775625 0.7966666666666667 0.03875 0.043333333333333335
18 0.636875 0.79 0.03375 0.05333333333333334
18 0.85875 0.5991666666666667 0.035 0.045000000000000005
18 0.725625 0.4708333333333334 0.03375 0.045000000000000005
18 0.665625 0.4808333333333334 0.03375 0.04833333333333334
23 0.49125 0.49000000000000005 0.065 0.07333333333333333
18 0.715 0.35333333333333333 0.0275 0.05666666666666667
18 0.661875 0.36583333333333334 0.02875 0.05166666666666667
18 0.520625 0.3116666666666667 0.04625 0.05666666666666667
18 0.661875 0.25833333333333336 0.03375 0.04666666666666667
19 0.308125 0.5216666666666667 0.051250000000000004 0.08
24 0.5975 0.1991666666666667 0.065 0.085
19 0.371875 0.17916666666666667 0.03625 0.08166666666666667
