11 0.41625 0.14583333333333334 0.0325 0.04166666666666667
11 0.3325 0.16833333333333333 0.0325 0.023333333333333334
11 0.34625 0.2025 0.03 0.04833333333333334
11 0.325625 0.19416666666666668 0.02125 0.03833333333333334
11 0.3 0.20083333333333334 0.03 0.035
11 0.27625 0.22833333333333336 0.0225 0.03666666666666667
11 0.33 0.24000000000000002 0.0325 0.03666666666666667
11 0.351875 0.2625 0.03125 0.05166666666666667
11 0.283125 0.26333333333333336 0.02625 0.043333333333333335
11 0.3 0.2841666666666667 0.04 0.035
11 0.224375 0.36250000000000004 0.02875 0.028333333333333335
11 0.24375 0.37583333333333335 0.0225 0.045000000000000005
11 0.2575 0.42500000000000004 0.025 0.05333333333333334
11 0.26375 0.5008333333333334 0.0375 0.03833333333333334
11 0.18875 0.4683333333333334 0.0225 0.04666666666666667
11 0.211875 0.6466666666666667 0.03125 0.05
11 0.27187500000000003 0.6125 0.02625 0.055
11 0.36125 0.7175 0.04 0.03833333333333334
11 0.419375 0.48500000000000004 0.02375 0.05666666666666667
11 0.44625000000000004 0.35500000000000004 0.0375 0.03666666666666667
11 0.471875 0.3741666666666667 0.02875 0.04833333333333334
11 0.5962500000000001 0.3458333333333334 0.03 0.028333333333333335
11 0.664375 0.37833333333333335 0.043750000000000004 0.03666666666666667
11 0.75 0.4058333333333334 0.02 0.04166666666666667
11 0.759375 0.46416666666666667 0.02625 0.04166666666666667
11 0.758125 0.4991666666666667 0.02875 0.03833333333333334
11 0.764375 0.545 0.02125 0.05
11 0.62125 0.4491666666666667 0.035 0.03833333333333334
11 0.524375 0.53 0.03375 0.05
11 0.573125 0.5608333333333334 0.03375 0.055
11 0.7075 0.6258333333333334 0.0375 0.045000000000000005
11 0.734375 0.6525000000000001 0.03375 0.035
11 0.6900000000000001 0.7116666666666667 0.025 0.04666666666666667
11 0.69875 0.7416666666666667 0.0225 0.043333333333333335
11 0.664375 0.7583333333333334 0.02625 0.04666666666666667
11 0.67625 0.7833333333333334 0.0175 0.043333333333333335
11 0.6950000000000001 0.7958333333333334 0.0275 0.03833333333333334
11 0.6425 0.7958333333333334 0.035 0.04166666666666667
11 0.615625 0.8233333333333334 0.03625 0.04666666666666667
11 0.6481250000000001 0.8333333333333334 0.02625 0.043333333333333335
11 0.585 0.7358333333333333 0.0375 0.035
11 0.5493750000000001 0.8750000000000001 0.03375 0.03666666666666667
11 0.393125 0.8600000000000001 0.03125 0.04666666666666667
11 0.37625000000000003 0.8675 0.0325 0.04166666666666667
27 0.728125 0.5950000000000001 0.02625 0.05
27 0.353125 0.8408333333333334 0.03625 0.03166666666666667
27 0.3175 0.81 0.0325 0.03666666666666667
27 0.704375 0.27166666666666667 0.03875 0.05
11 0.65125 0.20083333333333334 0.04 0.035
27 0.661875 0.23500000000000001 0.03625 0.03666666666666667
19 0.335 0.35250000000000004 0.0425 0.04833333333333334
19 0.291875 0.545 0.02875 0.04666666666666667
19 0.33187500000000003 0.5808333333333334 0.04125 0.05166666666666667
18 0.195 0.515 0.0175 0.03333333333333333
18 0.20625000000000002 0.4783333333333334 0.015 0.03666666666666667
18 0.23 0.5925 0.025 0.035
18 0.313125 0.6416666666666667 0.02125 0.030000000000000002
18 0.335 0.6825 0.025 0.04166666666666667
18 0.41125 0.545 0.0225 0.03333333333333333
18 0.404375 0.5716666666666667 0.01875 0.03333333333333333
18 0.421875 0.6633333333333333 0.02375 0.03333333333333333
18 0.438125 0.6866666666666668 0.02125 0.030000000000000002
18 0.4625 0.7250000000000001 0.025 0.030000000000000002
18 0.48812500000000003 0.7266666666666667 0.02625 0.030000000000000002
18 0.486875 0.7516666666666667 0.02625 0.023333333333333334
18 0.481875 0.7758333333333334 0.01625 0.03166666666666667
18 0.5075000000000001 0.7725000000000001 0.0225 0.025
18 0.500625 0.79 0.02875 0.02666666666666667
18 0.4825 0.8291666666666667 0.025 0.028333333333333335
18 0.42 0.8566666666666667 0.0175 0.030000000000000002
18 0.51625 0.8400000000000001 0.02 0.02666666666666667
18 0.535625 0.7458333333333333 0.02375 0.035
18 0.546875 0.62 0.02125 0.03333333333333333
18 0.640625 0.6208333333333333 0.02375 0.03166666666666667
18 0.66 0.7191666666666667 0.0325 0.03166666666666667
18 0.645 0.7433333333333334 0.0225 0.030000000000000002
18 0.62 0.7433333333333334 0.0325 0.030000000000000002
18 0.69625 0.5608333333333334 0.0175 0.03166666666666667
18 0.68125 0.5483333333333333 0.015 0.030000000000000002
18 0.661875 0.5991666666666667 0.02125 0.035
18 0.545625 0.8250000000000001 0.02625 0.023333333333333334
18 0.571875 0.4416666666666667 0.02125 0.02666666666666667
18 0.588125 0.3975 0.02375 0.03166666666666667
18 0.5825 0.36083333333333334 0.0275 0.03166666666666667
18 0.6575 0.27666666666666667 0.0275 0.02666666666666667
18 0.7125 0.3216666666666667 0.0225 0.030000000000000002
18 0.68625 0.40750000000000003 0.0225 0.035
18 0.719375 0.4133333333333334 0.02375 0.03666666666666667
18 0.45 0.4758333333333334 0.03 0.03166666666666667
18 0.47750000000000004 0.5516666666666667 0.0325 0.03666666666666667
19 0.685625 0.3691666666666667 0.03375 0.04833333333333334
19 0.595 0.5866666666666667 0.045 0.05
18 0.28250000000000003 0.3225 0.0175 0.03833333333333334
27 0.246875 0.2758333333333334 0.02875 0.045000000000000005
27 0.218125 0.3325 0.04125 0.05166666666666667
18 0.36875 0.7491666666666668 0.0275 0.028333333333333335
18 0.43125 0.8300000000000001 0.02 0.02666666666666667
