27 0.520625 0.030000000000000002 0.06875 0.04666666666666667
11 0.58 0.2566666666666667 0.07 0.08666666666666667
11 0.28250000000000003 0.5958333333333333 0.06 0.07833333333333334
11 0.33875 0.6675000000000001 0.0525 0.10166666666666667
11 0.38625 0.6441666666666667 0.08 0.058333333333333334
11 0.5906250000000001 0.6416666666666667 0.051250000000000004 0.09000000000000001
11 0.765625 0.8558333333333333 0.05375 0.06833333333333334
24 0.384375 0.3916666666666667 0.058750000000000004 0.1
18 0.285625 0.3825 0.03625 0.03166666666666667
18 0.13375 0.4291666666666667 0.035 0.045000000000000005
18 0.08625000000000001 0.4758333333333334 0.04 0.03833333333333334
18 0.07375 0.5233333333333333 0.0375 0.04
18 0.109375 0.5125000000000001 0.03625 0.04166666666666667
18 0.104375 0.5591666666666667 0.03625 0.035
18 0.13625 0.5783333333333334 0.035 0.04666666666666667
18 0.14625 0.5458333333333334 0.035 0.04833333333333334
18 0.216875 0.5800000000000001 0.03875 0.04666666666666667
18 0.241875 0.6900000000000001 0.03625 0.04666666666666667
18 0.21875 0.6583333333333333 0.035 0.030000000000000002
18 0.17250000000000001 0.7133333333333334 0.04 0.043333333333333335
18 0.18937500000000002 0.745 0.03625 0.043333333333333335
18 0.19 0.7741666666666667 0.0375 0.03833333333333334
18 0.1975 0.6958333333333334 0.03 0.03833333333333334
19 0.203125 0.6291666666666667 0.058750000000000004 0.058333333333333334
19 0.164375 0.655 0.07125000000000001 0.07666666666666667
18 0.3025 0.7216666666666667 0.035 0.05333333333333334
18 0.3375 0.7241666666666667 0.0325 0.04166666666666667
18 0.41875 0.6833333333333333 0.03 0.05333333333333334
18 0.45437500000000003 0.63 0.03125 0.05666666666666667
18 0.22625 0.8091666666666667 0.04 0.035
18 0.263125 0.885 0.02625 0.05
23 0.31375000000000003 0.9533333333333334 0.05 0.08
18 0.505625 0.795 0.03375 0.05666666666666667
18 0.629375 0.7708333333333334 0.02875 0.058333333333333334
18 0.448125 0.8166666666666668 0.03875 0.03333333333333333
18 0.49125 0.8516666666666667 0.0375 0.030000000000000002
18 0.565625 0.8225 0.02875 0.058333333333333334
18 0.526875 0.9133333333333334 0.03875 0.030000000000000002
18 0.54875 0.9758333333333334 0.03 0.03833333333333334
18 0.625625 0.9133333333333334 0.03625 0.03333333333333333
18 0.606875 0.8450000000000001 0.03625 0.05
18 0.683125 0.8366666666666667 0.03375 0.043333333333333335
18 0.709375 0.8916666666666667 0.03875 0.04
18 0.825625 0.4991666666666667 0.03625 0.06166666666666667
18 0.72875 0.47750000000000004 0.0425 0.055
18 0.6531250000000001 0.45583333333333337 0.02875 0.05166666666666667
18 0.605625 0.4866666666666667 0.04125 0.043333333333333335
18 0.713125 0.37833333333333335 0.04125 0.05
20 0.6875 0.6016666666666667 0.06 0.05333333333333334
