21 0.30375 0.18250000000000002 0.06 0.06166666666666667
18 0.32125 0.18916666666666668 0.0225 0.03166666666666667
18 0.34125 0.21083333333333334 0.0275 0.035
18 0.425 0.21750000000000003 0.0225 0.03833333333333334
21 0.470625 0.18666666666666668 0.05375 0.060000000000000005
21 0.539375 0.22833333333333336 0.05625 0.07
24 0.57625 0.17666666666666667 0.05 0.05666666666666667
18 0.5875 0.20750000000000002 0.025 0.04166666666666667
18 0.644375 0.24000000000000002 0.02625 0.030000000000000002
18 0.52125 0.2841666666666667 0.0225 0.04166666666666667
18 0.48 0.26333333333333336 0.025 0.043333333333333335
18 0.581875 0.31333333333333335 0.02875 0.03666666666666667
18 0.6825 0.30250000000000005 0.0225 0.03833333333333334
24 0.628125 0.27166666666666667 0.04125 0.05333333333333334
19 0.5593750000000001 0.29833333333333334 0.051250000000000004 0.043333333333333335
20 0.66125 0.3041666666666667 0.025 0.04166666666666667
21 0.7275 0.3566666666666667 0.0425 0.05666666666666667
21 0.671875 0.40750000000000003 0.04875 0.065
18 0.62375 0.39416666666666667 0.025 0.03166666666666667
18 0.704375 0.42583333333333334 0.02625 0.03166666666666667
24 0.74 0.4525 0.04 0.08166666666666667
23 0.766875 0.4708333333333334 0.03875 0.04833333333333334
18 0.685 0.45583333333333337 0.0225 0.03166666666666667
18 0.66 0.49750000000000005 0.0275 0.04166666666666667
18 0.675 0.5158333333333334 0.0275 0.035
18 0.645625 0.5216666666666667 0.02625 0.03333333333333333
20 0.63625 0.46166666666666667 0.0325 0.04
20 0.6900000000000001 0.49333333333333335 0.025 0.03333333333333333
19 0.603125 0.45083333333333336 0.03875 0.06833333333333334
21 0.71875 0.5025000000000001 0.0625 0.06166666666666667
18 0.7275 0.5408333333333334 0.025 0.028333333333333335
21 0.735 0.55 0.0475 0.06333333333333334
21 0.725 0.6016666666666667 0.045 0.07
21 0.640625 0.5575 0.04625 0.06166666666666667
24 0.61 0.5375000000000001 0.0525 0.055
18 0.58375 0.5816666666666667 0.03 0.03666666666666667
18 0.624375 0.6091666666666667 0.02875 0.03833333333333334
24 0.665625 0.6025 0.02125 0.058333333333333334
20 0.75375 0.6166666666666667 0.025 0.04
18 0.77125 0.6083333333333334 0.025 0.03666666666666667
19 0.723125 0.6491666666666667 0.04625 0.05166666666666667
24 0.67875 0.6583333333333333 0.0425 0.060000000000000005
18 0.71375 0.6791666666666667 0.0225 0.03166666666666667
18 0.71 0.6991666666666667 0.025 0.025
18 0.69875 0.7233333333333334 0.0225 0.043333333333333335
18 0.681875 0.7333333333333334 0.03125 0.030000000000000002
18 0.6793750000000001 0.7091666666666667 0.02375 0.021666666666666667
18 0.62125 0.6741666666666667 0.025 0.035
18 0.5925 0.6741666666666667 0.025 0.03166666666666667
18 0.579375 0.645 0.02375 0.03333333333333333
18 0.63375 0.7283333333333334 0.0225 0.03333333333333333
18 0.644375 0.7883333333333333 0.02625 0.02666666666666667
18 0.640625 0.8150000000000001 0.03125 0.02666666666666667
18 0.575625 0.8008333333333334 0.02375 0.03166666666666667
18 0.569375 0.8566666666666667 0.02625 0.03333333333333333
18 0.50875 0.8616666666666667 0.02 0.02666666666666667
18 0.499375 0.8875000000000001 0.02125 0.028333333333333335
18 0.47500000000000003 0.8125 0.02 0.03166666666666667
18 0.489375 0.8200000000000001 0.02375 0.02666666666666667
18 0.496875 0.6783333333333333 0.03375 0.030000000000000002
24 0.6125 0.7366666666666667 0.045 0.060000000000000005
18 0.6775 0.765 0.02 0.02666666666666667
21 0.5543750000000001 0.6358333333333334 0.03875 0.06166666666666667
21 0.530625 0.6158333333333333 0.05375 0.058333333333333334
24 0.55375 0.8300000000000001 0.0425 0.05666666666666667
21 0.4925 0.78 0.0375 0.09000000000000001
18 0.485 0.7308333333333333 0.0225 0.028333333333333335
18 0.466875 0.7408333333333333 0.01625 0.03166666666666667
18 0.46187500000000004 0.7675000000000001 0.02625 0.03833333333333334
18 0.438125 0.8408333333333334 0.02875 0.035
18 0.433125 0.8566666666666667 0.02875 0.03333333333333333
18 0.403125 0.8491666666666667 0.02375 0.03166666666666667
20 0.409375 0.8883333333333334 0.02375 0.030000000000000002
19 0.446875 0.7075 0.03625 0.055
21 0.42562500000000003 0.665 0.051250000000000004 0.05666666666666667
18 0.403125 0.7041666666666667 0.01625 0.035
18 0.39 0.7466666666666667 0.02 0.03333333333333333
18 0.376875 0.7441666666666668 0.02125 0.03166666666666667
18 0.33437500000000003 0.8091666666666667 0.02375 0.03166666666666667
18 0.27 0.7216666666666667 0.03 0.03666666666666667
19 0.264375 0.7691666666666667 0.03875 0.035
21 0.31 0.6966666666666667 0.045 0.05333333333333334
20 0.34875 0.6541666666666667 0.04 0.04166666666666667
18 0.36375 0.6866666666666668 0.0225 0.03333333333333333
18 0.348125 0.6941666666666667 0.02125 0.028333333333333335
18 0.33375 0.6900000000000001 0.02 0.030000000000000002
24 0.384375 0.615 0.04625 0.05
18 0.28125 0.6291666666666667 0.03 0.03833333333333334
18 0.25875 0.6166666666666667 0.0225 0.03333333333333333
18 0.2525 0.39333333333333337 0.02 0.030000000000000002
20 0.183125 0.4708333333333334 0.02375 0.03166666666666667
19 0.215 0.5208333333333334 0.0375 0.045000000000000005
