27 0.81375 0.31 0.0375 0.06333333333333334
23 0.39437500000000003 0.22083333333333335 0.04875 0.058333333333333334
22 0.5387500000000001 0.21583333333333335 0.0275 0.04833333333333334
23 0.45375 0.3516666666666667 0.0425 0.07333333333333333
24 0.291875 0.3416666666666667 0.06125 0.09666666666666668
24 0.25625 0.4316666666666667 0.0525 0.08666666666666667
23 0.22875 0.5083333333333334 0.0575 0.07666666666666667
23 0.30125 0.55 0.0475 0.06666666666666667
23 0.305 0.49333333333333335 0.0475 0.060000000000000005
18 0.29812500000000003 0.4466666666666667 0.03125 0.04
23 0.421875 0.6391666666666667 0.04875 0.05166666666666667
21 0.47000000000000003 0.6433333333333334 0.0725 0.08666666666666667
21 0.5575 0.6525000000000001 0.08 0.085
20 0.343125 0.7933333333333333 0.03875 0.05
