11 0.42812500000000003 0.11916666666666667 0.04875 0.08833333333333333
11 0.5437500000000001 0.2758333333333334 0.07 0.07833333333333334
11 0.645 0.5633333333333334 0.05 0.09000000000000001
11 0.374375 0.3791666666666667 0.06875 0.06166666666666667
11 0.230625 0.36333333333333334 0.06625 0.06333333333333334
11 0.17375000000000002 0.4491666666666667 0.0725 0.10500000000000001
11 0.2425 0.5141666666666667 0.06 0.085
11 0.311875 0.5125000000000001 0.07125000000000001 0.07833333333333334
11 0.4625 0.8658333333333333 0.06 0.08166666666666667
11 0.4225 0.9141666666666667 0.0725 0.06166666666666667
