20 0.42625 0.12583333333333335 0.0425 0.085
19 0.386875 0.03666666666666667 0.03625 0.07
20 0.11875000000000001 0.5508333333333334 0.0325 0.058333333333333334
20 0.155625 0.5741666666666667 0.04625 0.04166666666666667
20 0.249375 0.555 0.03625 0.05666666666666667
20 0.22312500000000002 0.5825 0.043750000000000004 0.055
20 0.216875 0.6325000000000001 0.03125 0.058333333333333334
20 0.28500000000000003 0.6541666666666667 0.0375 0.06833333333333334
20 0.2575 0.7025 0.035 0.07166666666666667
20 0.34125 0.7291666666666667 0.0375 0.04166666666666667
20 0.30375 0.7408333333333333 0.04 0.045000000000000005
20 0.353125 0.7741666666666667 0.04125 0.05166666666666667
20 0.404375 0.79 0.03875 0.04
20 0.3125 0.775 0.025 0.04666666666666667
20 0.315625 0.8125 0.04125 0.045000000000000005
20 0.29812500000000003 0.8200000000000001 0.03625 0.05666666666666667
20 0.354375 0.8316666666666667 0.03125 0.03333333333333333
20 0.3625 0.8675 0.045 0.06833333333333334
20 0.405 0.88 0.0425 0.060000000000000005
20 0.32 0.8716666666666667 0.03 0.04
20 0.280625 0.8491666666666667 0.03875 0.028333333333333335
20 0.23500000000000001 0.8 0.035 0.05
19 0.26875 0.8116666666666668 0.045 0.05
20 0.229375 0.7441666666666668 0.03125 0.04833333333333334
20 0.234375 0.7083333333333334 0.03125 0.05333333333333334
20 0.20875 0.6941666666666667 0.03 0.04166666666666667
20 0.18 0.7250000000000001 0.03 0.05
20 0.155 0.7666666666666667 0.035 0.05
20 0.139375 0.7241666666666667 0.03875 0.055
20 0.16375 0.7008333333333334 0.035 0.04833333333333334
20 0.1825 0.6616666666666667 0.0375 0.04
20 0.22062500000000002 0.9391666666666667 0.043750000000000004 0.03833333333333334
20 0.4425 0.9608333333333334 0.045 0.05166666666666667
20 0.495 0.9750000000000001 0.0375 0.04666666666666667
20 0.533125 0.9741666666666667 0.03375 0.045000000000000005
20 0.414375 0.92 0.03625 0.030000000000000002
20 0.50625 0.8416666666666667 0.055 0.05
20 0.588125 0.8791666666666668 0.04125 0.055
20 0.58375 0.8183333333333334 0.045 0.060000000000000005
20 0.6012500000000001 0.7691666666666667 0.04 0.058333333333333334
20 0.62875 0.7333333333333334 0.0325 0.05666666666666667
20 0.589375 0.685 0.04125 0.05666666666666667
20 0.548125 0.7258333333333333 0.04125 0.035
20 0.495 0.7633333333333334 0.0475 0.06666666666666667
20 0.44875 0.7708333333333334 0.055 0.045000000000000005
20 0.44625000000000004 0.7183333333333334 0.0475 0.06333333333333334
20 0.485 0.7016666666666667 0.035 0.04
20 0.525 0.7041666666666667 0.0525 0.06166666666666667
20 0.55875 0.6725000000000001 0.0275 0.055
20 0.556875 0.6291666666666667 0.03375 0.055
20 0.52 0.6358333333333334 0.04 0.055
20 0.48562500000000003 0.6258333333333334 0.03625 0.055
20 0.51875 0.4033333333333334 0.0425 0.07
20 0.540625 0.44583333333333336 0.04125 0.04166666666666667
20 0.604375 0.5016666666666667 0.03625 0.060000000000000005
19 0.5700000000000001 0.3325 0.0425 0.04833333333333334
19 0.62625 0.44 0.0625 0.07
20 0.6125 0.22 0.0375 0.05333333333333334
13 0.565625 0.2025 0.051250000000000004 0.058333333333333334
20 0.57125 0.0475 0.0325 0.05166666666666667
20 0.551875 0.06583333333333334 0.03125 0.05166666666666667
20 0.64375 0.07083333333333333 0.04 0.045000000000000005
20 0.65375 0.10750000000000001 0.045 0.04833333333333334
20 0.743125 0.18500000000000003 0.043750000000000004 0.05333333333333334
20 0.765625 0.13583333333333333 0.043750000000000004 0.065
20 0.7000000000000001 0.29833333333333334 0.0425 0.07
20 0.7125 0.275 0.0375 0.043333333333333335
20 0.75375 0.3075 0.0375 0.04833333333333334
20 0.78125 0.29083333333333333 0.035 0.065
20 0.701875 0.36750000000000005 0.051250000000000004 0.055
20 0.8125 0.35333333333333333 0.0375 0.04
20 0.836875 0.325 0.02625 0.05666666666666667
20 0.82125 0.39083333333333337 0.04 0.055
20 0.729375 0.5016666666666667 0.03875 0.05333333333333334
20 0.7468750000000001 0.5391666666666667 0.02875 0.05166666666666667
20 0.766875 0.5733333333333334 0.04625 0.05
20 0.8125 0.5491666666666667 0.0425 0.06166666666666667
20 0.795625 0.6083333333333334 0.03875 0.060000000000000005
20 0.6925 0.5483333333333333 0.035 0.05666666666666667
20 0.724375 0.5616666666666666 0.03375 0.05666666666666667
20 0.76 0.6016666666666667 0.04 0.04666666666666667
20 0.67875 0.6466666666666667 0.045 0.05
20 0.75 0.6425000000000001 0.0425 0.04833333333333334
19 0.780625 0.6791666666666667 0.03125 0.06833333333333334
20 0.8093750000000001 0.7000000000000001 0.03375 0.05333333333333334
20 0.754375 0.75 0.03125 0.04666666666666667
20 0.7275 0.7008333333333334 0.0325 0.045000000000000005
20 0.6925 0.7250000000000001 0.0425 0.05666666666666667
20 0.7175 0.765 0.0375 0.03333333333333333
20 0.75625 0.7983333333333333 0.0375 0.043333333333333335
20 0.69625 0.8025000000000001 0.0425 0.04833333333333334
20 0.67125 0.8158333333333334 0.0325 0.058333333333333334
20 0.745 0.8416666666666667 0.0375 0.05333333333333334
20 0.7675000000000001 0.8691666666666668 0.0325 0.045000000000000005
20 0.8512500000000001 0.6616666666666667 0.04 0.043333333333333335
20 0.9031250000000001 0.5191666666666667 0.03875 0.058333333333333334
20 0.865 0.5208333333333334 0.02 0.05166666666666667
20 0.8875000000000001 0.4516666666666667 0.0375 0.060000000000000005
20 0.8825000000000001 0.3641666666666667 0.0275 0.04833333333333334
20 0.855 0.3891666666666667 0.03 0.045000000000000005
20 0.860625 0.3425 0.03625 0.03166666666666667
18 0.81125 0.3091666666666667 0.0275 0.03833333333333334
20 0.441875 0.025 0.051250000000000004 0.05333333333333334
20 0.07125000000000001 0.4241666666666667 0.0375 0.04166666666666667
18 0.22312500000000002 0.44833333333333336 0.03125 0.05333333333333334
19 0.445 0.8475 0.065 0.055
