18 0.401875 0.15833333333333335 0.03625 0.05666666666666667
18 0.26687500000000003 0.3791666666666667 0.02875 0.06166666666666667
18 0.46625 0.4166666666666667 0.0375 0.03333333333333333
18 0.50375 0.2783333333333334 0.0525 0.060000000000000005
20 0.4975 0.08833333333333333 0.05 0.07
11 0.4525 0.029166666666666667 0.0375 0.06166666666666667
11 0.395625 0.4441666666666667 0.06125 0.08833333333333333
11 0.61875 0.5008333333333334 0.05 0.07500000000000001
11 0.66125 0.32916666666666666 0.07 0.05166666666666667
11 0.54125 0.6141666666666667 0.08 0.055
11 0.500625 0.8533333333333334 0.04625 0.10333333333333335
11 0.419375 0.7733333333333334 0.043750000000000004 0.08666666666666667
11 0.6325000000000001 0.9716666666666667 0.045 0.05333333333333334
11 0.85375 0.10916666666666668 0.0375 0.07166666666666667
18 0.936875 0.275 0.02625 0.05
