19 0.39937500000000004 0.15666666666666668 0.04125 0.04
19 0.356875 0.16083333333333336 0.03875 0.04166666666666667
19 0.370625 0.1366666666666667 0.03125 0.03666666666666667
19 0.34125 0.14416666666666667 0.0275 0.045000000000000005
19 0.395625 0.19166666666666668 0.03875 0.05666666666666667
19 0.395 0.24000000000000002 0.045 0.05333333333333334
19 0.33437500000000003 0.2525 0.03125 0.05166666666666667
19 0.42125 0.35250000000000004 0.04 0.06166666666666667
19 0.48 0.34500000000000003 0.0425 0.06666666666666667
19 0.5437500000000001 0.37583333333333335 0.0375 0.065
19 0.54125 0.4133333333333334 0.0425 0.04666666666666667
19 0.446875 0.4591666666666667 0.04125 0.045000000000000005
11 0.408125 0.42083333333333334 0.04125 0.03833333333333334
24 0.3375 0.41833333333333333 0.0475 0.05666666666666667
19 0.56875 0.45083333333333336 0.035 0.08166666666666667
19 0.570625 0.5033333333333334 0.03625 0.05333333333333334
19 0.62 0.4658333333333334 0.0375 0.058333333333333334
19 0.595 0.5041666666666667 0.0325 0.04166666666666667
19 0.595625 0.4675 0.02875 0.055
19 0.63375 0.5016666666666667 0.0375 0.06333333333333334
19 0.6725 0.4366666666666667 0.0425 0.05333333333333334
19 0.659375 0.3825 0.03875 0.055
19 0.6125 0.3916666666666667 0.0375 0.043333333333333335
19 0.604375 0.4025 0.03375 0.04833333333333334
19 0.618125 0.32666666666666666 0.03375 0.04666666666666667
19 0.584375 0.31083333333333335 0.03375 0.055
27 0.531875 0.2916666666666667 0.03125 0.04666666666666667
19 0.530625 0.17416666666666666 0.04125 0.05166666666666667
19 0.48562500000000003 0.14833333333333334 0.03625 0.043333333333333335
21 0.444375 0.14750000000000002 0.04625 0.04833333333333334
18 0.480625 0.195 0.03125 0.03666666666666667
11 0.729375 0.33416666666666667 0.03125 0.04833333333333334
21 0.6481250000000001 0.4291666666666667 0.051250000000000004 0.058333333333333334
19 0.6925 0.34833333333333333 0.0325 0.043333333333333335
19 0.715 0.3491666666666667 0.04 0.055
19 0.740625 0.38 0.03625 0.05333333333333334
19 0.7275 0.41833333333333333 0.0525 0.060000000000000005
19 0.705 0.43583333333333335 0.0325 0.058333333333333334
19 0.716875 0.47000000000000003 0.03875 0.05666666666666667
19 0.718125 0.5175000000000001 0.03625 0.05166666666666667
19 0.749375 0.5033333333333334 0.04625 0.05333333333333334
28 0.7056250000000001 0.48500000000000004 0.04625 0.05
21 0.6675 0.4841666666666667 0.0525 0.07833333333333334
21 0.7775 0.5316666666666667 0.0575 0.05333333333333334
19 0.75375 0.5391666666666667 0.0275 0.055
19 0.7781250000000001 0.5633333333333334 0.03875 0.04
19 0.761875 0.5958333333333333 0.03125 0.058333333333333334
19 0.735 0.6083333333333334 0.04 0.043333333333333335
19 0.69625 0.5733333333333334 0.0425 0.04
19 0.655 0.5358333333333334 0.045 0.045000000000000005
19 0.680625 0.6000000000000001 0.03625 0.05
19 0.7075 0.5966666666666667 0.0325 0.07
19 0.656875 0.6516666666666667 0.04625 0.05666666666666667
19 0.67875 0.7008333333333334 0.0375 0.04166666666666667
19 0.728125 0.7191666666666667 0.03875 0.04833333333333334
21 0.7075 0.6725000000000001 0.055 0.058333333333333334
19 0.625 0.7333333333333334 0.0475 0.05
19 0.63375 0.76 0.05 0.03666666666666667
19 0.651875 0.7858333333333334 0.03125 0.04833333333333334
19 0.6575 0.8300000000000001 0.04 0.05
19 0.633125 0.6341666666666667 0.03875 0.04166666666666667
24 0.614375 0.6508333333333334 0.051250000000000004 0.065
19 0.63 0.6733333333333333 0.04 0.03666666666666667
19 0.564375 0.7616666666666667 0.043750000000000004 0.060000000000000005
19 0.583125 0.8216666666666668 0.03875 0.060000000000000005
19 0.59125 0.8716666666666667 0.035 0.07666666666666667
19 0.533125 0.9008333333333334 0.04125 0.045000000000000005
20 0.4875 0.8266666666666668 0.05 0.04
24 0.504375 0.8650000000000001 0.04125 0.05
19 0.47500000000000003 0.8983333333333334 0.0525 0.043333333333333335
23 0.52 0.7416666666666667 0.04 0.05
19 0.47750000000000004 0.755 0.04 0.043333333333333335
19 0.48562500000000003 0.785 0.04125 0.06666666666666667
19 0.603125 0.7508333333333334 0.02875 0.04833333333333334
19 0.52375 0.6933333333333334 0.0425 0.060000000000000005
19 0.564375 0.6691666666666667 0.051250000000000004 0.05166666666666667
19 0.514375 0.65 0.03375 0.04666666666666667
19 0.465625 0.68 0.04625 0.05666666666666667
24 0.431875 0.7075 0.04125 0.06166666666666667
19 0.573125 0.6066666666666667 0.03875 0.05666666666666667
19 0.543125 0.6091666666666667 0.03125 0.055
19 0.52125 0.6016666666666667 0.0275 0.05
19 0.506875 0.6066666666666667 0.02875 0.060000000000000005
19 0.610625 0.5483333333333333 0.04125 0.060000000000000005
18 0.583125 0.5475 0.02125 0.028333333333333335
11 0.605625 0.5800000000000001 0.03625 0.043333333333333335
24 0.619375 0.5925 0.03625 0.05166666666666667
19 0.395625 0.8400000000000001 0.051250000000000004 0.04666666666666667
19 0.299375 0.7225 0.03375 0.065
19 0.24125 0.6566666666666667 0.0375 0.060000000000000005
19 0.384375 0.6258333333333334 0.04125 0.055
19 0.37625000000000003 0.67 0.04 0.043333333333333335
19 0.33875 0.6466666666666667 0.04 0.07333333333333333
19 0.295625 0.5833333333333334 0.06125 0.05666666666666667
24 0.3325 0.5833333333333334 0.0525 0.05666666666666667
18 0.34 0.6066666666666667 0.0275 0.03333333333333333
