11 0.33187500000000003 0.01916666666666667 0.05625 0.04166666666666667
11 0.54 0.20083333333333334 0.0575 0.07833333333333334
11 0.26375 0.31583333333333335 0.06 0.065
11 0.435 0.3325 0.0475 0.08833333333333333
11 0.758125 0.5 0.03875 0.07666666666666667
11 0.449375 0.49083333333333334 0.06125 0.09833333333333334
11 0.735625 0.9258333333333334 0.04625 0.07500000000000001
11 0.661875 0.7258333333333333 0.043750000000000004 0.08166666666666667
11 0.53 0.6333333333333334 0.0525 0.09333333333333334
11 0.521875 0.8358333333333334 0.07125000000000001 0.07166666666666667
11 0.27187500000000003 0.8566666666666667 0.043750000000000004 0.07333333333333333
11 0.29812500000000003 0.775 0.05375 0.09333333333333334
11 0.409375 0.7258333333333333 0.06125 0.08833333333333333
11 0.39625 0.6408333333333334 0.07 0.055
18 0.531875 0.15166666666666667 0.02625 0.04666666666666667
18 0.6012500000000001 0.20833333333333334 0.035 0.03666666666666667
18 0.6225 0.2325 0.035 0.04166666666666667
18 0.313125 0.5 0.03125 0.05666666666666667
18 0.3375 0.7633333333333334 0.0425 0.05
18 0.46125 0.8341666666666667 0.04 0.045000000000000005
18 0.76625 0.8500000000000001 0.0475 0.05
