26 0.35875 0.15333333333333335 0.0325 0.04
26 0.26625 0.34833333333333333 0.0325 0.04666666666666667
26 0.1975 0.3875 0.0325 0.045000000000000005
26 0.380625 0.3166666666666667 0.03625 0.03333333333333333
26 0.390625 0.3491666666666667 0.03375 0.028333333333333335
26 0.354375 0.38083333333333336 0.03125 0.025
26 0.36562500000000003 0.4133333333333334 0.03125 0.04
26 0.35875 0.4633333333333334 0.03 0.04
26 0.346875 0.5558333333333334 0.043750000000000004 0.03166666666666667
18 0.351875 0.6483333333333334 0.03375 0.07
