19 0.075 0.4 0.05 0.060000000000000005
20 0.3025 0.5225000000000001 0.0375 0.065
20 0.11875000000000001 0.4941666666666667 0.0425 0.055
20 0.07875 0.5308333333333334 0.045 0.06166666666666667
18 0.181875 0.44083333333333335 0.04125 0.04833333333333334
20 0.064375 0.6466666666666667 0.04125 0.05333333333333334
20 0.18125 0.6133333333333334 0.0525 0.05666666666666667
20 0.17375000000000002 0.6525000000000001 0.05 0.055
20 0.14875 0.6875 0.04 0.058333333333333334
20 0.184375 0.7133333333333334 0.043750000000000004 0.060000000000000005
20 0.145625 0.7775000000000001 0.04625 0.06833333333333334
20 0.241875 0.7133333333333334 0.043750000000000004 0.07
20 0.256875 0.7858333333333334 0.043750000000000004 0.045000000000000005
20 0.215 0.8083333333333333 0.0475 0.05333333333333334
20 0.238125 0.8525 0.051250000000000004 0.06166666666666667
20 0.26125 0.9483333333333334 0.04 0.05
20 0.4375 0.6858333333333334 0.07 0.06166666666666667
20 0.36 0.8333333333333334 0.045 0.05333333333333334
20 0.385625 0.8058333333333334 0.04125 0.065
20 0.41000000000000003 0.8433333333333334 0.05 0.060000000000000005
20 0.46375 0.8441666666666667 0.0525 0.06166666666666667
20 0.40750000000000003 0.9033333333333334 0.06 0.05666666666666667
20 0.353125 0.9558333333333334 0.03875 0.045000000000000005
20 0.416875 0.9633333333333334 0.04125 0.05333333333333334
20 0.483125 0.9375000000000001 0.043750000000000004 0.065
20 0.551875 0.8975000000000001 0.051250000000000004 0.055
20 0.576875 0.8350000000000001 0.04875 0.05333333333333334
20 0.66 0.9225000000000001 0.035 0.05166666666666667
20 0.664375 0.755 0.043750000000000004 0.060000000000000005
20 0.7025 0.7425 0.05 0.065
20 0.708125 0.5816666666666667 0.058750000000000004 0.06666666666666667
20 0.72375 0.4366666666666667 0.0375 0.06333333333333334
