15 0.272719 0.604232 0.136878 0.127636
15 0.736718 0.445118 0.123041 0.073925
15 0.678657 0.301886 0.130454 0.110888
15 0.586942 0.668339 0.115135 0.101073
15 0.497009 0.833519 0.073626 0.118396
15 0.610415 0.755549 0.115627 0.073347
15 0.664574 0.550809 0.067697 0.122441
15 0.618841 0.518456 0.041180 0.098185
15 0.440949 0.044091 0.088123 0.088181
12 0.252351 0.208985 0.042001 0.059680
12 0.335738 0.224869 0.030062 0.050051
12 0.496746 0.122113 0.038298 0.045726
12 0.697698 0.212597 0.039119 0.053423
12 0.850058 0.090107 0.030884 0.057756
12 0.525366 0.396450 0.026355 0.052463
12 0.474510 0.731188 0.034180 0.057756
12 0.528866 0.761026 0.027591 0.053903
17 0.699412 0.489647 0.078568 0.058334
17 0.689791 0.844964 0.094298 0.104442
