11 0.41125 0.1375 0.03 0.03166666666666667
19 0.37375 0.1391666666666667 0.02 0.03833333333333334
19 0.3525 0.13583333333333333 0.025 0.028333333333333335
19 0.344375 0.16083333333333336 0.02375 0.035
19 0.3375 0.18166666666666667 0.03 0.043333333333333335
19 0.3775 0.18500000000000003 0.0325 0.04
19 0.411875 0.1925 0.04625 0.045000000000000005
25 0.481875 0.18083333333333335 0.051250000000000004 0.058333333333333334
19 0.501875 0.16083333333333336 0.04125 0.03833333333333334
19 0.538125 0.16583333333333333 0.03875 0.04833333333333334
19 0.574375 0.18333333333333335 0.02875 0.043333333333333335
19 0.6062500000000001 0.1875 0.045 0.04166666666666667
19 0.545 0.21166666666666667 0.035 0.043333333333333335
19 0.581875 0.21583333333333335 0.03125 0.03833333333333334
19 0.6168750000000001 0.22166666666666668 0.03125 0.043333333333333335
19 0.64875 0.23333333333333334 0.045 0.043333333333333335
19 0.606875 0.24416666666666667 0.03125 0.03166666666666667
19 0.618125 0.26916666666666667 0.03875 0.05166666666666667
19 0.5906250000000001 0.2775 0.02625 0.05166666666666667
19 0.564375 0.2841666666666667 0.03875 0.04833333333333334
19 0.561875 0.24750000000000003 0.03375 0.035
19 0.531875 0.24666666666666667 0.03625 0.04
19 0.6531250000000001 0.25833333333333336 0.03875 0.043333333333333335
19 0.641875 0.2783333333333334 0.03875 0.043333333333333335
19 0.680625 0.2575 0.03625 0.04166666666666667
11 0.67875 0.2816666666666667 0.0275 0.03666666666666667
19 0.723125 0.30083333333333334 0.03375 0.04833333333333334
19 0.7225 0.35333333333333333 0.0325 0.05
19 0.735 0.33666666666666667 0.03 0.030000000000000002
19 0.693125 0.3383333333333334 0.04125 0.05
19 0.6687500000000001 0.32333333333333336 0.0325 0.04
19 0.649375 0.35000000000000003 0.03625 0.030000000000000002
19 0.5962500000000001 0.3358333333333334 0.025 0.03166666666666667
19 0.6075 0.3591666666666667 0.035 0.055
19 0.575625 0.3841666666666667 0.04125 0.035
19 0.519375 0.31833333333333336 0.04125 0.043333333333333335
19 0.479375 0.3216666666666667 0.03375 0.05
19 0.74875 0.38083333333333336 0.0275 0.045000000000000005
19 0.69625 0.3741666666666667 0.03 0.04166666666666667
19 0.6825 0.4 0.04 0.05333333333333334
19 0.6425 0.3983333333333334 0.0375 0.04
19 0.6793750000000001 0.42750000000000005 0.03125 0.055
19 0.654375 0.43500000000000005 0.03375 0.05
19 0.56625 0.42333333333333334 0.03 0.05666666666666667
19 0.52875 0.4625 0.0325 0.058333333333333334
19 0.770625 0.4266666666666667 0.02625 0.05
19 0.75375 0.45083333333333336 0.035 0.055
19 0.7212500000000001 0.44333333333333336 0.0225 0.03333333333333333
19 0.723125 0.4716666666666667 0.03375 0.043333333333333335
19 0.779375 0.49750000000000005 0.01875 0.04833333333333334
19 0.7312500000000001 0.5258333333333334 0.04 0.055
24 0.788125 0.5483333333333333 0.03375 0.04
11 0.759375 0.5058333333333334 0.02125 0.055
19 0.74625 0.5641666666666667 0.0375 0.06166666666666667
19 0.774375 0.5950000000000001 0.02875 0.05
19 0.7025 0.5650000000000001 0.04 0.03333333333333333
19 0.6975 0.5933333333333334 0.0575 0.043333333333333335
19 0.731875 0.6241666666666668 0.04625 0.04166666666666667
19 0.66625 0.5575 0.05 0.04833333333333334
19 0.646875 0.5983333333333334 0.03375 0.04666666666666667
19 0.62875 0.5533333333333333 0.035 0.05666666666666667
19 0.66125 0.5158333333333334 0.0225 0.04833333333333334
19 0.671875 0.4766666666666667 0.02625 0.04666666666666667
19 0.6425 0.49833333333333335 0.0325 0.043333333333333335
11 0.58875 0.545 0.025 0.04
11 0.5650000000000001 0.5166666666666667 0.025 0.05333333333333334
21 0.69625 0.65 0.0425 0.07
19 0.760625 0.7300000000000001 0.03625 0.04666666666666667
19 0.723125 0.6925 0.02875 0.045000000000000005
19 0.72 0.7200000000000001 0.0225 0.03666666666666667
19 0.70125 0.7341666666666667 0.0375 0.04833333333333334
19 0.649375 0.8175 0.03625 0.058333333333333334
19 0.5856250000000001 0.8475 0.03375 0.035
19 0.61375 0.7250000000000001 0.0425 0.060000000000000005
28 0.596875 0.7208333333333333 0.04125 0.04833333333333334
19 0.581875 0.6933333333333334 0.03375 0.04666666666666667
19 0.56375 0.6816666666666668 0.04 0.05
19 0.543125 0.6883333333333334 0.02875 0.04
19 0.563125 0.7425 0.03375 0.045000000000000005
19 0.5425 0.7358333333333333 0.03 0.04833333333333334
19 0.516875 0.7683333333333334 0.03875 0.05666666666666667
19 0.55125 0.8466666666666667 0.035 0.043333333333333335
19 0.52875 0.8858333333333334 0.0375 0.045000000000000005
19 0.50875 0.8275 0.045 0.04833333333333334
19 0.528125 0.8375 0.03625 0.055
19 0.49125 0.8733333333333334 0.03 0.04666666666666667
11 0.58 0.7991666666666667 0.0225 0.04166666666666667
11 0.43625 0.6408333333333334 0.0425 0.035
11 0.450625 0.47750000000000004 0.02375 0.04166666666666667
19 0.511875 0.5325000000000001 0.03125 0.045000000000000005
19 0.526875 0.5925 0.04125 0.04833333333333334
19 0.545625 0.5316666666666667 0.043750000000000004 0.04666666666666667
19 0.469375 0.5900000000000001 0.043750000000000004 0.05333333333333334
19 0.43625 0.5891666666666667 0.0375 0.045000000000000005
19 0.4975 0.405 0.04 0.05333333333333334
19 0.424375 0.3816666666666667 0.03875 0.04
19 0.441875 0.4466666666666667 0.02875 0.03333333333333333
19 0.38125000000000003 0.43000000000000005 0.0425 0.04666666666666667
19 0.375625 0.49083333333333334 0.02875 0.04833333333333334
19 0.296875 0.4083333333333334 0.03375 0.03666666666666667
24 0.2425 0.4091666666666667 0.035 0.05166666666666667
19 0.263125 0.2891666666666667 0.03875 0.03833333333333334
19 0.27 0.24250000000000002 0.0225 0.04833333333333334
19 0.293125 0.20916666666666667 0.03875 0.03833333333333334
19 0.584375 0.61 0.03875 0.04666666666666667
19 0.6025 0.6575000000000001 0.0325 0.05166666666666667
19 0.639375 0.6733333333333333 0.03875 0.043333333333333335
19 0.615625 0.7250000000000001 0.04125 0.060000000000000005
19 0.574375 0.6491666666666667 0.03875 0.04833333333333334
19 0.431875 0.8325 0.04625 0.04166666666666667
19 0.47500000000000003 0.8416666666666667 0.035 0.04
19 0.466875 0.8575 0.03625 0.03833333333333334
19 0.37125 0.8541666666666667 0.025 0.03833333333333334
19 0.3825 0.7641666666666667 0.03 0.04833333333333334
19 0.425 0.7416666666666667 0.04 0.04
19 0.468125 0.6975 0.02875 0.05166666666666667
19 0.463125 0.7258333333333333 0.04125 0.04833333333333334
19 0.41875 0.7058333333333334 0.0425 0.04166666666666667
19 0.378125 0.6658333333333334 0.02875 0.05166666666666667
19 0.34625 0.6725000000000001 0.0375 0.04166666666666667
19 0.319375 0.6308333333333334 0.03875 0.03833333333333334
19 0.276875 0.6816666666666668 0.02875 0.05
19 0.378125 0.6008333333333333 0.043750000000000004 0.05166666666666667
19 0.236875 0.6016666666666667 0.02625 0.04666666666666667
11 0.22375 0.6541666666666667 0.0325 0.028333333333333335
