14 0.486601 0.060031 0.072935 0.061684
14 0.740098 0.072506 0.037949 0.076930
14 0.455767 0.127257 0.065820 0.036733
15 0.688771 0.202732 0.104600 0.148039
15 0.709762 0.683438 0.123813 0.138057
15 0.371057 0.646428 0.111002 0.135562
15 0.360026 0.384867 0.096063 0.109778
15 0.363940 0.268432 0.106735 0.106453
15 0.504119 0.213960 0.082543 0.110611
15 0.371057 0.174043 0.108157 0.085671
15 0.372124 0.078398 0.106022 0.098971
18 0.614591 0.357759 0.070345 0.094252
18 0.506670 0.298683 0.080299 0.059760
18 0.614248 0.048412 0.089561 0.074198
12 0.457845 0.801257 0.028462 0.049898
1 0.245560 0.319582 0.067597 0.037425
14 0.903195 0.546904 0.065170 0.079011
