14 0.664378 0.819721 0.032987 0.046354
14 0.460333 0.970196 0.032136 0.047002
14 0.624566 0.974602 0.029578 0.036885
14 0.858042 0.809602 0.021044 0.041780
14 0.979642 0.922541 0.040716 0.031334
14 0.866431 0.981507 0.019621 0.036986
14 0.838136 0.956162 0.054603 0.024154
14 0.815529 0.978194 0.022467 0.023829
14 0.839985 0.988035 0.021328 0.023929
14 0.342031 0.979009 0.046353 0.029375
14 0.293687 0.980202 0.038391 0.039597
14 0.344022 0.945716 0.036688 0.045698
14 0.259133 0.804216 0.040382 0.055167
17 0.545990 0.868161 0.097543 0.104453
14 0.245995 0.194926 0.026617 0.036819
14 0.609878 0.680978 0.018087 0.033685
14 0.720277 0.616740 0.022521 0.024286
14 0.711234 0.945332 0.039588 0.033293
