28 0.3775 0.2041666666666667 0.0475 0.058333333333333334
19 0.39187500000000003 0.32666666666666666 0.043750000000000004 0.05333333333333334
11 0.403125 0.5133333333333334 0.03375 0.060000000000000005
19 0.3225 0.5225000000000001 0.0575 0.05166666666666667
21 0.305625 0.62 0.043750000000000004 0.06333333333333334
19 0.68875 0.7125 0.0375 0.05166666666666667
19 0.6675 0.6833333333333333 0.0525 0.05
19 0.5725 0.8433333333333334 0.0375 0.05
28 0.5525 0.8766666666666667 0.0475 0.05333333333333334
19 0.525625 0.8391666666666667 0.04125 0.055
19 0.67875 0.6508333333333334 0.0375 0.045000000000000005
19 0.47250000000000003 0.655 0.0425 0.06666666666666667
19 0.58375 0.5950000000000001 0.04 0.06666666666666667
19 0.6118750000000001 0.5666666666666667 0.03625 0.03666666666666667
19 0.65375 0.54 0.035 0.05666666666666667
21 0.581875 0.5008333333333334 0.07875 0.06833333333333334
28 0.615 0.4625 0.0425 0.058333333333333334
19 0.716875 0.3691666666666667 0.04125 0.058333333333333334
24 0.46875 0.23750000000000002 0.06 0.05166666666666667
19 0.540625 0.1625 0.04625 0.035
28 0.646875 0.24333333333333335 0.043750000000000004 0.05333333333333334
28 0.641875 0.21083333333333334 0.04125 0.04166666666666667
19 0.76 0.43000000000000005 0.0275 0.05333333333333334
28 0.54125 0.7841666666666667 0.0425 0.045000000000000005
28 0.553125 0.76 0.04875 0.043333333333333335
