25 0.6025 0.095 0.0275 0.05333333333333334
25 0.68875 0.1575 0.0475 0.06833333333333334
23 0.646875 0.24666666666666667 0.04125 0.04
26 0.646875 0.2791666666666667 0.02875 0.021666666666666667
25 0.7106250000000001 0.265 0.03375 0.07666666666666667
25 0.5625 0.3433333333333334 0.055 0.06666666666666667
25 0.633125 0.3375 0.043750000000000004 0.07833333333333334
26 0.50875 0.5083333333333334 0.0325 0.02666666666666667
25 0.576875 0.49750000000000005 0.04125 0.06833333333333334
25 0.651875 0.49833333333333335 0.058750000000000004 0.06666666666666667
21 0.75875 0.49250000000000005 0.05 0.07166666666666667
25 0.7375 0.3541666666666667 0.045 0.065
25 0.81125 0.36000000000000004 0.0375 0.05666666666666667
