21 0.498125 0.24583333333333335 0.07625 0.095
23 0.335 0.26083333333333336 0.0375 0.055
18 0.3775 0.22166666666666668 0.03 0.030000000000000002
20 0.31 0.3516666666666667 0.0325 0.060000000000000005
23 0.27875 0.5633333333333334 0.045 0.07
20 0.2525 0.6000000000000001 0.035 0.05666666666666667
18 0.45375 0.5708333333333334 0.03 0.045000000000000005
23 0.365 0.41500000000000004 0.0375 0.05333333333333334
23 0.544375 0.7350000000000001 0.06625 0.06333333333333334
22 0.700625 0.33083333333333337 0.02875 0.04166666666666667
