18 0.749171 0.840968 0.087168 0.106039
18 0.502790 0.872988 0.048624 0.097719
18 0.597311 0.760018 0.090725 0.071386
18 0.507474 0.749935 0.078273 0.073532
18 0.335275 0.802988 0.093097 0.093565
18 0.261984 0.673698 0.069969 0.101117
18 0.453811 0.646359 0.078864 0.108810
18 0.673803 0.631457 0.085982 0.076235
18 0.656310 0.567003 0.085387 0.060989
18 0.640005 0.504627 0.089539 0.066533
18 0.543942 0.534776 0.089539 0.082474
18 0.402222 0.498045 0.078867 0.081088
18 0.248050 0.534083 0.067006 0.104653
18 0.345949 0.334482 0.069378 0.096333
18 0.267974 0.311957 0.072344 0.066533
18 0.519958 0.273840 0.079399 0.106733
18 0.576883 0.317503 0.034332 0.091484
18 0.621948 0.373640 0.066474 0.072081
18 0.683053 0.341759 0.056925 0.098418
18 0.750327 0.387501 0.076552 0.101186
18 0.977288 0.315422 0.045425 0.112277
18 0.801648 0.057259 0.094874 0.097719
18 0.793643 0.138692 0.087168 0.059603
18 0.693727 0.246117 0.078273 0.073463
18 0.671195 0.186859 0.045067 0.081088
18 0.724563 0.154980 0.059297 0.089407
18 0.564460 0.112703 0.045067 0.075540
18 0.623162 0.113398 0.081830 0.050593
18 0.612194 0.170920 0.075307 0.063070
18 0.383573 0.169880 0.083075 0.088709
18 0.298778 0.231215 0.046309 0.088017
18 0.206008 0.159831 0.057519 0.097719
18 0.366970 0.077979 0.059356 0.078316
15 0.289024 0.114713 0.090722 0.119902
15 0.975538 0.466164 0.048923 0.150393
15 0.643028 0.041624 0.085982 0.083248
