27 0.326875 0.1 0.06875 0.05333333333333334
27 0.276875 0.2675 0.05625 0.055
27 0.38 0.26833333333333337 0.0475 0.060000000000000005
27 0.3325 0.3433333333333334 0.04 0.06666666666666667
27 0.36062500000000003 0.3416666666666667 0.03125 0.07666666666666667
27 0.38625 0.35833333333333334 0.03 0.06333333333333334
27 0.36312500000000003 0.4008333333333334 0.04875 0.04166666666666667
27 0.39375 0.4366666666666667 0.05 0.05333333333333334
27 0.445 0.43500000000000005 0.04 0.07333333333333333
27 0.154375 0.45583333333333337 0.05375 0.04166666666666667
27 0.23750000000000002 0.5950000000000001 0.0475 0.04666666666666667
27 0.275625 0.5991666666666667 0.03875 0.07500000000000001
27 0.40125 0.53 0.0525 0.05666666666666667
27 0.435 0.5125000000000001 0.0475 0.04166666666666667
27 0.45687500000000003 0.555 0.04875 0.04
27 0.48812500000000003 0.5083333333333334 0.03875 0.08
27 0.39937500000000004 0.625 0.03875 0.05666666666666667
27 0.384375 0.6441666666666667 0.04625 0.045000000000000005
27 0.36875 0.6808333333333334 0.0525 0.058333333333333334
27 0.361875 0.7266666666666667 0.05625 0.05333333333333334
27 0.41250000000000003 0.7350000000000001 0.04 0.06666666666666667
27 0.414375 0.6900000000000001 0.04875 0.043333333333333335
27 0.449375 0.6050000000000001 0.04875 0.05
27 0.483125 0.5966666666666667 0.043750000000000004 0.05666666666666667
27 0.46375 0.6375000000000001 0.0475 0.058333333333333334
27 0.4825 0.6716666666666667 0.065 0.04666666666666667
27 0.45437500000000003 0.7016666666666667 0.06125 0.043333333333333335
27 0.476875 0.7325 0.04625 0.045000000000000005
27 0.48875 0.7666666666666667 0.0575 0.07666666666666667
27 0.55875 0.7933333333333333 0.05 0.05333333333333334
27 0.82125 0.7358333333333333 0.0425 0.055
27 0.53 0.7391666666666667 0.04 0.04833333333333334
27 0.555 0.6983333333333334 0.0375 0.07
27 0.520625 0.6566666666666667 0.05375 0.04666666666666667
27 0.560625 0.6391666666666667 0.03875 0.058333333333333334
27 0.584375 0.63 0.03625 0.060000000000000005
27 0.613125 0.6133333333333334 0.043750000000000004 0.05333333333333334
27 0.526875 0.6016666666666667 0.04125 0.06666666666666667
27 0.57875 0.5275000000000001 0.0425 0.065
27 0.7212500000000001 0.4633333333333334 0.035 0.06333333333333334
27 0.83375 0.48000000000000004 0.0425 0.043333333333333335
27 0.7781250000000001 0.375 0.05375 0.05666666666666667
27 0.721875 0.3491666666666667 0.051250000000000004 0.06166666666666667
27 0.6793750000000001 0.32 0.04625 0.06333333333333334
27 0.7056250000000001 0.18000000000000002 0.04125 0.07333333333333333
27 0.534375 0.16416666666666668 0.043750000000000004 0.04166666666666667
27 0.55 0.1975 0.0475 0.04166666666666667
27 0.599375 0.1991666666666667 0.04875 0.04166666666666667
27 0.50375 0.20583333333333334 0.0325 0.055
27 0.52 0.24916666666666668 0.0425 0.06166666666666667
27 0.533125 0.29833333333333334 0.05625 0.04666666666666667
27 0.491875 0.2966666666666667 0.04625 0.05666666666666667
11 0.65375 0.38083333333333336 0.0325 0.07833333333333334
11 0.434375 0.3866666666666667 0.04875 0.05666666666666667
11 0.3 0.44833333333333336 0.04 0.05333333333333334
24 0.30062500000000003 0.8016666666666667 0.03625 0.060000000000000005
24 0.450625 0.26 0.04625 0.05
