7 0.313125 0.11583333333333334 0.08875 0.115
7 0.30375 0.2316666666666667 0.0925 0.08333333333333334
7 0.42 0.2316666666666667 0.085 0.12000000000000001
7 0.47750000000000004 0.38583333333333336 0.105 0.07500000000000001
7 0.4 0.43833333333333335 0.1275 0.07333333333333333
7 0.386875 0.3425 0.06375 0.115
7 0.249375 0.23 0.06625 0.10666666666666667
7 0.238125 0.28833333333333333 0.08375 0.10666666666666667
7 0.31 0.3383333333333334 0.09 0.08333333333333334
7 0.28875 0.39583333333333337 0.085 0.10166666666666667
7 0.18875 0.3016666666666667 0.0775 0.11333333333333334
7 0.185 0.3725 0.085 0.115
7 0.151875 0.4516666666666667 0.08625000000000001 0.13333333333333333
20 0.18875 0.5133333333333334 0.0375 0.04
20 0.33875 0.5533333333333333 0.0525 0.05666666666666667
7 0.385625 0.5950000000000001 0.09125 0.04
7 0.436875 0.6591666666666667 0.10125 0.14500000000000002
7 0.350625 0.6575000000000001 0.10875 0.085
7 0.42 0.8658333333333333 0.055 0.13166666666666668
7 0.39375 0.9550000000000001 0.095 0.08666666666666667
20 0.5856250000000001 0.1925 0.043750000000000004 0.06833333333333334
20 0.465625 0.23500000000000001 0.03625 0.043333333333333335
19 0.78625 0.12000000000000001 0.04 0.08666666666666667
