5 0.329613 0.618476 0.045460 0.111445
5 0.744849 0.759446 0.092027 0.122254
5 0.423601 0.584934 0.045556 0.144867
5 0.479103 0.582047 0.048765 0.115992
5 0.617699 0.531512 0.082132 0.088078
5 0.720846 0.287738 0.076677 0.088559
5 0.570217 0.139501 0.071222 0.100109
5 0.476858 0.479773 0.064806 0.078934
5 0.446700 0.426109 0.045556 0.116956
5 0.371306 0.367150 0.075716 0.053906
11 0.405859 0.443965 0.036574 0.110892
11 0.361931 0.413702 0.043889 0.099914
11 0.557506 0.439691 0.076227 0.103383
4 0.641663 0.395530 0.048296 0.128664
4 0.535188 0.342971 0.075073 0.068161
7 0.464724 0.210405 0.056208 0.186548
7 0.493213 0.287506 0.041579 0.169799
7 0.540374 0.613244 0.111263 0.080856
7 0.356349 0.541917 0.048894 0.173843
