12 0.464601 0.174784 0.052006 0.074922
12 0.630630 0.639057 0.025368 0.058155
12 0.649783 0.660112 0.021562 0.060830
12 0.676801 0.632037 0.033486 0.043452
9 0.798298 0.289847 0.050236 0.033091
9 0.695844 0.563495 0.042248 0.035238
8 0.776025 0.968762 0.109914 0.059700
5 0.429462 0.730855 0.046656 0.069747
7 0.666307 0.217146 0.078298 0.183847
7 0.804298 0.390780 0.056592 0.186914
7 0.693829 0.815163 0.074422 0.204277
6 0.657622 0.937324 0.036840 0.046332
6 0.591201 0.761198 0.032374 0.067655
6 0.550455 0.506017 0.037954 0.079423
12 0.514064 0.856472 0.036276 0.034424
12 0.525607 0.927830 0.029934 0.055481
12 0.419315 0.806672 0.039066 0.025734
12 0.618581 0.932509 0.022070 0.049465
12 0.582050 0.814860 0.036784 0.062169
12 0.501351 0.668601 0.022142 0.056416
12 0.802372 0.563520 0.029936 0.046793
12 0.694812 0.528928 0.054288 0.034424
12 0.737303 0.577557 0.024606 0.054814
12 0.751129 0.545137 0.026890 0.051470
12 0.761909 0.751357 0.022070 0.054814
12 0.759500 0.854133 0.032980 0.042448
12 0.476266 0.810181 0.042364 0.027407
12 0.437706 0.860321 0.045412 0.036775
12 0.581416 0.589423 0.041096 0.034424
