19 0.508125 0.14166666666666666 0.03875 0.04666666666666667
19 0.526875 0.18083333333333335 0.043750000000000004 0.035
19 0.700625 0.18416666666666667 0.03375 0.05166666666666667
19 0.51375 0.26833333333333337 0.0375 0.05333333333333334
19 0.584375 0.3166666666666667 0.03875 0.07333333333333333
19 0.52125 0.4191666666666667 0.04 0.06166666666666667
19 0.54125 0.42333333333333334 0.0425 0.05666666666666667
19 0.64125 0.4166666666666667 0.0475 0.060000000000000005
19 0.735625 0.35583333333333333 0.043750000000000004 0.03833333333333334
19 0.7325 0.39916666666666667 0.04 0.055
19 0.69125 0.4591666666666667 0.0325 0.045000000000000005
19 0.775 0.4575 0.0475 0.055
21 0.745 0.3191666666666667 0.0625 0.065
21 0.693125 0.3825 0.03875 0.07500000000000001
21 0.74875 0.25916666666666666 0.05 0.07500000000000001
19 0.82625 0.22 0.04 0.05666666666666667
21 0.6481250000000001 0.29083333333333333 0.051250000000000004 0.06833333333333334
25 0.624375 0.26166666666666666 0.04125 0.05333333333333334
25 0.5700000000000001 0.1975 0.0425 0.07500000000000001
25 0.678125 0.1325 0.03625 0.05166666666666667
25 0.629375 0.18500000000000003 0.03875 0.04666666666666667
21 0.764375 0.21333333333333335 0.04125 0.07333333333333333
21 0.75875 0.4166666666666667 0.0425 0.05
25 0.635 0.5825 0.0475 0.055
