2 0.856615 0.981932 0.048929 0.034078
2 0.803330 0.931051 0.028148 0.058363
2 0.819248 0.937514 0.024466 0.059538
2 0.663750 0.907117 0.059988 0.034860
2 0.669949 0.947266 0.034183 0.049352
2 0.640949 0.408689 0.051945 0.039494
2 0.660554 0.289123 0.045241 0.043085
2 0.321779 0.549440 0.051475 0.060633
2 0.097779 0.487630 0.028151 0.052641
7 0.147244 0.275175 0.071581 0.175791
4 0.286388 0.255198 0.082039 0.083194
4 0.220837 0.360487 0.079627 0.099178
4 0.083615 0.136875 0.072272 0.101528
4 0.414398 0.368763 0.069493 0.112084
4 0.594237 0.735995 0.054693 0.125500
4 0.671049 0.748216 0.072387 0.132081
4 0.947277 0.306652 0.105447 0.083823
4 0.762345 0.301561 0.056636 0.087741
4 0.720072 0.101028 0.090725 0.094758
4 0.640921 0.045749 0.071410 0.087985
4 0.974650 0.045753 0.050700 0.074453
11 0.904661 0.077057 0.088313 0.065995
7 0.842330 0.789085 0.137594 0.085286
1 0.214443 0.513858 0.041422 0.054052
2 0.081253 0.589685 0.045170 0.057668
2 0.146920 0.541766 0.056984 0.059291
2 0.164642 0.871526 0.032664 0.075537
2 0.317524 0.899547 0.064628 0.050356
2 0.336287 0.472321 0.052120 0.071473
2 0.275482 0.436177 0.041696 0.065791
2 0.343584 0.343991 0.058372 0.053605
2 0.103836 0.301351 0.029185 0.064165
2 0.190047 0.112059 0.039546 0.058756
2 0.240987 0.104029 0.027482 0.051310
2 0.217025 0.080527 0.031167 0.053663
2 0.158210 0.057612 0.034852 0.054838
2 0.542267 0.066033 0.034183 0.032510
2 0.601415 0.069754 0.021783 0.049352
2 0.568739 0.052130 0.043567 0.044653
2 0.557011 0.026668 0.040215 0.033685
2 0.591195 0.016861 0.027482 0.033721
2 0.559023 0.150640 0.047588 0.050527
2 0.657046 0.169833 0.047252 0.037992
2 0.639286 0.122243 0.026477 0.051702
2 0.768477 0.206848 0.038876 0.068938
2 0.646155 0.238379 0.038204 0.061495
2 0.758257 0.368030 0.053956 0.034074
2 0.763953 0.487497 0.031839 0.065413
2 0.787747 0.642412 0.057977 0.043085
2 0.747197 0.690002 0.056636 0.044260
2 0.825784 0.611468 0.030162 0.043088
2 0.959332 0.540180 0.047255 0.037603
2 0.948273 0.118130 0.033178 0.048963
2 0.938889 0.180407 0.043903 0.065413
2 0.763953 0.046253 0.048596 0.032121
2 0.799308 0.071910 0.030162 0.051313
2 0.745185 0.016468 0.035861 0.032936
2 0.912247 0.029607 0.047588 0.031728
2 0.884599 0.732463 0.047255 0.043478
2 0.978912 0.960193 0.042176 0.036821
