11 0.42875 0.16833333333333333 0.035 0.05
11 0.3825 0.1366666666666667 0.025 0.03333333333333333
11 0.47750000000000004 0.23500000000000001 0.0325 0.03666666666666667
11 0.5181250000000001 0.25 0.02625 0.05333333333333334
11 0.273125 0.21000000000000002 0.03375 0.023333333333333334
11 0.263125 0.23333333333333334 0.02875 0.030000000000000002
11 0.389375 0.3616666666666667 0.04125 0.02666666666666667
11 0.54875 0.24250000000000002 0.0325 0.028333333333333335
11 0.595 0.2625 0.0375 0.035
11 0.551875 0.35333333333333333 0.03625 0.04
11 0.545625 0.4066666666666667 0.02125 0.05333333333333334
11 0.51375 0.395 0.025 0.06333333333333334
11 0.605 0.3975 0.035 0.03833333333333334
11 0.64375 0.3916666666666667 0.03 0.03666666666666667
11 0.65375 0.445 0.0275 0.04
11 0.686875 0.42500000000000004 0.02875 0.05333333333333334
11 0.6118750000000001 0.5166666666666667 0.02125 0.05
11 0.596875 0.49083333333333334 0.02375 0.05166666666666667
11 0.73375 0.4425 0.02 0.045000000000000005
11 0.75 0.4783333333333334 0.035 0.04
11 0.70375 0.5808333333333334 0.025 0.035
11 0.7225 0.37583333333333335 0.025 0.05166666666666667
11 0.74375 0.38583333333333336 0.0125 0.045000000000000005
11 0.75875 0.39416666666666667 0.025 0.055
11 0.7175 0.26083333333333336 0.035 0.03166666666666667
11 0.695625 0.7575000000000001 0.02625 0.04166666666666667
11 0.58875 0.6483333333333334 0.0275 0.04666666666666667
11 0.553125 0.6341666666666667 0.03375 0.04166666666666667
11 0.48875 0.6216666666666667 0.0275 0.05
11 0.60375 0.7908333333333334 0.0225 0.04833333333333334
11 0.578125 0.805 0.02625 0.03666666666666667
11 0.431875 0.8116666666666668 0.02625 0.043333333333333335
11 0.36375 0.8666666666666667 0.025 0.03666666666666667
11 0.5 0.9033333333333334 0.0375 0.030000000000000002
18 0.473125 0.7516666666666667 0.02125 0.030000000000000002
11 0.40875 0.6241666666666668 0.04 0.03166666666666667
11 0.413125 0.68 0.03625 0.03666666666666667
11 0.3925 0.7225 0.0325 0.025
11 0.33187500000000003 0.7041666666666667 0.02875 0.04166666666666667
11 0.38875 0.4566666666666667 0.035 0.03333333333333333
11 0.183125 0.5616666666666666 0.02875 0.04
11 0.23500000000000001 0.30333333333333334 0.0275 0.04666666666666667
