19 0.641875 0.20583333333333334 0.06625 0.07166666666666667
19 0.270625 0.5541666666666667 0.06125 0.07166666666666667
19 0.633125 0.7033333333333334 0.051250000000000004 0.07666666666666667
20 0.335 0.07833333333333334 0.05 0.05666666666666667
20 0.438125 0.07250000000000001 0.043750000000000004 0.055
20 0.409375 0.10666666666666667 0.02875 0.04666666666666667
20 0.45 0.14916666666666667 0.0425 0.04166666666666667
20 0.46125 0.1991666666666667 0.0425 0.065
20 0.45687500000000003 0.24916666666666668 0.03875 0.05166666666666667
20 0.41250000000000003 0.22833333333333336 0.0425 0.07
20 0.386875 0.21166666666666667 0.03375 0.05
20 0.426875 0.2525 0.03125 0.05166666666666667
20 0.383125 0.25583333333333336 0.04125 0.05166666666666667
20 0.35000000000000003 0.1275 0.045 0.045000000000000005
20 0.28625 0.14666666666666667 0.03 0.06333333333333334
20 0.25 0.16416666666666668 0.045 0.05166666666666667
20 0.30125 0.17666666666666667 0.04 0.05333333333333334
20 0.34500000000000003 0.24583333333333335 0.0425 0.06166666666666667
20 0.285625 0.23583333333333334 0.04625 0.06166666666666667
20 0.32125 0.20833333333333334 0.04 0.043333333333333335
20 0.355625 0.2041666666666667 0.04125 0.065
30 0.215 0.2516666666666667 0.0425 0.060000000000000005
20 0.256875 0.2566666666666667 0.043750000000000004 0.03666666666666667
20 0.265625 0.29583333333333334 0.03875 0.058333333333333334
20 0.291875 0.3091666666666667 0.03375 0.065
20 0.3175 0.3225 0.0425 0.04833333333333334
20 0.32937500000000003 0.29333333333333333 0.03875 0.05
20 0.3625 0.35750000000000004 0.04 0.065
20 0.39937500000000004 0.3425 0.04125 0.045000000000000005
20 0.23500000000000001 0.32 0.045 0.04666666666666667
20 0.225625 0.36250000000000004 0.03375 0.05166666666666667
20 0.265625 0.35250000000000004 0.04125 0.055
20 0.28625 0.35583333333333333 0.03 0.05166666666666667
20 0.401875 0.41500000000000004 0.03375 0.05333333333333334
20 0.48562500000000003 0.39083333333333337 0.05375 0.06166666666666667
20 0.45375 0.4116666666666667 0.0475 0.043333333333333335
20 0.39937500000000004 0.47750000000000004 0.04125 0.06833333333333334
23 0.43 0.4758333333333334 0.05 0.065
20 0.346875 0.4316666666666667 0.04125 0.05
20 0.3525 0.47500000000000003 0.045 0.05
20 0.30375 0.465 0.0375 0.04
20 0.2775 0.42083333333333334 0.0425 0.045000000000000005
18 0.3125 0.385 0.04 0.04666666666666667
18 0.0525 0.42750000000000005 0.035 0.05166666666666667
18 0.2 0.41250000000000003 0.0575 0.04833333333333334
18 0.224375 0.4316666666666667 0.04875 0.06333333333333334
18 0.18812500000000001 0.48750000000000004 0.03875 0.055
18 0.270625 0.4941666666666667 0.03375 0.05166666666666667
18 0.165 0.5633333333333334 0.0425 0.04
18 0.20125 0.5483333333333333 0.0425 0.07333333333333333
18 0.225 0.5591666666666667 0.0375 0.04833333333333334
18 0.23375 0.61 0.05 0.07333333333333333
18 0.3075 0.5983333333333334 0.04 0.060000000000000005
18 0.2725 0.6566666666666667 0.045 0.060000000000000005
18 0.165 0.7208333333333333 0.04 0.065
18 0.23375 0.6900000000000001 0.0525 0.060000000000000005
18 0.2175 0.7433333333333334 0.0425 0.05333333333333334
18 0.150625 0.8250000000000001 0.03625 0.05333333333333334
18 0.26875 0.7583333333333334 0.05 0.06666666666666667
18 0.23875000000000002 0.8225 0.035 0.04833333333333334
18 0.270625 0.8141666666666667 0.03625 0.058333333333333334
18 0.29625 0.7933333333333333 0.04 0.07
18 0.36125 0.7858333333333334 0.04 0.045000000000000005
18 0.36562500000000003 0.8325 0.04875 0.065
18 0.378125 0.8775000000000001 0.043750000000000004 0.06166666666666667
18 0.374375 0.9783333333333334 0.04625 0.04
18 0.395625 0.9325000000000001 0.03375 0.04833333333333334
19 0.44 0.92 0.06 0.06333333333333334
20 0.479375 0.8550000000000001 0.043750000000000004 0.06333333333333334
20 0.48375 0.93 0.0425 0.04
20 0.47375 0.9766666666666667 0.0525 0.04
20 0.5575 0.8233333333333334 0.0325 0.060000000000000005
20 0.730625 0.9408333333333334 0.043750000000000004 0.058333333333333334
20 0.70375 0.9508333333333334 0.045 0.045000000000000005
20 0.731875 0.8116666666666668 0.03625 0.05666666666666667
20 0.7575000000000001 0.7616666666666667 0.0375 0.05
20 0.8975 0.6108333333333333 0.0425 0.045000000000000005
20 0.62375 0.6483333333333334 0.0375 0.07
20 0.64125 0.37833333333333335 0.035 0.06666666666666667
20 0.775 0.22583333333333336 0.0325 0.055
20 0.53 0.38 0.05 0.05333333333333334
20 0.5437500000000001 0.3433333333333334 0.0375 0.05333333333333334
20 0.614375 0.2791666666666667 0.043750000000000004 0.058333333333333334
19 0.578125 0.31833333333333336 0.05375 0.08333333333333334
20 0.54875 0.2341666666666667 0.0575 0.06833333333333334
20 0.538125 0.18416666666666667 0.051250000000000004 0.05166666666666667
20 0.501875 0.20333333333333334 0.03875 0.05
20 0.499375 0.1525 0.03125 0.055
20 0.591875 0.13833333333333334 0.03625 0.060000000000000005
20 0.610625 0.09416666666666668 0.04625 0.058333333333333334
20 0.614375 0.13333333333333333 0.03875 0.04666666666666667
20 0.534375 0.11916666666666667 0.03625 0.03833333333333334
