11 0.400625 0.08666666666666667 0.03875 0.05666666666666667
11 0.44 0.11 0.0475 0.060000000000000005
11 0.48812500000000003 0.22 0.03625 0.06666666666666667
11 0.265625 0.3875 0.04125 0.055
11 0.32125 0.35583333333333333 0.0475 0.04833333333333334
11 0.43625 0.3766666666666667 0.035 0.060000000000000005
11 0.154375 0.42333333333333334 0.02875 0.05333333333333334
11 0.16125 0.5525 0.035 0.04833333333333334
11 0.28625 0.505 0.0375 0.05333333333333334
11 0.26125 0.5958333333333333 0.0375 0.065
11 0.314375 0.4991666666666667 0.03375 0.065
11 0.34125 0.5216666666666667 0.035 0.05666666666666667
11 0.46 0.5716666666666667 0.045 0.04666666666666667
11 0.5575 0.51 0.05 0.04666666666666667
11 0.61 0.5025000000000001 0.0325 0.07166666666666667
11 0.39625 0.7933333333333333 0.04 0.04
11 0.6118750000000001 0.6875 0.04625 0.04833333333333334
11 0.6218750000000001 0.6558333333333334 0.03875 0.045000000000000005
11 0.664375 0.6041666666666667 0.043750000000000004 0.06166666666666667
7 0.59875 0.5633333333333334 0.0675 0.05666666666666667
11 0.45625 0.8733333333333334 0.0425 0.043333333333333335
