11 0.56 0.029166666666666667 0.06 0.055
11 0.281875 0.2775 0.04625 0.08833333333333333
11 0.5075000000000001 0.4941666666666667 0.055 0.07500000000000001
11 0.389375 0.5683333333333334 0.06375 0.07
11 0.31375000000000003 0.6333333333333334 0.05 0.07666666666666667
11 0.1875 0.7475 0.0575 0.07166666666666667
11 0.258125 0.8175 0.03875 0.07500000000000001
11 0.604375 0.7608333333333334 0.05375 0.06166666666666667
18 0.46625 0.3116666666666667 0.0375 0.05333333333333334
20 0.3225 0.2966666666666667 0.045 0.05333333333333334
18 0.345625 0.3925 0.03875 0.05166666666666667
