26 0.42812500000000003 0.08333333333333334 0.04625 0.060000000000000005
26 0.536875 0.17333333333333334 0.02875 0.05333333333333334
26 0.420625 0.3433333333333334 0.043750000000000004 0.05
26 0.49312500000000004 0.2841666666666667 0.03875 0.04166666666666667
26 0.5181250000000001 0.255 0.03625 0.05333333333333334
26 0.545 0.22583333333333336 0.035 0.06833333333333334
26 0.579375 0.26916666666666667 0.03625 0.065
26 0.591875 0.47250000000000003 0.05375 0.045000000000000005
26 0.67875 0.21750000000000003 0.0425 0.045000000000000005
26 0.701875 0.18583333333333335 0.04125 0.05166666666666667
26 0.59375 0.12250000000000001 0.04 0.04166666666666667
26 0.60375 0.06833333333333334 0.045 0.04666666666666667
