11 0.5225 0.04583333333333334 0.0475 0.08833333333333333
21 0.421875 0.45333333333333337 0.06625 0.10666666666666667
19 0.238125 0.4008333333333334 0.06125 0.07166666666666667
21 0.343125 0.5558333333333334 0.07125000000000001 0.09833333333333334
24 0.445625 0.53 0.06625 0.09666666666666668
21 0.374375 0.6375000000000001 0.08625000000000001 0.08166666666666667
21 0.389375 0.7391666666666667 0.08375 0.085
21 0.42312500000000003 0.8200000000000001 0.07375 0.1
28 0.24625 0.6416666666666667 0.065 0.08666666666666667
21 0.111875 0.61 0.05625 0.10666666666666667
18 0.01875 0.48833333333333334 0.0375 0.05333333333333334
21 0.22125 0.665 0.05 0.07333333333333333
24 0.315625 0.7266666666666667 0.05625 0.08666666666666667
20 0.34500000000000003 0.8466666666666667 0.0325 0.04666666666666667
21 0.563125 0.7975000000000001 0.08125 0.08833333333333333
19 0.615 0.6975 0.0525 0.08166666666666667
19 0.54125 0.6591666666666667 0.0625 0.07833333333333334
21 0.609375 0.62 0.07875 0.12666666666666668
24 0.744375 0.35583333333333333 0.06625 0.09833333333333334
19 0.7262500000000001 0.4608333333333334 0.0675 0.085
18 0.71 0.6158333333333333 0.0375 0.058333333333333334
18 0.87 0.635 0.0325 0.05
18 0.941875 0.8725 0.058750000000000004 0.095
