11 0.58625 0.2275 0.0575 0.045000000000000005
11 0.694375 0.2783333333333334 0.058750000000000004 0.05
11 0.604375 0.5608333333333334 0.043750000000000004 0.07833333333333334
11 0.835 0.7408333333333333 0.03 0.058333333333333334
11 0.824375 0.7833333333333334 0.043750000000000004 0.04
18 0.3375 0.17750000000000002 0.03 0.035
18 0.40125 0.24416666666666667 0.0275 0.03833333333333334
18 0.34750000000000003 0.3125 0.0275 0.04166666666666667
18 0.47250000000000003 0.29750000000000004 0.025 0.04166666666666667
18 0.5025000000000001 0.21250000000000002 0.03 0.028333333333333335
18 0.249375 0.5333333333333333 0.02375 0.04
18 0.1875 0.5891666666666667 0.02 0.04166666666666667
18 0.23750000000000002 0.6516666666666667 0.0275 0.043333333333333335
18 0.308125 0.7983333333333333 0.02625 0.043333333333333335
18 0.48375 0.9608333333333334 0.0225 0.03166666666666667
18 0.54125 0.8183333333333334 0.0325 0.03333333333333333
18 0.551875 0.10583333333333333 0.03625 0.03833333333333334
11 0.541875 0.9325000000000001 0.04125 0.058333333333333334
