22 0.23625000000000002 0.10833333333333334 0.0475 0.043333333333333335
22 0.32 0.21083333333333334 0.015 0.065
22 0.29375 0.2325 0.0425 0.035
22 0.1375 0.3075 0.0325 0.03166666666666667
22 0.275625 0.5958333333333333 0.04875 0.045000000000000005
22 0.404375 0.675 0.043750000000000004 0.02666666666666667
22 0.53125 0.5775 0.03 0.055
22 0.39375 0.3666666666666667 0.05 0.03333333333333333
22 0.475625 0.2025 0.043750000000000004 0.04166666666666667
22 0.6075 0.28583333333333333 0.0175 0.07500000000000001
22 0.594375 0.1575 0.03875 0.04166666666666667
22 0.36562500000000003 0.0625 0.04625 0.03166666666666667
22 0.37625000000000003 0.0275 0.0225 0.018333333333333333
22 0.88875 0.14666666666666667 0.0175 0.05666666666666667
22 0.961875 0.39333333333333337 0.03125 0.03666666666666667
