24 0.595625 0.18833333333333335 0.04625 0.05666666666666667
23 0.6843750000000001 0.18416666666666667 0.03125 0.045000000000000005
25 0.681875 0.21833333333333335 0.03875 0.04666666666666667
23 0.63 0.2791666666666667 0.04 0.04833333333333334
23 0.625625 0.3325 0.03625 0.04166666666666667
23 0.6675 0.26416666666666666 0.035 0.03833333333333334
25 0.664375 0.3166666666666667 0.04125 0.06666666666666667
25 0.67125 0.39583333333333337 0.045 0.06833333333333334
25 0.699375 0.4191666666666667 0.058750000000000004 0.055
23 0.716875 0.4466666666666667 0.03625 0.05666666666666667
25 0.71 0.5025000000000001 0.0525 0.065
25 0.743125 0.5308333333333334 0.04625 0.065
25 0.770625 0.49083333333333334 0.03375 0.055
23 0.795 0.38 0.035 0.05666666666666667
11 0.2225 0.6441666666666667 0.04 0.055
22 0.3775 0.7733333333333334 0.0275 0.016666666666666666
