18 0.704163 0.101199 0.071749 0.073463
1 0.471718 0.684753 0.033800 0.079007
3 0.516192 0.437330 0.046844 0.098414
7 0.093403 0.723218 0.048033 0.150393
7 0.329998 0.576984 0.057519 0.172572
7 0.382773 0.550300 0.048030 0.176039
7 0.470238 0.573518 0.071158 0.161484
7 0.642495 0.430400 0.058702 0.156632
7 0.689636 0.245702 0.061668 0.165642
7 0.781844 0.292483 0.059891 0.145540
7 0.421317 0.774503 0.145279 0.065842
7 0.272481 0.721139 0.136975 0.075540
7 0.119494 0.410997 0.062263 0.177425
7 0.190650 0.168425 0.120373 0.065144
7 0.277521 0.129269 0.064043 0.178116
3 0.610770 0.193028 0.087759 0.057523
