11 0.4 0.38083333333333336 0.07 0.07500000000000001
11 0.230625 0.3666666666666667 0.05625 0.08
11 0.29125 0.4591666666666667 0.0625 0.08833333333333333
11 0.40750000000000003 0.62 0.05 0.07
11 0.435 0.6825 0.045 0.09166666666666667
11 0.745 0.9283333333333333 0.075 0.06666666666666667
18 0.245625 0.18166666666666667 0.03375 0.043333333333333335
18 0.255625 0.23750000000000002 0.03625 0.045000000000000005
18 0.135 0.3191666666666667 0.03 0.045000000000000005
18 0.1675 0.43333333333333335 0.03 0.05333333333333334
18 0.15625 0.6175 0.035 0.04166666666666667
18 0.19187500000000002 0.6208333333333333 0.03625 0.04166666666666667
18 0.211875 0.5833333333333334 0.03125 0.05
18 0.225625 0.6408333333333334 0.03375 0.03166666666666667
18 0.2775 0.7033333333333334 0.0375 0.043333333333333335
18 0.161875 0.8991666666666667 0.03875 0.035
18 0.176875 0.8500000000000001 0.03375 0.05333333333333334
18 0.216875 0.8441666666666667 0.03375 0.04166666666666667
18 0.33375 0.7941666666666667 0.03 0.04833333333333334
18 0.45 0.7975000000000001 0.035 0.05166666666666667
18 0.440625 0.8808333333333334 0.043750000000000004 0.03833333333333334
18 0.544375 0.9600000000000001 0.03625 0.04666666666666667
18 0.8025 0.6366666666666667 0.04 0.043333333333333335
18 0.5231250000000001 0.78 0.03625 0.05
18 0.77375 0.25916666666666666 0.0375 0.04833333333333334
18 0.7937500000000001 0.325 0.035 0.03666666666666667
