11 0.649375 0.3616666666666667 0.04125 0.03333333333333333
11 0.6793750000000001 0.3741666666666667 0.02875 0.058333333333333334
11 0.63625 0.39666666666666667 0.0425 0.05
11 0.755625 0.42250000000000004 0.03375 0.055
11 0.744375 0.4716666666666667 0.02625 0.05
11 0.6900000000000001 0.5800000000000001 0.04 0.04
11 0.7056250000000001 0.615 0.02875 0.060000000000000005
11 0.54125 0.8825000000000001 0.045 0.025
11 0.465625 0.8683333333333334 0.02375 0.043333333333333335
11 0.39125 0.8200000000000001 0.04 0.02666666666666667
11 0.384375 0.795 0.043750000000000004 0.03333333333333333
