18 0.201875 0.31083333333333335 0.04125 0.055
23 0.136875 0.3975 0.04875 0.06833333333333334
24 0.135 0.33416666666666667 0.06 0.045000000000000005
24 0.205625 0.4141666666666667 0.06625 0.08833333333333333
24 0.270625 0.4916666666666667 0.058750000000000004 0.1
24 0.32 0.4808333333333334 0.0625 0.08833333333333333
18 0.218125 0.5541666666666667 0.04125 0.04166666666666667
24 0.29812500000000003 0.6425000000000001 0.07625 0.11166666666666668
18 0.26687500000000003 0.7025 0.03625 0.04833333333333334
18 0.089375 0.7291666666666667 0.03625 0.05166666666666667
18 0.215 0.7708333333333334 0.0325 0.065
18 0.26875 0.7866666666666667 0.0425 0.05333333333333334
20 0.310625 0.7416666666666667 0.04625 0.05333333333333334
20 0.448125 0.81 0.043750000000000004 0.08
24 0.458125 0.9366666666666668 0.06125 0.08666666666666667
23 0.589375 0.8633333333333334 0.05625 0.06333333333333334
23 0.63125 0.6583333333333333 0.0575 0.07666666666666667
23 0.408125 0.6000000000000001 0.03875 0.07333333333333333
24 0.45375 0.6233333333333334 0.0675 0.09000000000000001
24 0.480625 0.5841666666666667 0.07125000000000001 0.085
18 0.7781250000000001 0.8250000000000001 0.03875 0.05666666666666667
18 0.7368750000000001 0.7991666666666667 0.03625 0.065
24 0.791875 0.7016666666666667 0.06125 0.07
24 0.56 0.7050000000000001 0.065 0.09666666666666668
23 0.59 0.7158333333333334 0.0725 0.07500000000000001
