20 0.36562500000000003 0.14250000000000002 0.04625 0.04833333333333334
19 0.40375 0.335 0.045 0.07
20 0.281875 0.5225000000000001 0.043750000000000004 0.06166666666666667
20 0.244375 0.5208333333333334 0.02875 0.05166666666666667
20 0.093125 0.52 0.04875 0.05333333333333334
20 0.179375 0.5658333333333334 0.04625 0.058333333333333334
20 0.265625 0.5866666666666667 0.058750000000000004 0.06666666666666667
20 0.15687500000000001 0.5891666666666667 0.04625 0.05166666666666667
20 0.215625 0.6125 0.03875 0.06166666666666667
20 0.13375 0.7008333333333334 0.04 0.04166666666666667
20 0.224375 0.7075 0.03375 0.055
20 0.2475 0.7016666666666667 0.0275 0.07666666666666667
19 0.33187500000000003 0.7158333333333334 0.04625 0.06833333333333334
20 0.24875 0.7666666666666667 0.04 0.05
20 0.28750000000000003 0.7791666666666667 0.04 0.06166666666666667
20 0.395 0.7066666666666667 0.0375 0.07666666666666667
20 0.42812500000000003 0.7083333333333334 0.04625 0.07666666666666667
20 0.39687500000000003 0.7733333333333334 0.03875 0.05
19 0.43125 0.7858333333333334 0.04 0.07833333333333334
20 0.40750000000000003 0.8825000000000001 0.0275 0.055
20 0.364375 0.8625 0.03625 0.055
20 0.525625 0.9400000000000001 0.04875 0.05
20 0.386875 0.9800000000000001 0.043750000000000004 0.03666666666666667
19 0.58 0.8650000000000001 0.0525 0.08
20 0.5025000000000001 0.7383333333333334 0.0575 0.04666666666666667
20 0.5750000000000001 0.7358333333333333 0.04 0.05166666666666667
20 0.521875 0.6950000000000001 0.03625 0.04666666666666667
20 0.619375 0.7116666666666667 0.04125 0.05666666666666667
20 0.64625 0.7991666666666667 0.04 0.045000000000000005
19 0.48375 0.6558333333333334 0.0375 0.065
18 0.45875 0.7625000000000001 0.04 0.035
18 0.45687500000000003 0.9341666666666667 0.03875 0.045000000000000005
20 0.805625 0.9566666666666668 0.03625 0.04
20 0.7275 0.8300000000000001 0.04 0.06333333333333334
19 0.689375 0.8525 0.04625 0.06166666666666667
19 0.68125 0.7925000000000001 0.045 0.095
19 0.7225 0.6541666666666667 0.0575 0.065
20 0.673125 0.7050000000000001 0.04875 0.07333333333333333
20 0.716875 0.5650000000000001 0.051250000000000004 0.07666666666666667
20 0.82375 0.5800000000000001 0.0425 0.05333333333333334
20 0.8825000000000001 0.5383333333333333 0.0275 0.06333333333333334
20 0.794375 0.5533333333333333 0.03125 0.07333333333333333
20 0.803125 0.45083333333333336 0.03625 0.07166666666666667
20 0.74375 0.3983333333333334 0.0325 0.05666666666666667
19 0.753125 0.4541666666666667 0.043750000000000004 0.065
19 0.6168750000000001 0.30250000000000005 0.06375 0.06166666666666667
19 0.73 0.22333333333333336 0.0425 0.09000000000000001
19 0.794375 0.325 0.04625 0.08
20 0.879375 0.26416666666666666 0.04875 0.058333333333333334
20 0.800625 0.26833333333333337 0.043750000000000004 0.04666666666666667
20 0.800625 0.2366666666666667 0.03625 0.043333333333333335
20 0.7518750000000001 0.2566666666666667 0.04125 0.05333333333333334
20 0.7025 0.2866666666666667 0.05 0.03333333333333333
20 0.604375 0.35833333333333334 0.051250000000000004 0.060000000000000005
20 0.62375 0.4475 0.04 0.065
20 0.564375 0.45 0.04875 0.04
19 0.5593750000000001 0.49583333333333335 0.05625 0.065
19 0.605625 0.1975 0.03875 0.065
20 0.61 0.13416666666666668 0.045 0.03833333333333334
20 0.656875 0.15666666666666668 0.04625 0.05333333333333334
20 0.58875 0.24583333333333335 0.045 0.065
20 0.888125 0.36250000000000004 0.03625 0.045000000000000005
21 0.19875 0.7625000000000001 0.0575 0.08833333333333333
18 0.140625 0.5125000000000001 0.03125 0.045000000000000005
20 0.466875 0.21500000000000002 0.03375 0.05
20 0.5225 0.10833333333333334 0.045 0.05666666666666667
20 0.45437500000000003 0.07166666666666667 0.04625 0.05
20 0.500625 0.04166666666666667 0.043750000000000004 0.05333333333333334
20 0.47625 0.015000000000000001 0.0375 0.03333333333333333
20 0.62125 0.016666666666666666 0.0425 0.03666666666666667
20 0.3375 0.9275000000000001 0.035 0.05166666666666667
20 0.33625 0.885 0.0275 0.04666666666666667
20 0.37 0.9116666666666667 0.0425 0.05666666666666667
20 0.47000000000000003 0.4733333333333334 0.0325 0.05666666666666667
