11 0.25625 0.26416666666666666 0.0575 0.058333333333333334
11 0.351875 0.30833333333333335 0.058750000000000004 0.08
11 0.3625 0.6341666666666667 0.0525 0.07500000000000001
11 0.24375 0.6333333333333334 0.06 0.07333333333333333
11 0.130625 0.7583333333333334 0.05625 0.060000000000000005
11 0.23500000000000001 0.8416666666666667 0.05 0.08
11 0.388125 0.8075000000000001 0.04875 0.07833333333333334
11 0.40750000000000003 0.9716666666666667 0.0475 0.05333333333333334
11 0.48 0.7891666666666667 0.06 0.06166666666666667
11 0.576875 0.775 0.043750000000000004 0.07
11 0.6012500000000001 0.7216666666666667 0.0625 0.06333333333333334
11 0.600625 0.5750000000000001 0.06625 0.060000000000000005
11 0.52625 0.5116666666666667 0.0525 0.07
11 0.4825 0.5666666666666667 0.0825 0.060000000000000005
11 0.444375 0.41250000000000003 0.06125 0.08166666666666667
11 0.69125 0.4625 0.0375 0.095
11 0.64625 0.2675 0.0425 0.07500000000000001
11 0.46125 0.23833333333333334 0.055 0.08666666666666667
11 0.93625 0.2733333333333334 0.0475 0.04666666666666667
