11 0.131875 0.17500000000000002 0.05375 0.08
11 0.33437500000000003 0.17666666666666667 0.07125000000000001 0.07333333333333333
11 0.481875 0.18166666666666667 0.06375 0.08
11 0.658125 0.15083333333333335 0.04625 0.07833333333333334
11 0.644375 0.23 0.06875 0.07333333333333333
11 0.569375 0.2625 0.06125 0.065
11 0.46125 0.2516666666666667 0.0475 0.08333333333333334
11 0.37875000000000003 0.28833333333333333 0.0525 0.07333333333333333
11 0.235625 0.43083333333333335 0.03875 0.08833333333333333
11 0.34 0.36333333333333334 0.055 0.05
11 0.326875 0.44583333333333336 0.043750000000000004 0.09833333333333334
11 0.3575 0.42083333333333334 0.0425 0.08166666666666667
11 0.388125 0.38 0.04625 0.09666666666666668
11 0.44625000000000004 0.3741666666666667 0.07 0.06166666666666667
11 0.5125 0.31833333333333336 0.0725 0.06666666666666667
11 0.5825 0.3375 0.045 0.08166666666666667
11 0.638125 0.40750000000000003 0.07125000000000001 0.06833333333333334
11 0.805625 0.39416666666666667 0.058750000000000004 0.07833333333333334
11 0.92125 0.2783333333333334 0.055 0.05666666666666667
11 0.946875 0.3466666666666667 0.05625 0.060000000000000005
11 0.38875 0.455 0.0625 0.07
11 0.5 0.39916666666666667 0.065 0.07500000000000001
11 0.55625 0.43833333333333335 0.065 0.05333333333333334
11 0.465 0.4766666666666667 0.055 0.08333333333333334
11 0.5181250000000001 0.525 0.05625 0.09333333333333334
11 0.56125 0.5091666666666667 0.055 0.10500000000000001
11 0.1375 0.5591666666666667 0.065 0.07166666666666667
11 0.228125 0.56 0.05375 0.08666666666666667
11 0.28625 0.5433333333333333 0.0575 0.07333333333333333
11 0.32 0.5116666666666667 0.0625 0.060000000000000005
11 0.37125 0.5166666666666667 0.0575 0.07666666666666667
11 0.410625 0.5416666666666667 0.06875 0.060000000000000005
11 0.485 0.5700000000000001 0.0625 0.05666666666666667
11 0.168125 0.6258333333333334 0.04625 0.08166666666666667
11 0.209375 0.665 0.06125 0.060000000000000005
11 0.239375 0.6216666666666667 0.058750000000000004 0.06333333333333334
11 0.29375 0.6066666666666667 0.0575 0.07333333333333333
11 0.336875 0.6058333333333333 0.051250000000000004 0.06166666666666667
11 0.32937500000000003 0.5641666666666667 0.04125 0.07500000000000001
11 0.37875000000000003 0.5850000000000001 0.0475 0.07666666666666667
11 0.41625 0.6333333333333334 0.0675 0.06333333333333334
11 0.13375 0.7258333333333333 0.0425 0.07500000000000001
11 0.17875 0.7158333333333334 0.06 0.06166666666666667
11 0.203125 0.765 0.05625 0.06666666666666667
11 0.249375 0.7475 0.06375 0.06166666666666667
11 0.294375 0.6916666666666668 0.051250000000000004 0.08666666666666667
11 0.319375 0.7591666666666668 0.043750000000000004 0.07833333333333334
11 0.19 0.915 0.0475 0.07666666666666667
11 0.23750000000000002 0.8383333333333334 0.0575 0.08333333333333334
11 0.3025 0.8016666666666667 0.0625 0.060000000000000005
11 0.30875 0.8566666666666667 0.0575 0.06666666666666667
11 0.33625 0.9433333333333334 0.0575 0.06333333333333334
11 0.3625 0.8075000000000001 0.065 0.06166666666666667
11 0.371875 0.8483333333333334 0.06625 0.06333333333333334
11 0.42 0.7958333333333334 0.0525 0.085
11 0.453125 0.7466666666666667 0.06625 0.06666666666666667
11 0.389375 0.9041666666666667 0.043750000000000004 0.09166666666666667
11 0.436875 0.8816666666666667 0.06125 0.06333333333333334
11 0.46125 0.9075000000000001 0.0625 0.055
11 0.46 0.9700000000000001 0.0575 0.043333333333333335
11 0.5825 0.9466666666666668 0.07 0.05333333333333334
11 0.47500000000000003 0.675 0.0675 0.06666666666666667
11 0.506875 0.7008333333333334 0.058750000000000004 0.06166666666666667
11 0.553125 0.7341666666666667 0.043750000000000004 0.095
11 0.595625 0.6875 0.04625 0.08833333333333333
11 0.625625 0.6900000000000001 0.04125 0.08666666666666667
11 0.596875 0.7958333333333334 0.05625 0.08166666666666667
11 0.568125 0.8516666666666667 0.04625 0.09000000000000001
11 0.6425 0.8275 0.065 0.06833333333333334
11 0.61375 0.885 0.0575 0.07666666666666667
11 0.635625 0.925 0.058750000000000004 0.06333333333333334
11 0.7675000000000001 0.8333333333333334 0.0525 0.07
11 0.7975 0.8525 0.0425 0.08833333333333333
11 0.919375 0.7341666666666667 0.051250000000000004 0.07166666666666667
11 0.9175 0.5691666666666667 0.045 0.07166666666666667
18 0.52875 0.21833333333333335 0.03 0.05
18 0.251875 0.9375000000000001 0.03375 0.03833333333333334
