19 0.345625 0.13083333333333333 0.08875 0.065
19 0.33125 0.20750000000000002 0.0775 0.08166666666666667
19 0.384375 0.2816666666666667 0.06625 0.08
19 0.450625 0.1975 0.05625 0.10500000000000001
19 0.215625 0.41583333333333333 0.04875 0.055
28 0.263125 0.39916666666666667 0.07125000000000001 0.10166666666666667
28 0.22375 0.5 0.085 0.1
25 0.455 0.49000000000000005 0.085 0.14666666666666667
19 0.74375 0.21500000000000002 0.0725 0.08666666666666667
19 0.6325000000000001 0.11833333333333335 0.0775 0.07333333333333333
28 0.519375 0.08416666666666667 0.07125000000000001 0.058333333333333334
