11 0.251875 0.24833333333333335 0.02875 0.05
11 0.243125 0.31833333333333336 0.03375 0.03666666666666667
11 0.32125 0.165 0.0325 0.043333333333333335
11 0.210625 0.35833333333333334 0.02125 0.05
11 0.2525 0.3541666666666667 0.015 0.035
11 0.268125 0.36833333333333335 0.01875 0.04666666666666667
11 0.243125 0.3716666666666667 0.01875 0.043333333333333335
11 0.224375 0.4 0.02625 0.04
11 0.25375000000000003 0.41833333333333333 0.0475 0.03666666666666667
11 0.5275 0.24583333333333335 0.035 0.035
11 0.5075000000000001 0.41500000000000004 0.0325 0.05666666666666667
11 0.494375 0.5533333333333333 0.02375 0.05333333333333334
11 0.556875 0.5408333333333334 0.02625 0.03833333333333334
11 0.486875 0.6291666666666667 0.02625 0.05166666666666667
11 0.414375 0.6533333333333333 0.02375 0.04
11 0.28750000000000003 0.5791666666666667 0.0275 0.045000000000000005
11 0.246875 0.7466666666666667 0.03875 0.030000000000000002
11 0.603125 0.8200000000000001 0.03375 0.04
11 0.709375 0.7216666666666667 0.03875 0.03666666666666667
11 0.601875 0.5691666666666667 0.02875 0.06833333333333334
11 0.749375 0.6516666666666667 0.02625 0.043333333333333335
11 0.74375 0.5791666666666667 0.0325 0.035
11 0.638125 0.3616666666666667 0.04625 0.03333333333333333
27 0.39687500000000003 0.155 0.03875 0.030000000000000002
27 0.39375 0.20916666666666667 0.035 0.03833333333333334
27 0.470625 0.41500000000000004 0.03375 0.04
27 0.6481250000000001 0.5791666666666667 0.03875 0.035
27 0.5437500000000001 0.805 0.025 0.05333333333333334
27 0.661875 0.8016666666666667 0.02875 0.03666666666666667
27 0.42375 0.7458333333333333 0.045 0.04166666666666667
19 0.295625 0.1991666666666667 0.03125 0.03833333333333334
19 0.3575 0.14833333333333334 0.0225 0.03666666666666667
19 0.475625 0.19083333333333335 0.03125 0.058333333333333334
19 0.34375 0.3825 0.035 0.04166666666666667
19 0.4175 0.42083333333333334 0.0275 0.045000000000000005
19 0.326875 0.5866666666666667 0.02625 0.04666666666666667
19 0.39375 0.6050000000000001 0.0325 0.05333333333333334
19 0.41500000000000004 0.7858333333333334 0.035 0.03833333333333334
19 0.618125 0.7608333333333334 0.02875 0.065
19 0.65 0.6733333333333333 0.03 0.04666666666666667
19 0.665625 0.7275 0.03125 0.04833333333333334
19 0.7225 0.6583333333333333 0.0275 0.04666666666666667
19 0.7375 0.5491666666666667 0.035 0.045000000000000005
19 0.7275 0.43083333333333335 0.0375 0.04833333333333334
19 0.681875 0.3491666666666667 0.05375 0.055
18 0.560625 0.18000000000000002 0.02375 0.02666666666666667
18 0.645625 0.20916666666666667 0.02125 0.035
18 0.64625 0.2341666666666667 0.0275 0.03166666666666667
18 0.67625 0.24083333333333334 0.02 0.03166666666666667
18 0.67125 0.25916666666666666 0.03 0.025
18 0.620625 0.275 0.02375 0.03666666666666667
18 0.605625 0.3325 0.02375 0.018333333333333333
18 0.605625 0.36583333333333334 0.02375 0.021666666666666667
18 0.635 0.33166666666666667 0.0225 0.02666666666666667
18 0.668125 0.39916666666666667 0.02125 0.028333333333333335
18 0.68625 0.4166666666666667 0.025 0.03333333333333333
18 0.743125 0.4091666666666667 0.02125 0.04166666666666667
18 0.763125 0.4241666666666667 0.01875 0.035
18 0.745 0.4525 0.02 0.03166666666666667
18 0.71125 0.47500000000000003 0.0275 0.02666666666666667
18 0.690625 0.515 0.02125 0.02666666666666667
18 0.609375 0.515 0.02625 0.023333333333333334
18 0.528125 0.45083333333333336 0.02125 0.028333333333333335
18 0.705 0.5666666666666667 0.02 0.023333333333333334
18 0.699375 0.5891666666666667 0.02125 0.025
18 0.6843750000000001 0.6116666666666667 0.02125 0.03333333333333333
18 0.655625 0.6366666666666667 0.01875 0.030000000000000002
18 0.681875 0.6833333333333333 0.02125 0.016666666666666666
18 0.565625 0.6633333333333333 0.02625 0.030000000000000002
18 0.591875 0.6958333333333334 0.02375 0.021666666666666667
18 0.595 0.7175 0.0225 0.03166666666666667
18 0.57625 0.5666666666666667 0.02 0.03333333333333333
18 0.62875 0.8183333333333334 0.0175 0.03333333333333333
18 0.64375 0.7725000000000001 0.015 0.03166666666666667
18 0.566875 0.8041666666666667 0.02375 0.025
18 0.5856250000000001 0.7966666666666667 0.02125 0.023333333333333334
18 0.583125 0.8691666666666668 0.02625 0.035
18 0.46875 0.8983333333333334 0.0225 0.02666666666666667
18 0.51375 0.8033333333333333 0.02 0.030000000000000002
18 0.45437500000000003 0.7066666666666667 0.03125 0.03333333333333333
18 0.45125 0.6833333333333333 0.02 0.02666666666666667
18 0.370625 0.6058333333333333 0.02125 0.028333333333333335
18 0.375625 0.5883333333333334 0.02875 0.023333333333333334
18 0.37625000000000003 0.6383333333333334 0.0225 0.023333333333333334
18 0.33187500000000003 0.6375000000000001 0.02625 0.03166666666666667
18 0.305 0.625 0.0275 0.03333333333333333
18 0.30375 0.6566666666666667 0.0175 0.030000000000000002
18 0.33875 0.6866666666666668 0.025 0.03333333333333333
18 0.318125 0.7158333333333334 0.02625 0.018333333333333333
18 0.305 0.745 0.02 0.02
18 0.305625 0.7958333333333334 0.02625 0.028333333333333335
18 0.326875 0.8041666666666667 0.02125 0.025
18 0.354375 0.8575 0.01875 0.028333333333333335
18 0.38375000000000004 0.8475 0.02 0.028333333333333335
18 0.390625 0.8058333333333334 0.02125 0.028333333333333335
18 0.2975 0.8200000000000001 0.02 0.023333333333333334
18 0.256875 0.7741666666666667 0.02375 0.03166666666666667
18 0.24 0.7100000000000001 0.03 0.02666666666666667
18 0.214375 0.6691666666666667 0.02125 0.035
18 0.276875 0.6208333333333333 0.01875 0.03166666666666667
18 0.304375 0.68 0.02375 0.02666666666666667
18 0.20375000000000001 0.5541666666666667 0.0175 0.028333333333333335
18 0.22875 0.5591666666666667 0.02 0.028333333333333335
18 0.23500000000000001 0.5383333333333333 0.0225 0.02666666666666667
18 0.258125 0.5608333333333334 0.02375 0.025
18 0.241875 0.49833333333333335 0.02625 0.02666666666666667
18 0.336875 0.3441666666666667 0.02625 0.03166666666666667
18 0.35875 0.17666666666666667 0.03 0.03333333333333333
18 0.469375 0.22583333333333336 0.02375 0.028333333333333335
18 0.400625 0.17750000000000002 0.02625 0.028333333333333335
19 0.204375 0.4133333333333334 0.02625 0.04666666666666667
27 0.20125 0.4425 0.03 0.04833333333333334
18 0.400625 0.44333333333333336 0.02125 0.030000000000000002
18 0.54125 0.22833333333333336 0.0175 0.03333333333333333
18 0.51 0.2325 0.025 0.025
18 0.618125 0.46166666666666667 0.03125 0.04
18 0.76 0.48000000000000004 0.02 0.023333333333333334
18 0.7731250000000001 0.5433333333333333 0.02625 0.030000000000000002
18 0.7375 0.5183333333333333 0.02 0.02666666666666667
