20 0.341875 0.2316666666666667 0.03625 0.05666666666666667
20 0.344375 0.2791666666666667 0.03375 0.05166666666666667
20 0.245 0.2833333333333333 0.04 0.043333333333333335
20 0.23375 0.3666666666666667 0.0375 0.043333333333333335
20 0.258125 0.33 0.03625 0.043333333333333335
20 0.34875 0.35500000000000004 0.035 0.05
20 0.378125 0.3408333333333334 0.03375 0.035
20 0.455 0.36500000000000005 0.04 0.043333333333333335
20 0.4275 0.33166666666666667 0.045 0.05333333333333334
20 0.46625 0.11083333333333334 0.025 0.04833333333333334
20 0.2675 0.45333333333333337 0.0275 0.043333333333333335
20 0.393125 0.4425 0.03125 0.055
20 0.3 0.4491666666666667 0.0425 0.05166666666666667
20 0.36125 0.5175000000000001 0.04 0.05166666666666667
20 0.21 0.5133333333333334 0.035 0.04666666666666667
20 0.18625 0.5191666666666667 0.0375 0.045000000000000005
20 0.27875 0.5308333333333334 0.0425 0.04166666666666667
20 0.28125 0.5808333333333334 0.0425 0.045000000000000005
20 0.255 0.5791666666666667 0.0375 0.04833333333333334
20 0.225 0.6666666666666667 0.0375 0.043333333333333335
20 0.193125 0.7416666666666667 0.03375 0.04666666666666667
20 0.3075 0.6675000000000001 0.04 0.055
20 0.309375 0.7341666666666667 0.04125 0.058333333333333334
20 0.3175 0.7025 0.0425 0.03833333333333334
20 0.3775 0.62 0.035 0.05333333333333334
20 0.343125 0.5625 0.03875 0.05166666666666667
20 0.34500000000000003 0.7425 0.04 0.04833333333333334
20 0.354375 0.7808333333333334 0.03875 0.035
20 0.40875 0.7766666666666667 0.0475 0.04666666666666667
20 0.470625 0.7983333333333333 0.03625 0.04
20 0.450625 0.8358333333333334 0.04125 0.045000000000000005
20 0.419375 0.8675 0.03875 0.05166666666666667
20 0.5475 0.8566666666666667 0.035 0.05
20 0.576875 0.7416666666666667 0.04125 0.043333333333333335
20 0.566875 0.7791666666666667 0.04625 0.058333333333333334
20 0.665625 0.6125 0.051250000000000004 0.04833333333333334
20 0.81875 0.7858333333333334 0.0375 0.058333333333333334
20 0.419375 0.15416666666666667 0.02625 0.04166666666666667
20 0.7325 0.3116666666666667 0.0375 0.043333333333333335
24 0.395625 0.22666666666666668 0.06125 0.06333333333333334
24 0.401875 0.28583333333333333 0.05625 0.07833333333333334
24 0.376875 0.7475 0.06625 0.08833333333333333
24 0.34750000000000003 0.6533333333333333 0.0625 0.08333333333333334
23 0.40625 0.5825 0.0475 0.07166666666666667
23 0.568125 0.6375000000000001 0.051250000000000004 0.07166666666666667
11 0.71375 0.5825 0.0525 0.05166666666666667
12 0.64125 0.14666666666666667 0.0175 0.03333333333333333
18 0.726875 0.64 0.043750000000000004 0.05
12 0.22312500000000002 0.7275 0.02125 0.028333333333333335
18 0.14375000000000002 0.5258333333333334 0.04 0.04166666666666667
