11 0.31875000000000003 0.16166666666666668 0.03 0.023333333333333334
11 0.295 0.20083333333333334 0.025 0.04166666666666667
11 0.3175 0.2316666666666667 0.03 0.03666666666666667
11 0.359375 0.2 0.03375 0.03666666666666667
11 0.3825 0.16583333333333333 0.0275 0.045000000000000005
11 0.258125 0.2325 0.02375 0.03833333333333334
11 0.29625 0.24916666666666668 0.03 0.028333333333333335
11 0.315 0.28250000000000003 0.0225 0.04166666666666667
11 0.34125 0.2891666666666667 0.0275 0.04166666666666667
11 0.28875 0.29500000000000004 0.03 0.03666666666666667
11 0.234375 0.36083333333333334 0.02875 0.05166666666666667
11 0.26 0.34833333333333333 0.02 0.05333333333333334
11 0.36125 0.35250000000000004 0.0225 0.055
11 0.285625 0.39333333333333337 0.02625 0.05333333333333334
11 0.335625 0.4291666666666667 0.03625 0.03833333333333334
11 0.36312500000000003 0.4266666666666667 0.01875 0.05333333333333334
11 0.41250000000000003 0.46416666666666667 0.0225 0.055
11 0.38625 0.4691666666666667 0.0275 0.045000000000000005
11 0.205625 0.49000000000000005 0.02625 0.05
11 0.19 0.5091666666666667 0.0175 0.04166666666666667
11 0.18 0.5366666666666667 0.0275 0.05
11 0.381875 0.5291666666666667 0.03125 0.04833333333333334
11 0.41375 0.5466666666666667 0.0275 0.043333333333333335
11 0.44625000000000004 0.5408333333333334 0.0275 0.028333333333333335
11 0.473125 0.5491666666666667 0.02375 0.045000000000000005
11 0.498125 0.5675 0.02875 0.04833333333333334
11 0.5231250000000001 0.5583333333333333 0.03125 0.04666666666666667
11 0.465625 0.6066666666666667 0.02375 0.04666666666666667
11 0.49625 0.6041666666666667 0.0375 0.03833333333333334
11 0.4425 0.6466666666666667 0.025 0.04666666666666667
11 0.413125 0.6141666666666667 0.02375 0.04833333333333334
11 0.433125 0.6958333333333334 0.02875 0.04166666666666667
11 0.4675 0.7158333333333334 0.0425 0.05166666666666667
11 0.251875 0.645 0.03125 0.04666666666666667
11 0.24375 0.6866666666666668 0.0325 0.030000000000000002
11 0.256875 0.7133333333333334 0.03375 0.03333333333333333
11 0.213125 0.6675000000000001 0.02375 0.045000000000000005
11 0.26625 0.7783333333333334 0.0375 0.04
11 0.375625 0.8083333333333333 0.02625 0.04666666666666667
11 0.3725 0.8475 0.0425 0.03166666666666667
11 0.440625 0.8958333333333334 0.03375 0.035
11 0.53125 0.8391666666666667 0.0375 0.03833333333333334
11 0.494375 0.7866666666666667 0.03625 0.03666666666666667
11 0.506875 0.6533333333333333 0.02875 0.04666666666666667
11 0.5225 0.6825 0.03 0.055
11 0.57625 0.765 0.025 0.05
11 0.6075 0.765 0.035 0.043333333333333335
11 0.609375 0.6975 0.03375 0.035
11 0.64375 0.6858333333333334 0.025 0.04833333333333334
11 0.68625 0.7358333333333333 0.0275 0.045000000000000005
11 0.64875 0.7466666666666667 0.025 0.04
11 0.6325000000000001 0.7883333333333333 0.0275 0.043333333333333335
11 0.615625 0.8108333333333334 0.02375 0.03166666666666667
11 0.589375 0.81 0.03125 0.03666666666666667
11 0.599375 0.8350000000000001 0.02375 0.03666666666666667
11 0.6325000000000001 0.8383333333333334 0.0175 0.030000000000000002
11 0.706875 0.6791666666666667 0.02375 0.055
11 0.72375 0.6950000000000001 0.0325 0.04
11 0.738125 0.6633333333333333 0.03375 0.03333333333333333
11 0.7575000000000001 0.6483333333333334 0.035 0.03333333333333333
11 0.733125 0.62 0.02875 0.04
11 0.71125 0.6441666666666667 0.025 0.028333333333333335
11 0.608125 0.6558333333333334 0.02625 0.04166666666666667
11 0.59125 0.635 0.045 0.03666666666666667
11 0.5806250000000001 0.6658333333333334 0.03125 0.028333333333333335
11 0.5525 0.6341666666666667 0.03 0.058333333333333334
11 0.5575 0.5408333333333334 0.04 0.03166666666666667
11 0.5875 0.5700000000000001 0.0325 0.04666666666666667
11 0.634375 0.5916666666666667 0.03625 0.030000000000000002
11 0.6218750000000001 0.5650000000000001 0.03375 0.03666666666666667
11 0.466875 0.4683333333333334 0.02875 0.05666666666666667
11 0.5025000000000001 0.4541666666666667 0.0225 0.045000000000000005
11 0.530625 0.4516666666666667 0.03125 0.04
11 0.545 0.48000000000000004 0.03 0.03333333333333333
11 0.52625 0.5025000000000001 0.0325 0.04833333333333334
11 0.569375 0.49333333333333335 0.03125 0.05333333333333334
11 0.58625 0.4941666666666667 0.0225 0.045000000000000005
11 0.63625 0.515 0.035 0.03333333333333333
11 0.6675 0.5041666666666667 0.02 0.021666666666666667
11 0.6925 0.49833333333333335 0.0175 0.03666666666666667
11 0.658125 0.56 0.02125 0.04666666666666667
11 0.67375 0.5783333333333334 0.025 0.04666666666666667
11 0.715 0.5725 0.0225 0.04166666666666667
11 0.743125 0.5825 0.03125 0.035
11 0.755 0.5525 0.0225 0.03833333333333334
11 0.775 0.5675 0.0275 0.04833333333333334
11 0.76875 0.5108333333333334 0.0325 0.03166666666666667
11 0.769375 0.4866666666666667 0.02125 0.03333333333333333
11 0.7675000000000001 0.44583333333333336 0.0275 0.03833333333333334
11 0.74625 0.46166666666666667 0.025 0.02666666666666667
11 0.7225 0.48000000000000004 0.025 0.02666666666666667
11 0.725 0.5208333333333334 0.025 0.028333333333333335
11 0.743125 0.49833333333333335 0.02875 0.030000000000000002
11 0.6168750000000001 0.4866666666666667 0.03125 0.030000000000000002
11 0.6375000000000001 0.41833333333333333 0.025 0.04
11 0.64125 0.4575 0.0225 0.035
11 0.65625 0.4625 0.02 0.03833333333333334
11 0.67125 0.4491666666666667 0.0175 0.03833333333333334
11 0.69375 0.4716666666666667 0.025 0.03666666666666667
11 0.7312500000000001 0.44083333333333335 0.03 0.035
11 0.764375 0.4008333333333334 0.02875 0.04166666666666667
11 0.723125 0.3891666666666667 0.02625 0.025
11 0.698125 0.3866666666666667 0.02125 0.02666666666666667
11 0.678125 0.4041666666666667 0.02125 0.035
11 0.7025 0.4191666666666667 0.0225 0.03833333333333334
11 0.673125 0.37333333333333335 0.02625 0.02666666666666667
11 0.64875 0.37583333333333335 0.025 0.035
11 0.629375 0.35000000000000003 0.02375 0.03666666666666667
11 0.628125 0.3866666666666667 0.02875 0.02666666666666667
11 0.6168750000000001 0.4116666666666667 0.02125 0.02666666666666667
11 0.588125 0.4216666666666667 0.03625 0.02666666666666667
11 0.594375 0.445 0.03625 0.04
11 0.575625 0.4566666666666667 0.03625 0.04
11 0.538125 0.41750000000000004 0.03875 0.03166666666666667
11 0.575625 0.3916666666666667 0.02625 0.04666666666666667
11 0.600625 0.3975 0.02625 0.035
11 0.469375 0.3925 0.02375 0.045000000000000005
11 0.506875 0.3925 0.02125 0.045000000000000005
11 0.48 0.3458333333333334 0.0375 0.04166666666666667
11 0.41875 0.3175 0.02 0.04833333333333334
11 0.42 0.26083333333333336 0.0275 0.055
11 0.445625 0.2391666666666667 0.03125 0.03833333333333334
11 0.453125 0.2025 0.02875 0.04166666666666667
11 0.429375 0.17333333333333334 0.03625 0.023333333333333334
11 0.41125 0.14333333333333334 0.0325 0.030000000000000002
11 0.443125 0.14666666666666667 0.02375 0.03666666666666667
11 0.49062500000000003 0.30583333333333335 0.04125 0.045000000000000005
11 0.525 0.30833333333333335 0.045 0.04666666666666667
11 0.45625 0.29250000000000004 0.04 0.03833333333333334
11 0.441875 0.32666666666666666 0.03125 0.03333333333333333
11 0.519375 0.3416666666666667 0.03125 0.03333333333333333
11 0.531875 0.37083333333333335 0.02875 0.04833333333333334
11 0.469375 0.26166666666666666 0.02375 0.04
11 0.485 0.2341666666666667 0.0325 0.028333333333333335
11 0.495 0.26583333333333337 0.0225 0.045000000000000005
11 0.486875 0.1991666666666667 0.03625 0.028333333333333335
11 0.49312500000000004 0.17416666666666666 0.02625 0.03833333333333334
11 0.515625 0.15916666666666668 0.01875 0.03833333333333334
11 0.5325 0.18416666666666667 0.0275 0.05166666666666667
11 0.5525 0.19083333333333335 0.03 0.03166666666666667
11 0.573125 0.2016666666666667 0.03125 0.03333333333333333
11 0.53 0.2325 0.0225 0.04166666666666667
11 0.54875 0.2225 0.02 0.035
11 0.5700000000000001 0.24333333333333335 0.025 0.03333333333333333
11 0.595 0.23750000000000002 0.0275 0.035
11 0.6175 0.255 0.035 0.02666666666666667
11 0.626875 0.20333333333333334 0.03125 0.030000000000000002
11 0.656875 0.2066666666666667 0.02875 0.03333333333333333
11 0.669375 0.2325 0.02625 0.03166666666666667
11 0.698125 0.2316666666666667 0.03875 0.03333333333333333
11 0.719375 0.2625 0.03875 0.035
11 0.73 0.305 0.0225 0.04
11 0.6875 0.3091666666666667 0.02 0.04166666666666667
11 0.70625 0.3041666666666667 0.03 0.035
11 0.660625 0.2725 0.02125 0.035
11 0.641875 0.29083333333333333 0.02875 0.03166666666666667
11 0.63625 0.32 0.0275 0.023333333333333334
11 0.605 0.3125 0.025 0.04166666666666667
11 0.618125 0.29000000000000004 0.02375 0.043333333333333335
11 0.588125 0.2725 0.03375 0.035
27 0.7212500000000001 0.34500000000000003 0.0275 0.05333333333333334
27 0.695625 0.6141666666666667 0.02875 0.055
27 0.661875 0.6025 0.04625 0.03833333333333334
27 0.691875 0.5441666666666667 0.02875 0.045000000000000005
27 0.6175 0.5333333333333333 0.05 0.05
27 0.534375 0.5958333333333333 0.04875 0.04833333333333334
27 0.628125 0.7216666666666667 0.03625 0.043333333333333335
27 0.6175 0.8683333333333334 0.035 0.043333333333333335
27 0.439375 0.6008333333333333 0.03625 0.045000000000000005
27 0.22875 0.5458333333333334 0.035 0.04833333333333334
27 0.32937500000000003 0.3641666666666667 0.03375 0.055
27 0.264375 0.28833333333333333 0.02875 0.060000000000000005
