18 0.400625 0.10666666666666667 0.01875 0.03666666666666667
18 0.45437500000000003 0.08416666666666667 0.01375 0.04166666666666667
18 0.469375 0.135 0.01875 0.04
18 0.4225 0.1691666666666667 0.03 0.015000000000000001
18 0.39437500000000003 0.18916666666666668 0.03375 0.021666666666666667
18 0.45125 0.18833333333333335 0.015 0.03666666666666667
18 0.441875 0.21083333333333334 0.02375 0.03166666666666667
18 0.320625 0.2041666666666667 0.02875 0.035
18 0.33187500000000003 0.2325 0.02875 0.021666666666666667
18 0.36 0.24083333333333334 0.0325 0.025
18 0.308125 0.24500000000000002 0.02875 0.03333333333333333
18 0.274375 0.24916666666666668 0.03125 0.021666666666666667
18 0.205625 0.24666666666666667 0.02625 0.03666666666666667
18 0.276875 0.27666666666666667 0.02625 0.023333333333333334
18 0.30375 0.2891666666666667 0.0325 0.021666666666666667
18 0.23875000000000002 0.3016666666666667 0.0275 0.02666666666666667
18 0.2 0.3641666666666667 0.0175 0.04166666666666667
18 0.143125 0.37833333333333335 0.01625 0.04
18 0.32125 0.3441666666666667 0.0225 0.04166666666666667
18 0.343125 0.32833333333333337 0.01875 0.03333333333333333
18 0.370625 0.39083333333333337 0.03125 0.035
18 0.32 0.4091666666666667 0.0275 0.021666666666666667
18 0.28875 0.4216666666666667 0.0275 0.030000000000000002
18 0.311875 0.43083333333333335 0.02625 0.021666666666666667
18 0.315 0.4591666666666667 0.03 0.028333333333333335
18 0.341875 0.455 0.03375 0.043333333333333335
18 0.26625 0.4316666666666667 0.03 0.030000000000000002
18 0.28125 0.4591666666666667 0.0175 0.04166666666666667
18 0.29625 0.4766666666666667 0.02 0.04666666666666667
18 0.261875 0.4758333333333334 0.02375 0.03833333333333334
18 0.264375 0.5308333333333334 0.01875 0.03833333333333334
18 0.281875 0.5358333333333334 0.02625 0.03833333333333334
18 0.183125 0.5091666666666667 0.02375 0.045000000000000005
18 0.210625 0.4058333333333334 0.02125 0.035
18 0.18812500000000001 0.4425 0.01625 0.035
18 0.211875 0.4341666666666667 0.03125 0.028333333333333335
18 0.211875 0.455 0.02875 0.02
18 0.15875 0.45583333333333337 0.0225 0.04166666666666667
18 0.16125 0.5633333333333334 0.025 0.04
18 0.18125 0.5650000000000001 0.0175 0.03333333333333333
18 0.18125 0.6000000000000001 0.0275 0.03666666666666667
18 0.20750000000000002 0.6608333333333334 0.03 0.025
18 0.255 0.6516666666666667 0.02 0.04
18 0.270625 0.6225 0.02875 0.028333333333333335
18 0.294375 0.5733333333333334 0.01625 0.030000000000000002
18 0.29875 0.6141666666666667 0.02 0.035
18 0.320625 0.5466666666666667 0.02875 0.02
18 0.31875000000000003 0.5758333333333334 0.0275 0.028333333333333335
18 0.3375 0.5083333333333334 0.02 0.03333333333333333
18 0.36062500000000003 0.5433333333333333 0.03375 0.013333333333333334
18 0.358125 0.5133333333333334 0.02625 0.04
18 0.36312500000000003 0.48750000000000004 0.02375 0.03166666666666667
18 0.375 0.4841666666666667 0.0225 0.03833333333333334
18 0.39875 0.42833333333333334 0.035 0.02666666666666667
18 0.45625 0.4566666666666667 0.035 0.04
18 0.416875 0.5183333333333333 0.01625 0.043333333333333335
18 0.385625 0.5408333333333334 0.01375 0.04166666666666667
18 0.274375 0.6841666666666667 0.03125 0.025
18 0.305 0.6575000000000001 0.0225 0.045000000000000005
18 0.32875 0.6541666666666667 0.0275 0.018333333333333333
18 0.333125 0.6733333333333333 0.02625 0.02
18 0.344375 0.6916666666666668 0.02625 0.03666666666666667
18 0.3675 0.6666666666666667 0.03 0.02666666666666667
18 0.398125 0.6575000000000001 0.02625 0.03833333333333334
18 0.405 0.6925 0.0275 0.04166666666666667
18 0.4475 0.6866666666666668 0.0275 0.03666666666666667
18 0.4525 0.7266666666666667 0.03 0.03333333333333333
18 0.36312500000000003 0.7833333333333334 0.02125 0.043333333333333335
18 0.41625 0.8033333333333333 0.02 0.03666666666666667
18 0.315 0.7266666666666667 0.0325 0.04666666666666667
18 0.28750000000000003 0.7350000000000001 0.0225 0.04
18 0.27625 0.7625000000000001 0.0325 0.028333333333333335
18 0.234375 0.75 0.02125 0.03666666666666667
18 0.39187500000000003 0.8691666666666668 0.02125 0.03166666666666667
18 0.375625 0.9116666666666667 0.02875 0.023333333333333334
18 0.405625 0.9 0.02875 0.02
18 0.413125 0.9183333333333334 0.02625 0.02
18 0.47750000000000004 0.9783333333333334 0.0275 0.023333333333333334
18 0.5125 0.9275000000000001 0.025 0.028333333333333335
18 0.52375 0.8908333333333334 0.025 0.028333333333333335
18 0.558125 0.9216666666666667 0.01875 0.03333333333333333
18 0.4975 0.8341666666666667 0.03 0.021666666666666667
18 0.576875 0.9383333333333334 0.01875 0.02666666666666667
18 0.570625 0.9700000000000001 0.01125 0.03333333333333333
18 0.60375 0.81 0.02 0.03666666666666667
18 0.58 0.7575000000000001 0.025 0.03833333333333334
18 0.6637500000000001 0.7366666666666667 0.0175 0.03666666666666667
18 0.676875 0.7516666666666667 0.02125 0.03333333333333333
18 0.6062500000000001 0.6333333333333334 0.0325 0.03666666666666667
18 0.680625 0.6391666666666667 0.03125 0.025
18 0.52875 0.68 0.03 0.023333333333333334
18 0.533125 0.6158333333333333 0.01625 0.045000000000000005
18 0.54875 0.6358333333333334 0.025 0.028333333333333335
18 0.535625 0.5608333333333334 0.02875 0.035
18 0.5625 0.5758333333333334 0.02 0.03833333333333334
18 0.579375 0.5558333333333334 0.01875 0.04166666666666667
18 0.629375 0.5325000000000001 0.01875 0.035
18 0.654375 0.5358333333333334 0.02875 0.025
18 0.62625 0.49833333333333335 0.0275 0.02666666666666667
18 0.613125 0.4766666666666667 0.03125 0.030000000000000002
18 0.603125 0.5075000000000001 0.02375 0.03833333333333334
18 0.5593750000000001 0.4758333333333334 0.02625 0.03166666666666667
18 0.5962500000000001 0.44833333333333336 0.0325 0.023333333333333334
18 0.623125 0.42000000000000004 0.02375 0.03666666666666667
18 0.7468750000000001 0.5025000000000001 0.02875 0.025
18 0.711875 0.4758333333333334 0.02625 0.04166666666666667
18 0.6375000000000001 0.35750000000000004 0.035 0.025
18 0.664375 0.3591666666666667 0.02125 0.03833333333333334
18 0.625625 0.39083333333333337 0.02875 0.03166666666666667
18 0.609375 0.3358333333333334 0.01875 0.03833333333333334
18 0.729375 0.35500000000000004 0.01625 0.03333333333333333
18 0.798125 0.3433333333333334 0.02375 0.03666666666666667
18 0.83375 0.33083333333333337 0.025 0.028333333333333335
18 0.619375 0.24500000000000002 0.02125 0.04
18 0.63 0.21083333333333334 0.02 0.04166666666666667
18 0.6431250000000001 0.1625 0.02875 0.03166666666666667
18 0.696875 0.17583333333333334 0.02125 0.045000000000000005
18 0.531875 0.195 0.02875 0.023333333333333334
18 0.504375 0.24000000000000002 0.02125 0.043333333333333335
18 0.528125 0.2808333333333333 0.01875 0.04166666666666667
18 0.50625 0.3075 0.03 0.028333333333333335
18 0.540625 0.32083333333333336 0.03125 0.028333333333333335
18 0.47250000000000003 0.1875 0.0175 0.03833333333333334
18 0.469375 0.22416666666666668 0.01875 0.035
18 0.48562500000000003 0.25583333333333336 0.03125 0.035
18 0.47500000000000003 0.2866666666666667 0.0325 0.03333333333333333
18 0.500625 0.33083333333333337 0.03375 0.028333333333333335
18 0.52 0.36500000000000005 0.02 0.03333333333333333
18 0.50625 0.39083333333333337 0.0325 0.025
18 0.450625 0.35500000000000004 0.01875 0.03666666666666667
18 0.424375 0.35833333333333334 0.03375 0.02666666666666667
18 0.40125 0.2808333333333333 0.03 0.025
18 0.4175 0.27083333333333337 0.0225 0.035
18 0.435625 0.24833333333333335 0.02125 0.030000000000000002
18 0.4375 0.2758333333333334 0.02 0.035
18 0.531875 0.07500000000000001 0.02375 0.04
11 0.15375 0.32833333333333337 0.05 0.05333333333333334
11 0.130625 0.43083333333333335 0.04625 0.03833333333333334
11 0.25875 0.375 0.0425 0.05666666666666667
11 0.1525 0.5125000000000001 0.0375 0.058333333333333334
11 0.2475 0.5033333333333334 0.035 0.06333333333333334
11 0.34750000000000003 0.5591666666666667 0.04 0.058333333333333334
11 0.225 0.7091666666666667 0.04 0.055
11 0.3075 0.8808333333333334 0.0375 0.04833333333333334
11 0.333125 0.925 0.043750000000000004 0.043333333333333335
11 0.40750000000000003 0.9383333333333334 0.0475 0.03333333333333333
11 0.44375000000000003 0.9516666666666668 0.04 0.03666666666666667
11 0.47000000000000003 0.9600000000000001 0.0325 0.05
11 0.5231250000000001 0.9525 0.04625 0.035
11 0.5825 0.8991666666666667 0.05 0.045000000000000005
11 0.6025 0.8500000000000001 0.045 0.04666666666666667
11 0.501875 0.8108333333333334 0.05625 0.058333333333333334
11 0.6481250000000001 0.895 0.04875 0.04
11 0.665 0.8591666666666667 0.05 0.04166666666666667
11 0.71625 0.8225 0.0575 0.045000000000000005
11 0.696875 0.7941666666666667 0.04875 0.03833333333333334
11 0.74875 0.7783333333333334 0.0525 0.05
11 0.7056250000000001 0.7308333333333333 0.03625 0.028333333333333335
11 0.699375 0.7058333333333334 0.04625 0.028333333333333335
11 0.655625 0.7050000000000001 0.03375 0.060000000000000005
11 0.600625 0.6916666666666668 0.03625 0.05666666666666667
11 0.543125 0.7250000000000001 0.03625 0.06333333333333334
11 0.5175 0.6416666666666667 0.0425 0.03666666666666667
11 0.4925 0.6050000000000001 0.0325 0.05
11 0.51875 0.5941666666666667 0.035 0.04833333333333334
11 0.765 0.65 0.0275 0.060000000000000005
11 0.78125 0.5966666666666667 0.035 0.03666666666666667
11 0.7937500000000001 0.6408333333333334 0.0275 0.055
11 0.8175 0.5816666666666667 0.03 0.060000000000000005
11 0.84375 0.6083333333333334 0.03 0.06333333333333334
11 0.833125 0.5325000000000001 0.02125 0.05166666666666667
11 0.8093750000000001 0.5225000000000001 0.02875 0.05166666666666667
11 0.789375 0.555 0.02875 0.060000000000000005
11 0.75 0.5375000000000001 0.0425 0.035
11 0.71375 0.5275000000000001 0.0325 0.055
11 0.730625 0.5858333333333333 0.03625 0.055
11 0.7025 0.5758333333333334 0.035 0.055
11 0.6637500000000001 0.5691666666666667 0.045 0.045000000000000005
11 0.663125 0.6083333333333334 0.043750000000000004 0.043333333333333335
11 0.6075 0.5775 0.035 0.05166666666666667
11 0.8425 0.48333333333333334 0.0275 0.04666666666666667
11 0.779375 0.4108333333333334 0.02875 0.05166666666666667
11 0.74375 0.43000000000000005 0.04 0.05666666666666667
11 0.8200000000000001 0.42250000000000004 0.0475 0.04166666666666667
11 0.813125 0.38083333333333336 0.03875 0.03833333333333334
11 0.766875 0.35250000000000004 0.03625 0.058333333333333334
11 0.79125 0.30250000000000005 0.0325 0.05166666666666667
11 0.761875 0.3066666666666667 0.03625 0.043333333333333335
11 0.735 0.3116666666666667 0.0275 0.060000000000000005
11 0.691875 0.3541666666666667 0.04875 0.04166666666666667
11 0.586875 0.41583333333333333 0.043750000000000004 0.04166666666666667
11 0.5875 0.32333333333333336 0.04 0.060000000000000005
11 0.63125 0.305 0.05 0.04
11 0.77 0.27 0.045 0.02666666666666667
11 0.724375 0.23 0.03875 0.05333333333333334
11 0.7675000000000001 0.23333333333333334 0.045 0.04
11 0.75 0.1975 0.0575 0.04166666666666667
11 0.71875 0.13083333333333333 0.0425 0.04833333333333334
11 0.675625 0.14916666666666667 0.03375 0.06166666666666667
11 0.480625 0.08416666666666667 0.03875 0.06166666666666667
11 0.449375 0.30083333333333334 0.02875 0.06166666666666667
11 0.496875 0.5233333333333333 0.04625 0.05
24 0.335625 0.6225 0.06625 0.07500000000000001
24 0.404375 0.4716666666666667 0.04625 0.07333333333333333
24 0.460625 0.3925 0.06125 0.065
24 0.583125 0.5108333333333334 0.06375 0.065
21 0.614375 0.7441666666666668 0.06875 0.07833333333333334
18 0.41375 0.3225 0.02 0.04166666666666667
18 0.43062500000000004 0.3275 0.02375 0.028333333333333335
18 0.46125 0.5316666666666667 0.03 0.03333333333333333
18 0.638125 0.2733333333333334 0.02375 0.04
18 0.693125 0.4591666666666667 0.02625 0.045000000000000005
18 0.40375 0.6125 0.0225 0.035
18 0.54 0.4525 0.03 0.04166666666666667
