20 0.151875 0.37833333333333335 0.043750000000000004 0.05
20 0.06875 0.45 0.035 0.06666666666666667
20 0.30875 0.5791666666666667 0.04 0.065
20 0.171875 0.6000000000000001 0.043750000000000004 0.06333333333333334
20 0.22 0.6858333333333334 0.0325 0.06166666666666667
20 0.18875 0.6950000000000001 0.04 0.05333333333333334
20 0.200625 0.7325 0.03375 0.03833333333333334
20 0.305 0.77 0.04 0.043333333333333335
20 0.281875 0.7875000000000001 0.043750000000000004 0.045000000000000005
20 0.24375 0.7966666666666667 0.0375 0.05333333333333334
20 0.185625 0.8025000000000001 0.04125 0.045000000000000005
20 0.31 0.8241666666666667 0.04 0.04833333333333334
20 0.28500000000000003 0.8333333333333334 0.0225 0.05
20 0.293125 0.8875000000000001 0.03625 0.05166666666666667
20 0.3375 0.8916666666666667 0.035 0.05666666666666667
20 0.320625 0.8616666666666667 0.04125 0.04666666666666667
20 0.25 0.8758333333333334 0.0375 0.04833333333333334
20 0.283125 0.9400000000000001 0.04875 0.06666666666666667
20 0.44 0.9533333333333334 0.04 0.060000000000000005
20 0.43875000000000003 0.8975000000000001 0.045 0.05166666666666667
20 0.535 0.9191666666666667 0.055 0.05166666666666667
20 0.48625 0.8525 0.045 0.05166666666666667
20 0.55 0.7958333333333334 0.06 0.065
20 0.540625 0.7566666666666667 0.03625 0.03666666666666667
20 0.510625 0.7308333333333333 0.04125 0.05166666666666667
20 0.5025000000000001 0.7658333333333334 0.035 0.03833333333333334
20 0.4575 0.7175 0.04 0.06833333333333334
20 0.41625 0.7025 0.0425 0.04833333333333334
20 0.416875 0.7566666666666667 0.043750000000000004 0.05666666666666667
20 0.593125 0.8275 0.03625 0.055
20 0.626875 0.8041666666666667 0.03625 0.06833333333333334
20 0.6118750000000001 0.78 0.04125 0.05333333333333334
20 0.6725 0.7083333333333334 0.045 0.06666666666666667
20 0.691875 0.7475 0.05625 0.045000000000000005
20 0.7575000000000001 0.6950000000000001 0.04 0.06333333333333334
20 0.84125 0.6016666666666667 0.0475 0.06666666666666667
20 0.79 0.5608333333333334 0.045 0.04833333333333334
20 0.784375 0.48500000000000004 0.03375 0.05666666666666667
20 0.6793750000000001 0.49250000000000005 0.04625 0.065
20 0.6275000000000001 0.3841666666666667 0.045 0.058333333333333334
20 0.678125 0.30250000000000005 0.04875 0.058333333333333334
20 0.76625 0.18333333333333335 0.04 0.05333333333333334
20 0.62875 0.04416666666666667 0.04 0.055
19 0.69875 0.060000000000000005 0.055 0.05666666666666667
19 0.749375 0.49833333333333335 0.06125 0.07333333333333333
19 0.53 0.8750000000000001 0.0625 0.04666666666666667
19 0.34 0.7050000000000001 0.0475 0.10333333333333335
19 0.14875 0.5466666666666667 0.05 0.07333333333333333
20 0.538125 0.395 0.06125 0.07333333333333333
20 0.505 0.49083333333333334 0.0575 0.065
