19 0.275625 0.22333333333333336 0.03375 0.05666666666666667
11 0.435 0.305 0.03 0.043333333333333335
11 0.36375 0.3325 0.035 0.045000000000000005
18 0.24 0.25 0.02 0.02666666666666667
11 0.2475 0.4941666666666667 0.03 0.05166666666666667
11 0.2175 0.5341666666666667 0.025 0.058333333333333334
11 0.200625 0.5683333333333334 0.02625 0.043333333333333335
18 0.198125 0.44583333333333336 0.01875 0.03166666666666667
19 0.31375000000000003 0.5308333333333334 0.0475 0.045000000000000005
18 0.275 0.5675 0.0225 0.021666666666666667
18 0.2775 0.5875 0.0225 0.028333333333333335
18 0.28875 0.6558333333333334 0.0225 0.03833333333333334
18 0.270625 0.6383333333333334 0.02625 0.030000000000000002
18 0.255 0.67 0.0225 0.030000000000000002
18 0.275 0.6616666666666667 0.0175 0.030000000000000002
18 0.294375 0.6841666666666667 0.02875 0.03166666666666667
18 0.34375 0.7216666666666667 0.02 0.03333333333333333
18 0.315 0.765 0.025 0.030000000000000002
18 0.288125 0.7841666666666667 0.01625 0.028333333333333335
18 0.323125 0.8141666666666667 0.02125 0.03166666666666667
18 0.3575 0.8116666666666668 0.025 0.030000000000000002
19 0.325 0.6858333333333334 0.035 0.03166666666666667
19 0.311875 0.7283333333333334 0.03875 0.043333333333333335
19 0.41875 0.7991666666666667 0.0325 0.04166666666666667
19 0.38625 0.7616666666666667 0.0375 0.04666666666666667
12 0.31125 0.8033333333333333 0.0125 0.013333333333333334
24 0.405625 0.8958333333333334 0.04125 0.035
18 0.445 0.8591666666666667 0.025 0.035
18 0.489375 0.8625 0.02375 0.028333333333333335
18 0.489375 0.8858333333333334 0.02125 0.025
18 0.511875 0.8475 0.02625 0.028333333333333335
18 0.565625 0.8633333333333334 0.02125 0.03333333333333333
18 0.535 0.81 0.0225 0.02666666666666667
18 0.49562500000000004 0.8016666666666667 0.02375 0.02666666666666667
18 0.499375 0.7741666666666667 0.02625 0.025
18 0.5700000000000001 0.7191666666666667 0.025 0.035
18 0.57875 0.7441666666666668 0.0225 0.03166666666666667
18 0.636875 0.7525000000000001 0.02625 0.035
18 0.655625 0.7150000000000001 0.02625 0.03333333333333333
18 0.63375 0.7225 0.025 0.028333333333333335
19 0.561875 0.75 0.03875 0.05
19 0.560625 0.795 0.02875 0.05666666666666667
19 0.646875 0.8358333333333334 0.03375 0.06166666666666667
19 0.6175 0.8508333333333334 0.0275 0.04833333333333334
18 0.6793750000000001 0.7616666666666667 0.01625 0.030000000000000002
18 0.726875 0.7158333333333334 0.01625 0.028333333333333335
18 0.7262500000000001 0.7408333333333333 0.0225 0.03166666666666667
18 0.708125 0.6791666666666667 0.02375 0.035
18 0.606875 0.6491666666666667 0.02625 0.03166666666666667
18 0.598125 0.6791666666666667 0.02375 0.028333333333333335
19 0.630625 0.6591666666666667 0.03375 0.055
18 0.6725 0.5991666666666667 0.0225 0.035
19 0.74375 0.5683333333333334 0.0325 0.06666666666666667
19 0.641875 0.5458333333333334 0.04125 0.05166666666666667
18 0.625625 0.5566666666666668 0.02625 0.02666666666666667
18 0.77375 0.5416666666666667 0.025 0.03333333333333333
18 0.76625 0.6125 0.0225 0.04166666666666667
18 0.6687500000000001 0.515 0.0225 0.030000000000000002
18 0.67 0.42250000000000004 0.0225 0.028333333333333335
11 0.599375 0.4941666666666667 0.04125 0.04833333333333334
18 0.51625 0.5858333333333333 0.0275 0.03166666666666667
18 0.5075000000000001 0.6708333333333334 0.025 0.03833333333333334
19 0.630625 0.27416666666666667 0.04125 0.045000000000000005
19 0.610625 0.23333333333333334 0.05375 0.04
18 0.5575 0.23750000000000002 0.0275 0.03166666666666667
