20 0.49312500000000004 0.08416666666666667 0.051250000000000004 0.04833333333333334
20 0.433125 0.15083333333333335 0.06125 0.04833333333333334
20 0.39625 0.1375 0.04 0.04833333333333334
20 0.365 0.13 0.04 0.05666666666666667
20 0.34875 0.08833333333333333 0.035 0.043333333333333335
20 0.348125 0.04416666666666667 0.043750000000000004 0.04166666666666667
20 0.36875 0.17666666666666667 0.0325 0.04666666666666667
20 0.409375 0.23 0.04625 0.06333333333333334
20 0.28750000000000003 0.26083333333333336 0.0375 0.058333333333333334
20 0.45437500000000003 0.32333333333333336 0.03625 0.05
19 0.48875 0.33416666666666667 0.03 0.08833333333333333
20 0.244375 0.3383333333333334 0.04125 0.05
20 0.236875 0.3775 0.04625 0.04833333333333334
20 0.24625 0.29750000000000004 0.035 0.03833333333333334
20 0.19375 0.2791666666666667 0.03 0.058333333333333334
20 0.226875 0.24083333333333334 0.051250000000000004 0.07166666666666667
20 0.239375 0.5541666666666667 0.058750000000000004 0.06833333333333334
20 0.15875 0.5408333333333334 0.0425 0.06833333333333334
20 0.175625 0.7258333333333333 0.04125 0.035
20 0.18625 0.6875 0.04 0.055
20 0.33 0.6641666666666667 0.03 0.06166666666666667
20 0.348125 0.7216666666666667 0.05375 0.05666666666666667
20 0.320625 0.7758333333333334 0.03875 0.058333333333333334
20 0.325 0.7441666666666668 0.0425 0.05166666666666667
20 0.339375 0.8375 0.04125 0.058333333333333334
20 0.369375 0.8475 0.04125 0.055
20 0.345625 0.8966666666666667 0.04125 0.07
20 0.314375 0.8983333333333334 0.02875 0.060000000000000005
20 0.275625 0.8500000000000001 0.04125 0.06333333333333334
20 0.581875 0.8983333333333334 0.07625 0.06333333333333334
20 0.655 0.9508333333333334 0.045 0.055
20 0.586875 0.9808333333333334 0.04125 0.035
20 0.75125 0.2625 0.0425 0.06166666666666667
20 0.97375 0.5883333333333334 0.0375 0.05
20 0.961875 0.8350000000000001 0.02875 0.05666666666666667
