7 0.9025 0.04833333333333334 0.08 0.06333333333333334
7 0.95875 0.11583333333333334 0.0725 0.07500000000000001
7 0.9187500000000001 0.13833333333333334 0.0675 0.11666666666666667
7 0.631875 0.195 0.06625 0.15666666666666668
7 0.40875 0.2791666666666667 0.08 0.15166666666666667
7 0.719375 0.6791666666666667 0.10375000000000001 0.13166666666666668
7 0.57375 0.66 0.0625 0.16
7 0.45437500000000003 0.6191666666666668 0.11125 0.15833333333333335
7 0.36875 0.6375000000000001 0.115 0.09833333333333334
7 0.19375 0.6091666666666667 0.13 0.11166666666666668
7 0.21875 0.7291666666666667 0.1 0.13833333333333334
