9 0.874354 0.472484 0.045264 0.055955
5 0.826296 0.443033 0.055324 0.092769
10 0.359677 0.500094 0.054206 0.117067
9 0.339839 0.066435 0.048058 0.044912
2 0.835464 0.531950 0.037348 0.053365
10 0.587398 0.600225 0.078236 0.096451
10 0.596618 0.956209 0.104500 0.067734
10 0.704192 0.889209 0.048060 0.126635
10 0.850045 0.703303 0.103942 0.096451
10 0.555266 0.737171 0.072088 0.118538
10 0.511119 0.800858 0.051970 0.104551
10 0.428133 0.736802 0.073766 0.163449
10 0.326985 0.801593 0.088294 0.116329
10 0.342354 0.653605 0.096676 0.141365
10 0.704192 0.580714 0.100588 0.082461
10 0.781589 0.636671 0.059794 0.148725
10 0.506927 0.600962 0.078234 0.152406
10 0.639369 0.677903 0.084942 0.075099
10 0.413324 0.514083 0.072088 0.145046
10 0.252662 0.632989 0.083824 0.182596
10 0.343472 0.351736 0.117912 0.082461
10 0.215780 0.341061 0.110648 0.111175
10 0.519780 0.374194 0.084940 0.071418
10 0.542413 0.482055 0.126854 0.098661
10 0.441266 0.363516 0.068736 0.120746
10 0.707824 0.374929 0.091088 0.078780
10 0.777957 0.503038 0.096118 0.102340
10 0.674851 0.464754 0.112318 0.094978
10 0.646913 0.549055 0.091090 0.070680
10 0.610868 0.360203 0.076000 0.094978
10 0.729340 0.277005 0.083824 0.102343
10 0.676251 0.113556 0.098354 0.071418
10 0.651383 0.183499 0.070970 0.105286
10 0.228354 0.150736 0.091088 0.172287
10 0.325868 0.154050 0.072648 0.122957
10 0.432604 0.102511 0.102824 0.111178
10 0.454118 0.228780 0.120148 0.120748
10 0.556384 0.071955 0.117912 0.128111
5 0.553868 0.240561 0.106176 0.220880
9 0.370574 0.277373 0.030176 0.050066
9 0.296809 0.416161 0.041354 0.037549
9 0.765104 0.799754 0.045824 0.067001
