11 0.33187500000000003 0.15000000000000002 0.04125 0.02666666666666667
11 0.525625 0.23500000000000001 0.02375 0.05333333333333334
11 0.48625 0.27416666666666667 0.0325 0.03833333333333334
11 0.676875 0.21250000000000002 0.03125 0.035
11 0.665625 0.2675 0.02625 0.05166666666666667
18 0.683125 0.2625 0.02125 0.03833333333333334
11 0.7025 0.30000000000000004 0.03 0.03333333333333333
11 0.589375 0.43583333333333335 0.03875 0.04166666666666667
11 0.56 0.43750000000000006 0.0275 0.04833333333333334
11 0.709375 0.5158333333333334 0.02125 0.055
11 0.55375 0.5116666666666667 0.035 0.043333333333333335
11 0.75625 0.6083333333333334 0.02 0.05
11 0.54 0.5700000000000001 0.025 0.04666666666666667
11 0.50875 0.8550000000000001 0.035 0.03666666666666667
11 0.41500000000000004 0.8650000000000001 0.02 0.04
18 0.37625000000000003 0.7366666666666667 0.0225 0.030000000000000002
11 0.3525 0.6683333333333333 0.025 0.043333333333333335
11 0.291875 0.5941666666666667 0.02875 0.05166666666666667
11 0.426875 0.5558333333333334 0.02875 0.04833333333333334
11 0.45625 0.4783333333333334 0.0375 0.04666666666666667
11 0.296875 0.3725 0.03125 0.045000000000000005
11 0.26875 0.43500000000000005 0.035 0.03666666666666667
