18 0.343125 0.16166666666666668 0.02375 0.02666666666666667
24 0.43062500000000004 0.19666666666666668 0.043750000000000004 0.06333333333333334
24 0.455625 0.3141666666666667 0.04625 0.05166666666666667
19 0.384375 0.28250000000000003 0.02875 0.045000000000000005
26 0.37625000000000003 0.26416666666666666 0.0175 0.025
19 0.52375 0.1691666666666667 0.035 0.055
25 0.685 0.33166666666666667 0.0475 0.04666666666666667
25 0.644375 0.37833333333333335 0.02375 0.05
25 0.704375 0.4116666666666667 0.03875 0.04666666666666667
25 0.53 0.42000000000000004 0.0375 0.05333333333333334
27 0.63125 0.43750000000000006 0.035 0.045000000000000005
27 0.645625 0.3408333333333334 0.04125 0.035
27 0.694375 0.36000000000000004 0.03375 0.043333333333333335
19 0.62875 0.3075 0.04 0.04833333333333334
25 0.601875 0.43500000000000005 0.04125 0.08333333333333334
19 0.675 0.5675 0.0375 0.055
19 0.566875 0.6008333333333333 0.04125 0.035
19 0.68875 0.7100000000000001 0.04 0.05
24 0.52125 0.65 0.0525 0.06333333333333334
19 0.583125 0.7575000000000001 0.03625 0.05166666666666667
19 0.6175 0.8316666666666667 0.035 0.05333333333333334
18 0.471875 0.8033333333333333 0.02625 0.030000000000000002
19 0.52375 0.9083333333333334 0.0275 0.04666666666666667
19 0.350625 0.7366666666666667 0.04625 0.04
23 0.203125 0.36833333333333335 0.02875 0.06333333333333334
25 0.288125 0.2941666666666667 0.03625 0.055
