11 0.314375 0.07083333333333333 0.051250000000000004 0.06166666666666667
11 0.2125 0.23333333333333334 0.0525 0.07
11 0.32125 0.4941666666666667 0.06 0.065
11 0.421875 0.61 0.03375 0.07
11 0.466875 0.6133333333333334 0.03375 0.08
11 0.5175 0.5800000000000001 0.0725 0.08666666666666667
11 0.54125 0.6591666666666667 0.06 0.09166666666666667
11 0.49125 0.7308333333333333 0.0475 0.07500000000000001
11 0.415625 0.6516666666666667 0.04125 0.07
11 0.2675 0.655 0.065 0.07
11 0.340625 0.7625000000000001 0.07375 0.058333333333333334
11 0.35875 0.8333333333333334 0.08 0.05666666666666667
11 0.2925 0.8858333333333334 0.0475 0.07500000000000001
11 0.22 0.9275000000000001 0.0625 0.06166666666666667
11 0.5475 0.9500000000000001 0.05 0.05
11 0.609375 0.8958333333333334 0.04125 0.08166666666666667
11 0.48812500000000003 0.8666666666666667 0.07375 0.05666666666666667
11 0.591875 0.5525 0.03625 0.07833333333333334
11 0.6062500000000001 0.48250000000000004 0.065 0.058333333333333334
11 0.54875 0.5133333333333334 0.045 0.07333333333333333
11 0.589375 0.43083333333333335 0.06875 0.058333333333333334
11 0.546875 0.33166666666666667 0.03625 0.07333333333333333
20 0.440625 0.34 0.05375 0.07333333333333333
11 0.620625 0.18916666666666668 0.04625 0.07500000000000001
18 0.595 0.1575 0.0275 0.045000000000000005
11 0.856875 0.12000000000000001 0.02875 0.07666666666666667
11 0.7681250000000001 0.3975 0.05375 0.055
18 0.626875 0.6233333333333334 0.03625 0.05666666666666667
11 0.704375 0.6758333333333334 0.043750000000000004 0.07166666666666667
