4 0.290075 0.432117 0.083392 0.129953
4 0.124961 0.387039 0.086866 0.129145
4 0.352200 0.602275 0.113271 0.077159
4 0.462415 0.582377 0.069493 0.129956
4 0.630170 0.652226 0.077134 0.123456
4 0.516967 0.770811 0.118833 0.081222
4 0.492644 0.858936 0.109104 0.070662
4 0.619815 0.777308 0.088257 0.087719
4 0.718842 0.734260 0.084781 0.112084
4 0.901953 0.765937 0.064628 0.139702
4 0.794241 0.936097 0.070187 0.119396
4 0.909946 0.918634 0.087560 0.134831
4 0.970608 0.778527 0.058783 0.125893
4 0.549279 0.945915 0.072272 0.108170
4 0.410574 0.949976 0.095204 0.100047
4 0.220931 0.899140 0.097983 0.077974
4 0.183058 0.967439 0.102848 0.065122
4 0.366517 0.834163 0.095898 0.071477
4 0.395356 0.459325 0.106324 0.098279
4 0.605917 0.412217 0.099371 0.117770
4 0.632325 0.532021 0.107712 0.073099
4 0.806402 0.516993 0.059763 0.132394
4 0.903274 0.558010 0.071578 0.129953
4 0.745247 0.395566 0.115356 0.081222
4 0.926206 0.337899 0.113271 0.060105
4 0.958520 0.435771 0.073660 0.124267
4 0.868945 0.445924 0.084781 0.110458
4 0.904732 0.240027 0.066016 0.124267
4 0.647960 0.280231 0.104236 0.090968
4 0.714255 0.224189 0.071578 0.125082
4 0.841495 0.098296 0.093816 0.092590
4 0.901257 0.054436 0.067407 0.108836
4 0.690697 0.093829 0.111883 0.075537
4 0.457135 0.094640 0.100763 0.088530
4 0.567278 0.147435 0.072272 0.119396
4 0.485349 0.276171 0.111189 0.121830
4 0.402305 0.351300 0.110492 0.069040
4 0.240736 0.275358 0.104236 0.112084
4 0.339762 0.272517 0.093816 0.103150
4 0.253940 0.135251 0.105627 0.093405
4 0.340109 0.086519 0.084781 0.112899
4 0.040104 0.609180 0.080209 0.095842
4 0.545770 0.604725 0.070650 0.120480
4 0.669293 0.028754 0.097566 0.055558
0 0.753936 0.036550 0.081721 0.073099
