30 0.335625 0.46166666666666667 0.04125 0.05333333333333334
30 0.3 0.505 0.03 0.060000000000000005
30 0.255 0.4941666666666667 0.03 0.05166666666666667
30 0.366875 0.5141666666666667 0.04625 0.03833333333333334
30 0.185625 0.6016666666666667 0.04125 0.043333333333333335
30 0.366875 0.5966666666666667 0.04125 0.05333333333333334
30 0.46375 0.6116666666666667 0.0425 0.05
30 0.283125 0.6741666666666667 0.03625 0.05166666666666667
30 0.321875 0.6541666666666667 0.03875 0.03166666666666667
24 0.368125 0.7225 0.06125 0.08833333333333333
26 0.53125 0.5225000000000001 0.0625 0.04833333333333334
