20 0.290625 0.14750000000000002 0.03625 0.04833333333333334
26 0.43125 0.18666666666666668 0.025 0.05
26 0.455 0.19666666666666668 0.0325 0.05
26 0.450625 0.28250000000000003 0.03625 0.05166666666666667
26 0.52375 0.32666666666666666 0.035 0.04666666666666667
26 0.475625 0.3766666666666667 0.03875 0.03333333333333333
26 0.34375 0.27166666666666667 0.03 0.04666666666666667
26 0.426875 0.4941666666666667 0.03375 0.045000000000000005
26 0.501875 0.48000000000000004 0.02625 0.05666666666666667
26 0.355 0.5775 0.035 0.045000000000000005
26 0.29875 0.5683333333333334 0.03 0.04666666666666667
26 0.29625 0.5158333333333334 0.03 0.028333333333333335
26 0.27875 0.48583333333333334 0.0225 0.03833333333333334
26 0.255625 0.4416666666666667 0.03625 0.03333333333333333
26 0.280625 0.7075 0.03125 0.03833333333333334
26 0.659375 0.6950000000000001 0.03375 0.030000000000000002
26 0.558125 0.135 0.02875 0.04666666666666667
26 0.524375 0.03416666666666667 0.02625 0.055
24 0.365 0.15166666666666667 0.06 0.060000000000000005
18 0.233125 0.2725 0.03125 0.035
18 0.203125 0.37833333333333335 0.03625 0.04
18 0.3325 0.3383333333333334 0.0325 0.05
18 0.30312500000000003 0.4083333333333334 0.03875 0.043333333333333335
18 0.22125 0.7216666666666667 0.03 0.02666666666666667
18 0.196875 0.7841666666666667 0.03625 0.05166666666666667
18 0.43 0.8700000000000001 0.0325 0.043333333333333335
18 0.426875 0.7308333333333333 0.03625 0.035
