11 0.15625 0.41750000000000004 0.05 0.06833333333333334
11 0.420625 0.17333333333333334 0.03875 0.06666666666666667
11 0.45687500000000003 0.20583333333333334 0.03875 0.08166666666666667
11 0.48125 0.24666666666666667 0.0475 0.06666666666666667
11 0.426875 0.30833333333333335 0.04125 0.060000000000000005
11 0.463125 0.29250000000000004 0.04625 0.045000000000000005
11 0.479375 0.35750000000000004 0.04875 0.07500000000000001
11 0.544375 0.3766666666666667 0.04875 0.07
11 0.5725 0.22583333333333336 0.0525 0.058333333333333334
11 0.636875 0.24000000000000002 0.03125 0.07333333333333333
11 0.788125 0.335 0.04875 0.05
11 0.785625 0.4091666666666667 0.043750000000000004 0.06833333333333334
11 0.82875 0.42583333333333334 0.04 0.06833333333333334
11 0.774375 0.4591666666666667 0.051250000000000004 0.055
11 0.81125 0.7100000000000001 0.035 0.07
11 0.64 0.9008333333333334 0.045 0.04166666666666667
11 0.734375 0.7041666666666667 0.05375 0.055
11 0.6175 0.6716666666666667 0.05 0.05
11 0.68625 0.6066666666666667 0.0375 0.07666666666666667
11 0.415625 0.6666666666666667 0.04125 0.07333333333333333
11 0.46187500000000004 0.5775 0.04875 0.06166666666666667
11 0.5337500000000001 0.5875 0.045 0.05166666666666667
11 0.59875 0.5483333333333333 0.055 0.060000000000000005
11 0.61375 0.49833333333333335 0.05 0.05
11 0.485 0.5016666666666667 0.0525 0.05666666666666667
11 0.521875 0.5033333333333334 0.04625 0.06666666666666667
27 0.525625 0.645 0.051250000000000004 0.06666666666666667
27 0.57625 0.4625 0.0575 0.06166666666666667
27 0.639375 0.33416666666666667 0.043750000000000004 0.04833333333333334
19 0.3725 0.3175 0.045 0.08166666666666667
24 0.278125 0.37583333333333335 0.03875 0.06833333333333334
24 0.36312500000000003 0.44583333333333336 0.051250000000000004 0.055
18 0.359375 0.1875 0.02875 0.045000000000000005
18 0.398125 0.21083333333333334 0.03125 0.03166666666666667
18 0.4175 0.24416666666666667 0.035 0.025
18 0.436875 0.2625 0.03625 0.035
18 0.383125 0.24083333333333334 0.03375 0.03833333333333334
18 0.355 0.24000000000000002 0.0275 0.03333333333333333
18 0.2575 0.2225 0.035 0.028333333333333335
18 0.24625 0.24333333333333335 0.03 0.023333333333333334
18 0.22 0.3375 0.025 0.03833333333333334
18 0.251875 0.3425 0.02875 0.035
18 0.279375 0.29500000000000004 0.02875 0.03333333333333333
18 0.315625 0.305 0.02625 0.03333333333333333
18 0.34750000000000003 0.33166666666666667 0.0325 0.02666666666666667
18 0.30875 0.26666666666666666 0.0325 0.03666666666666667
18 0.30125 0.24666666666666667 0.0275 0.043333333333333335
18 0.400625 0.32666666666666666 0.02125 0.04666666666666667
18 0.419375 0.36583333333333334 0.02375 0.03833333333333334
18 0.42812500000000003 0.35583333333333333 0.02625 0.03833333333333334
18 0.44375000000000003 0.35250000000000004 0.0275 0.03833333333333334
19 0.49875 0.29333333333333333 0.0375 0.06333333333333334
18 0.509375 0.41833333333333333 0.01875 0.04666666666666667
18 0.38875 0.39916666666666667 0.035 0.03833333333333334
18 0.393125 0.4316666666666667 0.02375 0.04
18 0.424375 0.4625 0.02875 0.04166666666666667
18 0.45937500000000003 0.4625 0.02875 0.04166666666666667
18 0.484375 0.4708333333333334 0.02875 0.03833333333333334
18 0.26625 0.42083333333333334 0.0275 0.03166666666666667
18 0.28125 0.4391666666666667 0.0275 0.035
18 0.308125 0.43250000000000005 0.02625 0.03833333333333334
18 0.2325 0.4658333333333334 0.0325 0.03166666666666667
18 0.22125 0.5133333333333334 0.0275 0.03666666666666667
18 0.206875 0.535 0.02125 0.03333333333333333
18 0.224375 0.5808333333333334 0.03125 0.03166666666666667
18 0.2625 0.55 0.0225 0.04666666666666667
18 0.26375 0.5366666666666667 0.0225 0.04
18 0.2775 0.5 0.0325 0.043333333333333335
18 0.28375 0.48250000000000004 0.035 0.04166666666666667
18 0.31125 0.51 0.025 0.043333333333333335
18 0.32375 0.5708333333333334 0.0275 0.045000000000000005
18 0.37125 0.5916666666666667 0.0275 0.030000000000000002
18 0.385 0.5841666666666667 0.025 0.04166666666666667
18 0.408125 0.5800000000000001 0.03375 0.02666666666666667
18 0.43 0.5950000000000001 0.0325 0.03333333333333333
18 0.4425 0.6191666666666668 0.03 0.03166666666666667
18 0.49562500000000004 0.5383333333333333 0.02875 0.04
18 0.4925 0.5933333333333334 0.0275 0.04
18 0.20750000000000002 0.7066666666666667 0.0375 0.04
18 0.265625 0.7208333333333333 0.02875 0.03166666666666667
18 0.33437500000000003 0.6783333333333333 0.03625 0.04666666666666667
18 0.361875 0.6758333333333334 0.03375 0.04166666666666667
18 0.35125 0.7066666666666667 0.03 0.04666666666666667
18 0.3275 0.7675000000000001 0.0275 0.03166666666666667
18 0.35375 0.8075000000000001 0.035 0.035
18 0.47625 0.7966666666666667 0.03 0.03666666666666667
18 0.42375 0.8475 0.025 0.035
18 0.438125 0.8516666666666667 0.02375 0.04
18 0.460625 0.9083333333333334 0.02875 0.03666666666666667
18 0.47125 0.8533333333333334 0.0275 0.03666666666666667
18 0.495 0.7841666666666667 0.025 0.035
18 0.500625 0.8075000000000001 0.03375 0.028333333333333335
18 0.566875 0.9341666666666667 0.03375 0.025
23 0.593125 0.9041666666666667 0.051250000000000004 0.06166666666666667
18 0.6168750000000001 0.8616666666666667 0.03125 0.030000000000000002
18 0.666875 0.8650000000000001 0.03125 0.03333333333333333
18 0.603125 0.8116666666666668 0.03125 0.03333333333333333
18 0.52625 0.7208333333333333 0.03 0.03166666666666667
19 0.53625 0.76 0.05 0.05666666666666667
18 0.619375 0.7075 0.03125 0.035
18 0.8075 0.66 0.0275 0.04
18 0.759375 0.625 0.02875 0.04
18 0.58375 0.6408333333333334 0.0325 0.045000000000000005
18 0.6531250000000001 0.6275000000000001 0.02375 0.035
18 0.64125 0.6425000000000001 0.02 0.03833333333333334
18 0.666875 0.5966666666666667 0.02375 0.04
19 0.634375 0.5858333333333333 0.051250000000000004 0.058333333333333334
24 0.631875 0.45833333333333337 0.06375 0.07666666666666667
18 0.606875 0.34500000000000003 0.03125 0.043333333333333335
18 0.6425 0.37000000000000005 0.0275 0.04
18 0.6637500000000001 0.2316666666666667 0.0275 0.04666666666666667
18 0.6125 0.18833333333333335 0.025 0.05
18 0.600625 0.14416666666666667 0.03625 0.028333333333333335
