20 0.353125 0.08916666666666667 0.04875 0.055
20 0.08875 0.4041666666666667 0.04 0.05166666666666667
30 0.25625 0.49000000000000005 0.0375 0.06333333333333334
20 0.14375000000000002 0.5608333333333334 0.0475 0.058333333333333334
20 0.04 0.6316666666666667 0.03 0.05333333333333334
20 0.209375 0.6291666666666667 0.03625 0.055
20 0.289375 0.635 0.03125 0.05
20 0.3025 0.5891666666666667 0.0275 0.06166666666666667
20 0.163125 0.6275000000000001 0.03125 0.055
20 0.231875 0.6958333333333334 0.03125 0.07500000000000001
20 0.1825 0.7308333333333333 0.0425 0.07500000000000001
18 0.150625 0.7558333333333334 0.03375 0.03833333333333334
20 0.28500000000000003 0.8325 0.045 0.058333333333333334
20 0.37875000000000003 0.8483333333333334 0.04 0.05666666666666667
20 0.34 0.8300000000000001 0.03 0.05666666666666667
20 0.3075 0.79 0.045 0.04666666666666667
20 0.35625 0.7716666666666667 0.0425 0.05666666666666667
20 0.41000000000000003 0.7691666666666667 0.0275 0.058333333333333334
20 0.368125 0.7275 0.03625 0.06166666666666667
20 0.42375 0.7058333333333334 0.05 0.065
20 0.368125 0.9 0.03875 0.060000000000000005
20 0.483125 0.9058333333333334 0.043750000000000004 0.058333333333333334
20 0.481875 0.9483333333333334 0.03875 0.04666666666666667
20 0.43875000000000003 0.9366666666666668 0.045 0.060000000000000005
20 0.561875 0.8466666666666667 0.02625 0.05666666666666667
20 0.6 0.8183333333333334 0.0425 0.060000000000000005
20 0.51625 0.7616666666666667 0.0575 0.06333333333333334
20 0.463125 0.7541666666666668 0.04125 0.03166666666666667
20 0.491875 0.7250000000000001 0.02875 0.04666666666666667
20 0.5675 0.7316666666666667 0.0375 0.05666666666666667
20 0.59375 0.6941666666666667 0.04 0.055
20 0.64375 0.7733333333333334 0.045 0.03666666666666667
20 0.70625 0.8416666666666667 0.055 0.05333333333333334
20 0.711875 0.7491666666666668 0.03125 0.055
20 0.66625 0.7433333333333334 0.03 0.05
20 0.6168750000000001 0.7275 0.03625 0.04833333333333334
19 0.63375 0.6875 0.05 0.085
20 0.7525000000000001 0.6591666666666667 0.0475 0.06166666666666667
20 0.775 0.6291666666666667 0.0375 0.045000000000000005
20 0.605625 0.5033333333333334 0.043750000000000004 0.04666666666666667
20 0.7993750000000001 0.49333333333333335 0.03375 0.04666666666666667
20 0.7262500000000001 0.43333333333333335 0.0425 0.05333333333333334
20 0.75625 0.4425 0.03 0.06166666666666667
20 0.785 0.45333333333333337 0.03 0.06333333333333334
20 0.73 0.38833333333333336 0.035 0.060000000000000005
20 0.8075 0.3741666666666667 0.035 0.07166666666666667
20 0.7781250000000001 0.36250000000000004 0.02875 0.05166666666666667
20 0.7775 0.30583333333333335 0.0425 0.058333333333333334
20 0.77375 0.24000000000000002 0.0375 0.05666666666666667
20 0.64 0.21916666666666668 0.055 0.07166666666666667
20 0.600625 0.11750000000000001 0.04625 0.055
20 0.656875 0.04583333333333334 0.03875 0.05166666666666667
20 0.433125 0.08833333333333333 0.04125 0.043333333333333335
20 0.8143750000000001 0.2758333333333334 0.06875 0.058333333333333334
20 0.878125 0.5075000000000001 0.04125 0.06166666666666667
18 0.82375 0.4316666666666667 0.03 0.04
20 0.733125 0.5166666666666667 0.04875 0.07666666666666667
30 0.7225 0.4791666666666667 0.0425 0.058333333333333334
13 0.928125 0.8941666666666668 0.04625 0.058333333333333334
19 0.608125 0.0575 0.05625 0.065
24 0.67125 0.37083333333333335 0.0425 0.09166666666666667
