15 0.251443 0.424289 0.094637 0.152194
15 0.715028 0.639691 0.108157 0.108949
15 0.663794 0.532821 0.079695 0.118097
15 0.443209 0.549038 0.083965 0.128909
15 0.469781 0.404485 0.112210 0.096661
15 0.703511 0.737010 0.116222 0.069996
15 0.549932 0.774782 0.097249 0.073463
15 0.344171 0.956697 0.079458 0.086606
15 0.322230 0.730080 0.124522 0.129603
16 0.466618 0.731466 0.087168 0.093561
16 0.573058 0.625775 0.110293 0.102572
16 0.594998 0.501024 0.061668 0.117821
12 0.495971 0.546419 0.028462 0.050597
14 0.713889 0.515924 0.053959 0.042274
18 0.643207 0.843534 0.080644 0.102572
