0 0.363085 0.631516 0.063706 0.074364
10 0.865305 0.746802 0.098498 0.160303
10 0.568851 0.680008 0.075322 0.192111
10 0.514775 0.849855 0.127466 0.114503
10 0.360271 0.719449 0.079182 0.108142
10 0.461181 0.678736 0.068562 0.131043
10 0.685211 0.573773 0.056974 0.114503
10 0.765844 0.565505 0.054076 0.110688
10 0.753772 0.689551 0.091736 0.111960
10 0.630170 0.480264 0.095600 0.092875
10 0.522499 0.481535 0.115878 0.103054
10 0.588646 0.305963 0.084012 0.110688
10 0.784673 0.194640 0.068562 0.129771
10 0.751358 0.326955 0.086908 0.096693
10 0.716595 0.407744 0.104290 0.110688
10 0.493048 0.318685 0.091736 0.143768
10 0.620513 0.147567 0.082082 0.094148
10 0.682314 0.218813 0.049248 0.119592
0 0.724086 0.238719 0.035764 0.078045
0 0.583822 0.217736 0.060352 0.062582
0 0.708719 0.102879 0.056442 0.053747
0 0.445512 0.530281 0.055324 0.069209
0 0.613719 0.910561 0.064266 0.072891
0 0.643057 0.845034 0.051410 0.061109
0 0.423998 0.831780 0.086060 0.068472
2 0.515924 0.632622 0.028500 0.047120
2 0.889219 0.275532 0.037442 0.069209
8 0.180909 0.226572 0.103942 0.108232
9 0.404439 0.191598 0.036882 0.069209
9 0.619307 0.065329 0.036322 0.068472
9 0.822719 0.245714 0.022910 0.046385
9 0.855410 0.260071 0.027940 0.042704
0 0.828240 0.508192 0.071752 0.096306
0 0.342733 0.536906 0.073094 0.093655
2 0.405702 0.976366 0.040100 0.044738
