11 0.47250000000000003 0.115 0.0575 0.07
11 0.345625 0.6216666666666667 0.058750000000000004 0.07
11 0.325625 0.5800000000000001 0.05375 0.06333333333333334
11 0.466875 0.5875 0.06625 0.065
11 0.278125 0.7008333333333334 0.05375 0.07500000000000001
11 0.4025 0.7708333333333334 0.0425 0.09166666666666667
11 0.516875 0.6583333333333333 0.06875 0.04666666666666667
11 0.5275 0.3416666666666667 0.055 0.07333333333333333
11 0.7937500000000001 0.4566666666666667 0.0575 0.05333333333333334
11 0.765625 0.49000000000000005 0.051250000000000004 0.06666666666666667
11 0.81 0.5683333333333334 0.0675 0.060000000000000005
11 0.7425 0.5291666666666667 0.0675 0.06166666666666667
11 0.781875 0.6225 0.06625 0.06166666666666667
11 0.9275 0.31583333333333335 0.04 0.058333333333333334
11 0.9225 0.20833333333333334 0.04 0.06666666666666667
