11 0.499375 0.33166666666666667 0.05625 0.07
11 0.446875 0.5175000000000001 0.05625 0.06166666666666667
11 0.1 0.38583333333333336 0.04 0.058333333333333334
11 0.701875 0.45833333333333337 0.03875 0.06666666666666667
11 0.83125 0.5275000000000001 0.0425 0.05166666666666667
11 0.69875 0.3191666666666667 0.05 0.058333333333333334
27 0.8512500000000001 0.3616666666666667 0.045 0.07666666666666667
27 0.690625 0.7966666666666667 0.05375 0.05666666666666667
23 0.23500000000000001 0.7291666666666667 0.0475 0.045000000000000005
23 0.626875 0.7283333333333334 0.043750000000000004 0.06333333333333334
23 0.45625 0.09000000000000001 0.0475 0.043333333333333335
20 0.3375 0.11916666666666667 0.0325 0.055
20 0.37 0.20833333333333334 0.0375 0.03666666666666667
24 0.36312500000000003 0.29000000000000004 0.06125 0.06333333333333334
23 0.404375 0.17416666666666666 0.05375 0.04166666666666667
18 0.32625 0.20333333333333334 0.0325 0.05
18 0.24625 0.5491666666666667 0.0325 0.03166666666666667
