7 0.6 0.08916666666666667 0.06 0.13166666666666668
7 0.54125 0.25 0.075 0.13
7 0.770625 0.45833333333333337 0.08875 0.11666666666666667
7 0.513125 0.5666666666666667 0.08375 0.13
7 0.3575 0.36000000000000004 0.0675 0.15666666666666668
7 0.19375 0.35583333333333333 0.095 0.09833333333333334
7 0.16 0.42000000000000004 0.0975 0.1
7 0.34625 0.6000000000000001 0.0975 0.10333333333333335
7 0.34875 0.6533333333333333 0.10250000000000001 0.11
7 0.4925 0.8058333333333334 0.0925 0.11166666666666668
7 0.55125 0.9325000000000001 0.0825 0.13166666666666668
1 0.261875 0.6391666666666667 0.02875 0.04166666666666667
