11 0.295625 0.29500000000000004 0.03375 0.05
11 0.574375 0.37000000000000005 0.02125 0.043333333333333335
11 0.566875 0.21250000000000002 0.02125 0.05166666666666667
11 0.449375 0.22583333333333336 0.03875 0.035
11 0.39437500000000003 0.2325 0.02375 0.04833333333333334
11 0.450625 0.165 0.02625 0.03333333333333333
11 0.473125 0.18416666666666667 0.02125 0.04833333333333334
11 0.49125 0.17583333333333334 0.02 0.04833333333333334
11 0.51 0.155 0.03 0.03333333333333333
11 0.729375 0.42083333333333334 0.02625 0.04166666666666667
11 0.731875 0.4816666666666667 0.03375 0.04
11 0.75625 0.6575000000000001 0.0225 0.045000000000000005
11 0.640625 0.6633333333333333 0.03125 0.03666666666666667
11 0.578125 0.6691666666666667 0.03375 0.03166666666666667
11 0.536875 0.6475000000000001 0.03875 0.03833333333333334
11 0.605625 0.7658333333333334 0.043750000000000004 0.028333333333333335
11 0.3025 0.7633333333333334 0.0375 0.03333333333333333
11 0.405625 0.6333333333333334 0.02125 0.04666666666666667
11 0.388125 0.5391666666666667 0.02875 0.03833333333333334
11 0.31875000000000003 0.5575 0.0275 0.045000000000000005
11 0.22 0.49583333333333335 0.0375 0.035
