11 0.3425 0.17333333333333334 0.0425 0.043333333333333335
11 0.404375 0.14833333333333334 0.02875 0.043333333333333335
11 0.403125 0.18583333333333335 0.04875 0.03833333333333334
11 0.380625 0.21750000000000003 0.02875 0.04833333333333334
11 0.376875 0.26083333333333336 0.04125 0.03833333333333334
11 0.445625 0.14500000000000002 0.02875 0.04
11 0.46875 0.14416666666666667 0.0225 0.045000000000000005
11 0.504375 0.17750000000000002 0.03125 0.04166666666666667
11 0.476875 0.2675 0.03875 0.04166666666666667
11 0.620625 0.22666666666666668 0.03625 0.043333333333333335
11 0.574375 0.32333333333333336 0.03125 0.05666666666666667
11 0.65 0.34500000000000003 0.04 0.043333333333333335
11 0.7425 0.3791666666666667 0.03 0.05166666666666667
11 0.416875 0.5016666666666667 0.03625 0.04666666666666667
11 0.42 0.5941666666666667 0.0475 0.065
11 0.52875 0.5408333333333334 0.04 0.04166666666666667
11 0.5906250000000001 0.6391666666666667 0.03625 0.045000000000000005
11 0.724375 0.6975 0.02375 0.055
11 0.631875 0.8200000000000001 0.03625 0.043333333333333335
11 0.3225 0.8366666666666667 0.04 0.04
18 0.27875 0.22166666666666668 0.025 0.030000000000000002
18 0.264375 0.2625 0.02125 0.03833333333333334
18 0.52625 0.16666666666666669 0.0225 0.02666666666666667
18 0.579375 0.17250000000000001 0.02625 0.025
18 0.5825 0.19 0.02 0.030000000000000002
18 0.61625 0.19 0.0275 0.03333333333333333
18 0.5543750000000001 0.385 0.02375 0.02666666666666667
18 0.624375 0.4091666666666667 0.02625 0.03833333333333334
18 0.623125 0.27666666666666667 0.03125 0.043333333333333335
18 0.641875 0.2841666666666667 0.02875 0.03166666666666667
18 0.72 0.4866666666666667 0.0225 0.03666666666666667
18 0.6531250000000001 0.5875 0.02625 0.035
18 0.7225 0.6066666666666667 0.025 0.030000000000000002
18 0.52625 0.6016666666666667 0.015 0.030000000000000002
18 0.45937500000000003 0.5525 0.02375 0.03166666666666667
18 0.5337500000000001 0.6941666666666667 0.0225 0.028333333333333335
18 0.520625 0.7208333333333333 0.02625 0.035
18 0.6012500000000001 0.6716666666666667 0.0225 0.04
18 0.635 0.68 0.02 0.04
18 0.620625 0.6816666666666668 0.02125 0.02666666666666667
18 0.67625 0.6908333333333334 0.02 0.03833333333333334
18 0.66 0.7258333333333333 0.0175 0.03166666666666667
18 0.569375 0.7716666666666667 0.02375 0.02
18 0.5625 0.79 0.02 0.02666666666666667
18 0.525625 0.7975000000000001 0.02125 0.028333333333333335
18 0.53625 0.8408333333333334 0.0225 0.025
18 0.5543750000000001 0.8633333333333334 0.02625 0.023333333333333334
18 0.37375 0.8350000000000001 0.02 0.03333333333333333
18 0.41875 0.8025000000000001 0.0225 0.03166666666666667
18 0.390625 0.7833333333333334 0.02625 0.02666666666666667
18 0.3975 0.7691666666666667 0.0175 0.03166666666666667
18 0.375 0.775 0.025 0.030000000000000002
18 0.3125 0.7475 0.0225 0.025
18 0.355625 0.5875 0.02375 0.021666666666666667
18 0.304375 0.6508333333333334 0.01625 0.028333333333333335
18 0.25125000000000003 0.7325 0.0175 0.021666666666666667
18 0.2675 0.7266666666666667 0.02 0.03333333333333333
18 0.259375 0.6166666666666667 0.02125 0.02666666666666667
18 0.249375 0.6425000000000001 0.02375 0.03166666666666667
18 0.263125 0.5816666666666667 0.01625 0.03666666666666667
18 0.26625 0.5075000000000001 0.0225 0.03166666666666667
18 0.18937500000000002 0.5375000000000001 0.01875 0.025
18 0.19625 0.4791666666666667 0.025 0.028333333333333335
18 0.29125 0.3866666666666667 0.0225 0.023333333333333334
19 0.35375 0.2675 0.0375 0.06166666666666667
19 0.28125 0.4466666666666667 0.0325 0.04666666666666667
19 0.25 0.5041666666666667 0.0375 0.058333333333333334
19 0.20750000000000002 0.5291666666666667 0.03 0.04833333333333334
19 0.33 0.7958333333333334 0.03 0.06166666666666667
19 0.42125 0.7541666666666668 0.04 0.045000000000000005
19 0.44 0.7075 0.0325 0.045000000000000005
19 0.589375 0.8250000000000001 0.03375 0.05333333333333334
19 0.6637500000000001 0.6133333333333334 0.04 0.05333333333333334
19 0.676875 0.7350000000000001 0.02875 0.043333333333333335
19 0.691875 0.7691666666666667 0.02375 0.03833333333333334
19 0.734375 0.54 0.02625 0.05666666666666667
19 0.75 0.44333333333333336 0.0375 0.07
19 0.745 0.33666666666666667 0.0425 0.05666666666666667
19 0.7106250000000001 0.2966666666666667 0.03125 0.05333333333333334
19 0.591875 0.26 0.02625 0.03666666666666667
19 0.524375 0.23833333333333334 0.03125 0.03666666666666667
19 0.49562500000000004 0.225 0.03625 0.043333333333333335
19 0.609375 0.6141666666666667 0.04125 0.03833333333333334
24 0.214375 0.6583333333333333 0.04125 0.05333333333333334
24 0.26125 0.6900000000000001 0.04 0.05333333333333334
