18 0.6481250000000001 0.21000000000000002 0.02625 0.043333333333333335
18 0.646875 0.2916666666666667 0.03125 0.05
18 0.7468750000000001 0.3875 0.03125 0.04166666666666667
11 0.661875 0.3875 0.03125 0.065
11 0.546875 0.39666666666666667 0.03625 0.06666666666666667
21 0.706875 0.455 0.04125 0.07333333333333333
18 0.696875 0.4166666666666667 0.02375 0.03666666666666667
18 0.723125 0.3891666666666667 0.02125 0.035
28 0.699375 0.2841666666666667 0.04125 0.045000000000000005
19 0.64 0.40750000000000003 0.0375 0.055
20 0.5906250000000001 0.4758333333333334 0.03125 0.045000000000000005
28 0.638125 0.545 0.04875 0.07
28 0.57875 0.525 0.055 0.06333333333333334
22 0.664375 0.5875 0.02375 0.04166666666666667
