20 0.515 0.16333333333333333 0.0475 0.05666666666666667
20 0.5425 0.15083333333333335 0.04 0.06166666666666667
20 0.62875 0.2916666666666667 0.05 0.06666666666666667
20 0.4625 0.085 0.0325 0.06333333333333334
20 0.41625 0.10500000000000001 0.0525 0.05333333333333334
20 0.375625 0.095 0.04125 0.05
20 0.33375 0.09416666666666668 0.04 0.045000000000000005
20 0.43125 0.1925 0.045 0.07166666666666667
19 0.41500000000000004 0.15166666666666667 0.055 0.05666666666666667
20 0.340625 0.12416666666666668 0.03375 0.04833333333333334
20 0.3675 0.18000000000000002 0.0375 0.05333333333333334
20 0.29625 0.21416666666666667 0.04 0.055
20 0.39125 0.21666666666666667 0.035 0.05333333333333334
20 0.4675 0.27083333333333337 0.0425 0.06833333333333334
20 0.486875 0.40166666666666667 0.05375 0.08
20 0.45687500000000003 0.3458333333333334 0.04875 0.04833333333333334
20 0.42812500000000003 0.31333333333333335 0.03875 0.06666666666666667
20 0.359375 0.28833333333333333 0.04625 0.08333333333333334
20 0.34 0.24583333333333335 0.0425 0.058333333333333334
19 0.3325 0.21000000000000002 0.045 0.07333333333333333
20 0.30875 0.255 0.0325 0.06333333333333334
20 0.285625 0.2516666666666667 0.03625 0.05666666666666667
20 0.31125 0.3141666666666667 0.0425 0.04833333333333334
20 0.305 0.3425 0.0375 0.03833333333333334
20 0.289375 0.3766666666666667 0.03625 0.04666666666666667
20 0.304375 0.36833333333333335 0.03625 0.05
20 0.378125 0.42583333333333334 0.03875 0.06833333333333334
20 0.37125 0.4058333333333334 0.06 0.08166666666666667
20 0.21 0.25083333333333335 0.0425 0.04166666666666667
20 0.218125 0.26833333333333337 0.043750000000000004 0.04666666666666667
23 0.26875 0.28250000000000003 0.05 0.07500000000000001
20 0.224375 0.3416666666666667 0.043750000000000004 0.060000000000000005
20 0.294375 0.42083333333333334 0.051250000000000004 0.065
20 0.291875 0.4658333333333334 0.04125 0.06833333333333334
20 0.2725 0.47250000000000003 0.035 0.065
20 0.440625 0.52 0.058750000000000004 0.07
20 0.1625 0.3816666666666667 0.0325 0.06333333333333334
20 0.121875 0.4316666666666667 0.03875 0.05333333333333334
20 0.136875 0.47750000000000004 0.03125 0.058333333333333334
20 0.206875 0.4991666666666667 0.03125 0.06833333333333334
20 0.1625 0.5416666666666667 0.04 0.060000000000000005
19 0.170625 0.48250000000000004 0.06625 0.07833333333333334
19 0.21375 0.6308333333333334 0.0625 0.07833333333333334
19 0.3375 0.6816666666666668 0.06 0.08666666666666667
20 0.32 0.5833333333333334 0.045 0.043333333333333335
20 0.350625 0.5950000000000001 0.04625 0.07
20 0.18812500000000001 0.6808333333333334 0.04875 0.06166666666666667
20 0.24375 0.7350000000000001 0.0325 0.06333333333333334
20 0.18812500000000001 0.7866666666666667 0.051250000000000004 0.05666666666666667
20 0.290625 0.7825000000000001 0.04625 0.05166666666666667
20 0.308125 0.7275 0.04625 0.055
20 0.29875 0.6658333333333334 0.0475 0.055
20 0.186875 0.8708333333333333 0.03875 0.055
19 0.16 0.9658333333333334 0.055 0.045000000000000005
20 0.410625 0.6883333333333334 0.04875 0.07666666666666667
20 0.50625 0.7275 0.0425 0.065
19 0.465625 0.7608333333333334 0.06375 0.095
20 0.36375 0.81 0.03 0.06666666666666667
20 0.386875 0.8208333333333334 0.04125 0.055
20 0.406875 0.8183333333333334 0.04125 0.05333333333333334
20 0.44375000000000003 0.8508333333333334 0.0475 0.04833333333333334
20 0.33375 0.8500000000000001 0.0475 0.05
20 0.28500000000000003 0.8875000000000001 0.0425 0.045000000000000005
20 0.319375 0.9183333333333334 0.03875 0.06333333333333334
20 0.368125 0.8941666666666668 0.051250000000000004 0.06166666666666667
20 0.366875 0.9683333333333334 0.04625 0.04666666666666667
20 0.40125 0.9291666666666667 0.04 0.07500000000000001
20 0.513125 0.9058333333333334 0.04125 0.06833333333333334
20 0.6625 0.8158333333333334 0.05 0.05166666666666667
20 0.65625 0.8816666666666667 0.0525 0.06333333333333334
20 0.625 0.9366666666666668 0.0475 0.060000000000000005
20 0.649375 0.9450000000000001 0.03875 0.05666666666666667
20 0.731875 0.915 0.03625 0.06666666666666667
23 0.62125 0.8133333333333334 0.065 0.08333333333333334
