22 0.325625 0.0975 0.02625 0.05166666666666667
22 0.2675 0.28583333333333333 0.035 0.058333333333333334
22 0.27625 0.36333333333333334 0.045 0.030000000000000002
22 0.230625 0.37000000000000005 0.03625 0.02
7 0.2675 0.6950000000000001 0.13 0.11333333333333334
11 0.484375 0.8691666666666668 0.043750000000000004 0.085
22 0.435 0.7033333333333334 0.045 0.03333333333333333
22 0.550625 0.6775 0.043750000000000004 0.04166666666666667
22 0.369375 0.62 0.02625 0.07
22 0.361875 0.5483333333333333 0.01375 0.030000000000000002
22 0.383125 0.39916666666666667 0.04625 0.03166666666666667
22 0.376875 0.3516666666666667 0.02625 0.06666666666666667
22 0.5075000000000001 0.3541666666666667 0.045 0.03166666666666667
22 0.54 0.21416666666666667 0.045 0.035
22 0.571875 0.26083333333333336 0.05375 0.03166666666666667
7 0.44875 0.18500000000000003 0.11 0.15333333333333335
22 0.435625 0.09250000000000001 0.03625 0.03833333333333334
22 0.46625 0.065 0.0575 0.04
22 0.385 0.08 0.04 0.04
22 0.69375 0.0425 0.0325 0.045000000000000005
22 0.7125 0.022500000000000003 0.02 0.04833333333333334
22 0.7375 0.11833333333333335 0.045 0.03333333333333333
22 0.64375 0.14833333333333334 0.035 0.04666666666666667
22 0.72875 0.3541666666666667 0.02 0.058333333333333334
22 0.8143750000000001 0.375 0.01375 0.060000000000000005
22 0.774375 0.46 0.02875 0.05
22 0.650625 0.39333333333333337 0.04125 0.02666666666666667
