11 0.379375 0.27 0.02375 0.060000000000000005
18 0.288125 0.42583333333333334 0.02625 0.03166666666666667
18 0.27875 0.49750000000000005 0.03 0.035
18 0.27625 0.5491666666666667 0.025 0.025
18 0.479375 0.4425 0.02875 0.03833333333333334
18 0.41875 0.5941666666666667 0.025 0.025
18 0.446875 0.6425000000000001 0.02375 0.03166666666666667
18 0.474375 0.6341666666666667 0.02375 0.035
18 0.348125 0.7391666666666667 0.02125 0.035
18 0.2975 0.6525000000000001 0.0225 0.03166666666666667
18 0.263125 0.6841666666666667 0.02125 0.03166666666666667
18 0.2725 0.7050000000000001 0.025 0.030000000000000002
20 0.503125 0.6208333333333333 0.03875 0.035
11 0.19062500000000002 0.5058333333333334 0.02375 0.05166666666666667
11 0.19375 0.6183333333333334 0.0275 0.05333333333333334
19 0.21 0.5066666666666667 0.035 0.043333333333333335
18 0.19187500000000002 0.65 0.02375 0.03333333333333333
18 0.225 0.7225 0.0225 0.028333333333333335
18 0.319375 0.775 0.02625 0.030000000000000002
18 0.339375 0.7916666666666667 0.01875 0.030000000000000002
18 0.289375 0.8125 0.02875 0.028333333333333335
18 0.395625 0.8675 0.02125 0.028333333333333335
18 0.438125 0.8441666666666667 0.01625 0.025
18 0.4375 0.7816666666666667 0.0175 0.030000000000000002
18 0.419375 0.7883333333333333 0.02125 0.030000000000000002
18 0.323125 0.8541666666666667 0.01875 0.021666666666666667
18 0.4575 0.8225 0.02 0.03166666666666667
18 0.47125 0.8191666666666667 0.02 0.028333333333333335
18 0.463125 0.7966666666666667 0.03125 0.030000000000000002
20 0.37875000000000003 0.7400000000000001 0.0275 0.02666666666666667
24 0.45 0.7408333333333333 0.0375 0.058333333333333334
24 0.48 0.7483333333333334 0.0425 0.05666666666666667
18 0.481875 0.8366666666666667 0.01875 0.030000000000000002
18 0.585 0.775 0.025 0.03666666666666667
18 0.5625 0.7366666666666667 0.025 0.043333333333333335
18 0.55625 0.7016666666666667 0.03 0.03666666666666667
18 0.639375 0.7141666666666667 0.02625 0.028333333333333335
18 0.67375 0.7291666666666667 0.025 0.03166666666666667
18 0.5325 0.8658333333333333 0.0375 0.025
24 0.6125 0.8141666666666667 0.045 0.04833333333333334
11 0.55875 0.6708333333333334 0.05 0.045000000000000005
18 0.6825 0.6658333333333334 0.025 0.035
18 0.62625 0.5966666666666667 0.0225 0.03666666666666667
18 0.7675000000000001 0.6441666666666667 0.015 0.03166666666666667
18 0.763125 0.5125000000000001 0.02375 0.028333333333333335
18 0.69875 0.4941666666666667 0.025 0.028333333333333335
18 0.7000000000000001 0.43333333333333335 0.025 0.03666666666666667
