7 0.276875 0.24166666666666667 0.10375000000000001 0.09333333333333334
7 0.48375 0.24916666666666668 0.115 0.095
7 0.67375 0.07916666666666668 0.1 0.08833333333333333
7 0.79625 0.21250000000000002 0.055 0.12833333333333335
7 0.834375 0.28750000000000003 0.06875 0.135
7 0.73375 0.41583333333333333 0.0775 0.14833333333333334
7 0.80375 0.46416666666666667 0.0675 0.13833333333333334
7 0.694375 0.4733333333333334 0.06375 0.12666666666666668
7 0.48125 0.44833333333333336 0.1225 0.1
7 0.349375 0.5191666666666667 0.10625 0.10500000000000001
7 0.138125 0.6966666666666667 0.06375 0.16
7 0.2325 0.7625000000000001 0.0625 0.13166666666666668
7 0.28375 0.6616666666666667 0.0775 0.12666666666666668
7 0.388125 0.7191666666666667 0.04875 0.135
7 0.43875000000000003 0.7833333333333334 0.09 0.09333333333333334
7 0.5075000000000001 0.6283333333333334 0.0775 0.12000000000000001
7 0.3025 0.7825000000000001 0.09 0.095
7 0.38875 0.8308333333333334 0.105 0.07166666666666667
7 0.304375 0.8541666666666667 0.08375 0.058333333333333334
7 0.33375 0.895 0.08750000000000001 0.05
7 0.305625 0.9366666666666668 0.05625 0.07333333333333333
7 0.414375 0.9533333333333334 0.04875 0.08
7 0.51125 0.8275 0.08 0.09833333333333334
7 0.506875 0.9291666666666667 0.07375 0.07833333333333334
7 0.598125 0.9358333333333334 0.07625 0.10500000000000001
7 0.67125 0.9016666666666667 0.065 0.11
7 0.7518750000000001 0.9216666666666667 0.08625000000000001 0.08
7 0.785 0.8825000000000001 0.0375 0.07500000000000001
7 0.718125 0.8683333333333334 0.09125 0.07
7 0.62625 0.8041666666666667 0.105 0.085
7 0.685 0.7941666666666667 0.065 0.09833333333333334
7 0.726875 0.76 0.09375 0.12333333333333334
7 0.775 0.7366666666666667 0.0775 0.1
7 0.605 0.5741666666666667 0.065 0.15166666666666667
7 0.64625 0.6316666666666667 0.0725 0.12666666666666668
