24 0.40875 0.1325 0.065 0.065
24 0.43 0.28583333333333333 0.06 0.07500000000000001
24 0.55875 0.35750000000000004 0.055 0.085
24 0.6531250000000001 0.48000000000000004 0.05375 0.06666666666666667
24 0.6843750000000001 0.5700000000000001 0.058750000000000004 0.08
24 0.75625 0.5575 0.0525 0.065
24 0.5962500000000001 0.5475 0.0575 0.06833333333333334
24 0.5856250000000001 0.6000000000000001 0.06125 0.08333333333333334
24 0.54875 0.6125 0.0525 0.06833333333333334
24 0.320625 0.2016666666666667 0.06125 0.07333333333333333
24 0.301875 0.26333333333333336 0.05375 0.08333333333333334
24 0.34875 0.305 0.0475 0.07333333333333333
24 0.315625 0.3383333333333334 0.05375 0.06666666666666667
24 0.29625 0.3741666666666667 0.055 0.07166666666666667
24 0.2675 0.45333333333333337 0.0425 0.06333333333333334
24 0.309375 0.4741666666666667 0.06875 0.08166666666666667
24 0.2525 0.5008333333333334 0.0575 0.07500000000000001
24 0.414375 0.5666666666666667 0.06375 0.09333333333333334
24 0.378125 0.655 0.05625 0.07666666666666667
24 0.79125 0.7783333333333334 0.0375 0.07333333333333333
20 0.508125 0.10750000000000001 0.03875 0.03833333333333334
18 0.496875 0.14 0.03625 0.043333333333333335
11 0.8325 0.6633333333333333 0.045 0.05666666666666667
19 0.613125 0.785 0.04875 0.06666666666666667
19 0.52625 0.6775 0.0425 0.06833333333333334
19 0.33437500000000003 0.6658333333333334 0.05625 0.08833333333333333
23 0.2225 0.33166666666666667 0.0475 0.07666666666666667
18 0.33125 0.5916666666666667 0.0375 0.04
21 0.198125 0.6066666666666667 0.06625 0.07333333333333333
24 0.29875 0.5425 0.0675 0.085
20 0.40750000000000003 0.8041666666666667 0.045 0.04833333333333334
