18 0.614811 0.941994 0.071379 0.084213
14 0.490820 0.872469 0.040098 0.044395
14 0.453709 0.959622 0.044363 0.020237
14 0.549260 0.973819 0.046637 0.042758
14 0.448447 0.979044 0.051473 0.019911
14 0.678795 0.935630 0.040098 0.029050
14 0.708089 0.981606 0.024741 0.036788
14 0.866347 0.962232 0.030713 0.022851
14 0.968440 0.939872 0.051757 0.034275
14 0.941139 0.838522 0.046070 0.035904
14 0.377680 0.184215 0.049534 0.059562
14 0.234089 0.377455 0.059561 0.035873
1 0.745286 0.971860 0.054032 0.033619
