2 0.659039 0.047071 0.021234 0.051539
2 0.880613 0.432874 0.027382 0.044177
2 0.861893 0.482570 0.055882 0.039022
2 0.863011 0.396059 0.020118 0.054485
2 0.840936 0.435818 0.034088 0.044174
2 0.822216 0.451279 0.030176 0.044177
2 0.640040 0.527115 0.045824 0.063320
2 0.677481 0.680625 0.031294 0.062582
2 0.718554 0.660378 0.031852 0.055955
2 0.655686 0.711181 0.026824 0.047120
2 0.676922 0.750572 0.019000 0.047858
2 0.653451 0.768241 0.027942 0.044914
2 0.521010 0.800636 0.024588 0.043439
2 0.736716 0.867636 0.057000 0.059636
2 0.617407 0.918070 0.035206 0.041231
2 0.649259 0.931692 0.021794 0.041966
2 0.381303 0.897825 0.058118 0.039022
2 0.227627 0.783704 0.041354 0.046385
2 0.289377 0.361087 0.037442 0.065526
2 0.094347 0.316175 0.064266 0.075834
2 0.059979 0.378021 0.036882 0.056690
2 0.365377 0.279362 0.035206 0.040495
2 0.436348 0.289669 0.028500 0.059639
2 0.353921 0.246598 0.029058 0.027979
2 0.318715 0.154565 0.039118 0.053009
2 0.169229 0.055538 0.037442 0.067001
2 0.663510 0.273103 0.045824 0.051539
2 0.728054 0.286723 0.020676 0.064055
2 0.751245 0.213097 0.034646 0.050801
2 0.547554 0.251016 0.030736 0.051539
2 0.571584 0.246229 0.028500 0.044912
2 0.552835 0.029032 0.027886 0.046385
2 0.677202 0.023877 0.022912 0.039022
2 0.378788 0.023535 0.047500 0.047070
2 0.406730 0.076522 0.044148 0.039758
10 0.505083 0.413362 0.075442 0.147989
10 0.371525 0.343416 0.054206 0.108229
10 0.433274 0.383175 0.059236 0.112648
10 0.408965 0.211626 0.140266 0.072891
10 0.494745 0.267949 0.058118 0.116329
10 0.593937 0.196165 0.078794 0.128846
10 0.638922 0.121066 0.098352 0.106759
10 0.702349 0.198740 0.029618 0.107494
10 0.581083 0.337158 0.076558 0.098659
10 0.664069 0.404526 0.074882 0.153879
10 0.746495 0.497664 0.086618 0.169341
10 0.794275 0.280466 0.090530 0.075099
10 0.528834 0.597428 0.076000 0.109702
10 0.289657 0.766401 0.090530 0.182593
10 0.536936 0.885307 0.096676 0.117065
10 0.417906 0.951304 0.079912 0.097391
10 0.464010 0.882730 0.060352 0.113386
9 0.226721 0.111758 0.050966 0.072448
9 0.322616 0.280067 0.040236 0.071565
9 0.495292 0.107781 0.051636 0.075099
