18 0.33875 0.16416666666666668 0.0225 0.035
19 0.516875 0.18583333333333335 0.02875 0.058333333333333334
18 0.5425 0.17833333333333334 0.0275 0.030000000000000002
18 0.646875 0.19166666666666668 0.02625 0.02666666666666667
19 0.716875 0.24833333333333335 0.03375 0.04666666666666667
24 0.720625 0.29083333333333333 0.043750000000000004 0.05166666666666667
24 0.681875 0.32666666666666666 0.03375 0.05666666666666667
18 0.749375 0.30833333333333335 0.02125 0.03666666666666667
19 0.61625 0.2866666666666667 0.035 0.060000000000000005
19 0.610625 0.33666666666666667 0.03625 0.04666666666666667
19 0.495 0.3666666666666667 0.0375 0.060000000000000005
18 0.6012500000000001 0.35000000000000003 0.035 0.03666666666666667
18 0.5387500000000001 0.3075 0.0225 0.035
18 0.536875 0.2775 0.02875 0.028333333333333335
18 0.524375 0.3541666666666667 0.02375 0.03166666666666667
20 0.7262500000000001 0.43250000000000005 0.0225 0.035
18 0.740625 0.4441666666666667 0.01875 0.03166666666666667
19 0.703125 0.48750000000000004 0.02875 0.04833333333333334
19 0.6825 0.515 0.0325 0.03666666666666667
19 0.6075 0.49250000000000005 0.04 0.055
19 0.6825 0.5641666666666667 0.035 0.065
19 0.69625 0.6025 0.035 0.045000000000000005
18 0.603125 0.5158333333333334 0.02625 0.035
18 0.7575000000000001 0.5666666666666667 0.025 0.030000000000000002
18 0.66125 0.6291666666666667 0.0275 0.03166666666666667
18 0.663125 0.6725000000000001 0.01875 0.028333333333333335
18 0.6125 0.6241666666666668 0.0275 0.035
18 0.61125 0.5908333333333333 0.0225 0.03166666666666667
19 0.626875 0.6216666666666667 0.03375 0.04
19 0.5875 0.6475000000000001 0.035 0.058333333333333334
19 0.749375 0.7125 0.03375 0.045000000000000005
24 0.730625 0.7108333333333334 0.03375 0.05166666666666667
24 0.668125 0.7225 0.03875 0.05166666666666667
18 0.690625 0.7225 0.02125 0.025
18 0.5925 0.7666666666666667 0.025 0.03333333333333333
18 0.62 0.7641666666666667 0.0225 0.03166666666666667
18 0.67 0.7808333333333334 0.025 0.03166666666666667
28 0.635625 0.7141666666666667 0.043750000000000004 0.05166666666666667
21 0.619375 0.8133333333333334 0.04875 0.043333333333333335
18 0.6125 0.8416666666666667 0.025 0.030000000000000002
18 0.591875 0.8333333333333334 0.02875 0.03666666666666667
19 0.57125 0.7941666666666667 0.0325 0.04833333333333334
18 0.54625 0.8458333333333334 0.02 0.028333333333333335
18 0.55875 0.8508333333333334 0.025 0.035
18 0.515 0.7608333333333334 0.025 0.035
18 0.49375 0.7108333333333334 0.0225 0.03166666666666667
19 0.51625 0.7266666666666667 0.035 0.060000000000000005
18 0.484375 0.7875000000000001 0.02375 0.021666666666666667
18 0.465 0.7816666666666667 0.0225 0.03333333333333333
18 0.448125 0.7333333333333334 0.02875 0.03666666666666667
18 0.42875 0.6808333333333334 0.0225 0.028333333333333335
18 0.419375 0.7316666666666667 0.02375 0.02666666666666667
18 0.395 0.7508333333333334 0.0275 0.03166666666666667
18 0.381875 0.7841666666666667 0.02375 0.03166666666666667
18 0.37 0.8091666666666667 0.0225 0.03166666666666667
18 0.47125 0.8966666666666667 0.0225 0.030000000000000002
18 0.36625 0.6783333333333333 0.025 0.03333333333333333
18 0.305625 0.5908333333333333 0.01875 0.03166666666666667
18 0.295625 0.7508333333333334 0.02125 0.025
18 0.29812500000000003 0.7841666666666667 0.02375 0.03166666666666667
18 0.254375 0.7708333333333334 0.02375 0.03166666666666667
18 0.24 0.775 0.0175 0.030000000000000002
19 0.3675 0.8708333333333333 0.035 0.05166666666666667
19 0.373125 0.615 0.03625 0.05666666666666667
19 0.318125 0.7116666666666667 0.02375 0.05
19 0.32375 0.6316666666666667 0.0325 0.04
18 0.2225 0.6208333333333333 0.0225 0.03833333333333334
11 0.50875 0.5858333333333333 0.05 0.04833333333333334
21 0.325625 0.4416666666666667 0.05625 0.060000000000000005
18 0.39 0.15833333333333335 0.02 0.03333333333333333
