11 0.58375 0.14916666666666667 0.055 0.07833333333333334
11 0.971875 0.5391666666666667 0.04125 0.05166666666666667
11 0.3825 0.21916666666666668 0.0575 0.08166666666666667
11 0.3325 0.25083333333333335 0.0525 0.08166666666666667
11 0.5337500000000001 0.3875 0.0525 0.095
11 0.123125 0.5066666666666667 0.043750000000000004 0.08
11 0.31625000000000003 0.41833333333333333 0.0625 0.06666666666666667
11 0.439375 0.5791666666666667 0.06375 0.07500000000000001
11 0.526875 0.5916666666666667 0.06875 0.08333333333333334
11 0.31625000000000003 0.8250000000000001 0.0625 0.060000000000000005
11 0.5231250000000001 0.9450000000000001 0.05375 0.08666666666666667
11 0.849375 0.9391666666666667 0.04875 0.07500000000000001
