7 0.37375 0.28 0.115 0.08333333333333334
7 0.325625 0.33083333333333337 0.12125 0.08166666666666667
7 0.36125 0.4066666666666667 0.1 0.10333333333333335
7 0.22375 0.4633333333333334 0.0625 0.15000000000000002
7 0.35375 0.5441666666666667 0.085 0.15833333333333335
7 0.38625 0.48583333333333334 0.115 0.08166666666666667
7 0.44 0.5741666666666667 0.105 0.115
7 0.458125 0.37833333333333335 0.09375 0.14333333333333334
7 0.545625 0.38 0.09625 0.12333333333333334
7 0.77375 0.8075000000000001 0.11 0.085
