11 0.516875 0.20083333333333334 0.02625 0.058333333333333334
11 0.479375 0.17750000000000002 0.043750000000000004 0.035
11 0.50625 0.2541666666666667 0.04 0.04166666666666667
11 0.40875 0.2516666666666667 0.045 0.03333333333333333
26 0.38 0.30000000000000004 0.0225 0.030000000000000002
24 0.218125 0.29583333333333334 0.03875 0.06833333333333334
11 0.21 0.4658333333333334 0.0325 0.03833333333333334
11 0.274375 0.5366666666666667 0.03375 0.043333333333333335
11 0.181875 0.48500000000000004 0.01875 0.05666666666666667
26 0.3075 0.67 0.015 0.030000000000000002
11 0.4025 0.7150000000000001 0.0325 0.05333333333333334
28 0.57875 0.7491666666666668 0.0325 0.055
28 0.605625 0.8175 0.03375 0.04833333333333334
18 0.555 0.8883333333333334 0.0275 0.030000000000000002
11 0.6168750000000001 0.7658333333333334 0.04625 0.03833333333333334
26 0.63875 0.6725000000000001 0.015 0.035
26 0.48375 0.6000000000000001 0.0225 0.03333333333333333
28 0.743125 0.6666666666666667 0.02875 0.060000000000000005
11 0.703125 0.6283333333333334 0.03625 0.03666666666666667
11 0.71625 0.5691666666666667 0.0375 0.04166666666666667
19 0.6687500000000001 0.5366666666666667 0.0275 0.05
19 0.69375 0.48583333333333334 0.03 0.03833333333333334
19 0.51625 0.49750000000000005 0.0425 0.03833333333333334
19 0.52375 0.45333333333333337 0.035 0.05333333333333334
19 0.43625 0.525 0.03 0.05333333333333334
