22 0.37875000000000003 0.2575 0.025 0.04166666666666667
22 0.17250000000000001 0.3425 0.0325 0.021666666666666667
22 0.2675 0.4566666666666667 0.0275 0.02666666666666667
22 0.42375 0.41583333333333333 0.03 0.035
22 0.24125 0.5358333333333334 0.025 0.03166666666666667
22 0.335625 0.555 0.01625 0.03333333333333333
22 0.418125 0.6166666666666667 0.03625 0.02
22 0.39875 0.5950000000000001 0.025 0.03666666666666667
22 0.3725 0.7250000000000001 0.0175 0.04
22 0.465 0.7475 0.035 0.021666666666666667
22 0.52625 0.7675000000000001 0.0225 0.03833333333333334
22 0.5225 0.7125 0.0275 0.025
22 0.581875 0.7241666666666667 0.01875 0.03833333333333334
22 0.636875 0.6975 0.02125 0.035
22 0.6118750000000001 0.6966666666666667 0.03375 0.02666666666666667
22 0.571875 0.6925 0.03375 0.03166666666666667
22 0.508125 0.68 0.03125 0.013333333333333334
22 0.558125 0.62 0.03875 0.016666666666666666
22 0.650625 0.6625000000000001 0.01375 0.04833333333333334
22 0.64875 0.5666666666666667 0.0325 0.023333333333333334
22 0.47250000000000003 0.5025000000000001 0.0275 0.04166666666666667
22 0.47750000000000004 0.4525 0.0325 0.035
22 0.550625 0.4341666666666667 0.02375 0.03833333333333334
22 0.62625 0.4416666666666667 0.0275 0.023333333333333334
22 0.655 0.4841666666666667 0.025 0.04166666666666667
22 0.665 0.505 0.0175 0.03666666666666667
22 0.6950000000000001 0.5216666666666667 0.0175 0.043333333333333335
24 0.704375 0.5408333333333334 0.04625 0.04166666666666667
22 0.72875 0.49083333333333334 0.025 0.025
22 0.66625 0.3741666666666667 0.025 0.03833333333333334
22 0.600625 0.38833333333333336 0.02125 0.043333333333333335
22 0.56375 0.36833333333333335 0.02 0.030000000000000002
22 0.5337500000000001 0.2791666666666667 0.0325 0.035
22 0.574375 0.2833333333333333 0.02875 0.02666666666666667
22 0.74125 0.36000000000000004 0.025 0.03666666666666667
