19 0.40875 0.165 0.0325 0.04
19 0.438125 0.23583333333333334 0.04125 0.04833333333333334
19 0.381875 0.18666666666666668 0.043750000000000004 0.043333333333333335
19 0.3575 0.1675 0.03 0.06166666666666667
19 0.3275 0.14916666666666667 0.04 0.035
19 0.32625 0.1691666666666667 0.035 0.03166666666666667
19 0.330625 0.20583333333333334 0.03125 0.055
19 0.3275 0.24750000000000003 0.0275 0.055
19 0.29875 0.18416666666666667 0.035 0.045000000000000005
19 0.370625 0.26166666666666666 0.03875 0.05
19 0.505 0.155 0.0425 0.03666666666666667
24 0.543125 0.16333333333333333 0.03625 0.04666666666666667
19 0.49875 0.24583333333333335 0.0425 0.05166666666666667
24 0.519375 0.2325 0.04125 0.03833333333333334
19 0.51125 0.32 0.035 0.05
19 0.281875 0.24916666666666668 0.04125 0.045000000000000005
19 0.244375 0.27666666666666667 0.03375 0.05333333333333334
19 0.22375 0.3433333333333334 0.035 0.05
19 0.28 0.4008333333333334 0.0425 0.07500000000000001
19 0.23375 0.45 0.035 0.05
19 0.323125 0.52 0.03375 0.043333333333333335
19 0.325625 0.5816666666666667 0.03375 0.06666666666666667
19 0.39875 0.6908333333333334 0.0325 0.055
18 0.438125 0.5908333333333333 0.02375 0.035
19 0.3625 0.67 0.04 0.05
19 0.306875 0.7483333333333334 0.05375 0.05333333333333334
21 0.338125 0.7050000000000001 0.03375 0.08
19 0.305 0.8016666666666667 0.0325 0.05
19 0.356875 0.795 0.02875 0.043333333333333335
19 0.371875 0.8400000000000001 0.03375 0.05333333333333334
28 0.42812500000000003 0.8183333333333334 0.05625 0.04666666666666667
28 0.433125 0.7725000000000001 0.05375 0.045000000000000005
19 0.469375 0.8166666666666668 0.03375 0.04666666666666667
19 0.483125 0.8675 0.043750000000000004 0.045000000000000005
19 0.491875 0.7758333333333334 0.03375 0.04833333333333334
19 0.484375 0.7858333333333334 0.03375 0.04166666666666667
19 0.515 0.7108333333333334 0.035 0.058333333333333334
19 0.51 0.7508333333333334 0.035 0.04166666666666667
19 0.525625 0.7825000000000001 0.03625 0.055
19 0.55375 0.8066666666666668 0.035 0.04666666666666667
19 0.541875 0.8716666666666667 0.03625 0.05333333333333334
18 0.5493750000000001 0.9025000000000001 0.02625 0.021666666666666667
19 0.6062500000000001 0.7158333333333334 0.0375 0.055
19 0.573125 0.7525000000000001 0.03375 0.05166666666666667
19 0.599375 0.7933333333333333 0.03625 0.05
19 0.588125 0.8375 0.04625 0.03833333333333334
19 0.570625 0.8525 0.03875 0.04833333333333334
19 0.58875 0.8758333333333334 0.045 0.04833333333333334
21 0.538125 0.7458333333333333 0.04875 0.055
28 0.56125 0.67 0.04 0.060000000000000005
19 0.63625 0.7141666666666667 0.035 0.05166666666666667
19 0.6431250000000001 0.6841666666666667 0.03625 0.055
19 0.6481250000000001 0.6425000000000001 0.043750000000000004 0.04166666666666667
21 0.770625 0.6033333333333334 0.03625 0.05666666666666667
19 0.75375 0.685 0.04 0.043333333333333335
24 0.7475 0.635 0.0375 0.043333333333333335
19 0.7375 0.6708333333333334 0.03 0.045000000000000005
19 0.661875 0.755 0.03375 0.07
19 0.6925 0.7491666666666668 0.0375 0.04166666666666667
19 0.634375 0.7416666666666667 0.03375 0.06333333333333334
19 0.7212500000000001 0.5575 0.0375 0.058333333333333334
19 0.704375 0.5766666666666667 0.03875 0.04666666666666667
19 0.675 0.5733333333333334 0.0375 0.060000000000000005
19 0.633125 0.55 0.03875 0.06666666666666667
19 0.6325000000000001 0.5833333333333334 0.035 0.05333333333333334
19 0.656875 0.5941666666666667 0.02625 0.045000000000000005
19 0.60375 0.5966666666666667 0.0425 0.05333333333333334
19 0.5962500000000001 0.5108333333333334 0.0325 0.055
19 0.55875 0.48750000000000004 0.045 0.035
19 0.659375 0.48583333333333334 0.03875 0.06166666666666667
19 0.704375 0.47000000000000003 0.03875 0.05666666666666667
19 0.753125 0.49833333333333335 0.03625 0.043333333333333335
19 0.761875 0.4066666666666667 0.03875 0.04666666666666667
19 0.6425 0.4425 0.0425 0.055
28 0.68625 0.5241666666666667 0.05 0.06166666666666667
21 0.761875 0.4466666666666667 0.04125 0.07666666666666667
19 0.63125 0.38583333333333336 0.0425 0.065
19 0.6375000000000001 0.32833333333333337 0.045 0.043333333333333335
19 0.68125 0.3375 0.0525 0.04833333333333334
19 0.73 0.37083333333333335 0.03 0.055
19 0.6843750000000001 0.38083333333333336 0.04625 0.055
19 0.71 0.3866666666666667 0.03 0.05333333333333334
21 0.66125 0.39416666666666667 0.055 0.055
19 0.608125 0.2991666666666667 0.04875 0.055
19 0.706875 0.2725 0.02625 0.055
19 0.738125 0.29083333333333333 0.04875 0.03833333333333334
19 0.6375000000000001 0.3275 0.0475 0.04833333333333334
19 0.594375 0.3383333333333334 0.03375 0.05
19 0.560625 0.3425 0.03375 0.058333333333333334
19 0.560625 0.2775 0.02625 0.04833333333333334
19 0.5775 0.22166666666666668 0.0375 0.05
19 0.605625 0.2225 0.02875 0.03833333333333334
19 0.6225 0.22416666666666668 0.0325 0.04833333333333334
19 0.68375 0.2391666666666667 0.0375 0.04166666666666667
19 0.6625 0.2625 0.0325 0.03833333333333334
19 0.61 0.26 0.04 0.04666666666666667
21 0.5856250000000001 0.26333333333333336 0.058750000000000004 0.05666666666666667
19 0.609375 0.17750000000000002 0.04625 0.04833333333333334
19 0.6525 0.2 0.0425 0.04
11 0.520625 0.34833333333333333 0.03375 0.04666666666666667
