12 0.478552 0.103876 0.071964 0.040427
12 0.342661 0.160033 0.037698 0.048514
12 0.494114 0.054630 0.074084 0.045628
12 0.561183 0.064159 0.050410 0.047360
12 0.687910 0.064921 0.036360 0.067866
12 0.696243 0.143265 0.040906 0.042914
12 0.830190 0.590846 0.048220 0.074598
12 0.535575 0.395924 0.066850 0.037059
12 0.587996 0.281858 0.029956 0.039947
12 0.629275 0.352848 0.054066 0.035615
12 0.701056 0.296536 0.055892 0.041389
12 0.702152 0.257311 0.063196 0.038021
12 0.628179 0.317954 0.037262 0.038986
12 0.647540 0.284022 0.038720 0.023101
12 0.765166 0.353810 0.083288 0.038503
12 0.682244 0.443331 0.056256 0.032727
12 0.696673 0.375468 0.016438 0.052943
12 0.672746 0.384613 0.031416 0.033689
12 0.731558 0.390628 0.043836 0.022622
12 0.730281 0.425763 0.037626 0.048611
12 0.804254 0.500603 0.056256 0.031763
12 0.777221 0.543198 0.035798 0.050538
12 0.570279 0.516004 0.050046 0.051017
12 0.454296 0.526353 0.029224 0.083262
12 0.479502 0.549455 0.027032 0.099626
12 0.487174 0.491941 0.035068 0.026954
12 0.571740 0.582182 0.050776 0.035136
12 0.620325 0.566781 0.036894 0.055349
12 0.625987 0.626942 0.024110 0.065937
12 0.667449 0.523946 0.023014 0.058237
12 0.579594 0.557155 0.050412 0.038021
12 0.460689 0.636568 0.061006 0.044762
12 0.518042 0.754966 0.025936 0.069789
12 0.525165 0.707318 0.059178 0.032248
12 0.550736 0.772291 0.037260 0.040909
12 0.630554 0.814887 0.033972 0.059681
12 0.692837 0.803817 0.048218 0.040430
12 0.767541 0.796597 0.036894 0.053905
12 0.739048 0.755447 0.025936 0.055347
12 0.702518 0.738843 0.046392 0.035615
12 0.743614 0.649804 0.032876 0.053905
12 0.746719 0.697452 0.034702 0.054867
12 0.686809 0.643787 0.025206 0.053423
12 0.309090 0.715018 0.039816 0.084224
12 0.199865 0.662076 0.039086 0.083262
12 0.476397 0.965771 0.034702 0.061123
12 0.564435 0.964087 0.039818 0.044279
12 0.649184 0.989022 0.051508 0.021955
12 0.732289 0.914273 0.061370 0.031286
12 0.757678 0.854352 0.022284 0.081821
12 0.501602 0.809592 0.042740 0.021175
12 0.524800 0.846892 0.033608 0.066901
12 0.608088 0.693120 0.023380 0.047167
12 0.662882 0.768682 0.033608 0.036580
12 0.578096 0.109411 0.035800 0.065937
12 0.594170 0.184252 0.046028 0.045241
1 0.566921 0.912812 0.034646 0.077307
1 0.569771 0.648640 0.038222 0.074213
1 0.790059 0.430411 0.065718 0.065381
