19 0.369375 0.10833333333333334 0.04625 0.05666666666666667
19 0.453125 0.11 0.04625 0.060000000000000005
19 0.3325 0.16166666666666668 0.0475 0.05666666666666667
19 0.3775 0.19333333333333336 0.0425 0.05666666666666667
19 0.260625 0.2941666666666667 0.043750000000000004 0.065
19 0.2275 0.4041666666666667 0.0425 0.07833333333333334
19 0.324375 0.4466666666666667 0.04625 0.06666666666666667
19 0.43125 0.465 0.04 0.060000000000000005
19 0.4825 0.37083333333333335 0.035 0.06166666666666667
25 0.468125 0.39416666666666667 0.051250000000000004 0.07500000000000001
18 0.47625 0.2991666666666667 0.03 0.03833333333333334
26 0.2775 0.35250000000000004 0.0375 0.03166666666666667
26 0.35000000000000003 0.26666666666666666 0.035 0.030000000000000002
23 0.245625 0.33916666666666667 0.03875 0.07833333333333334
26 0.361875 0.4291666666666667 0.02625 0.03833333333333334
26 0.42875 0.4066666666666667 0.0325 0.04666666666666667
18 0.468125 0.4541666666666667 0.02375 0.035
18 0.291875 0.4783333333333334 0.02375 0.043333333333333335
18 0.256875 0.5750000000000001 0.02875 0.043333333333333335
18 0.469375 0.6158333333333333 0.02625 0.045000000000000005
19 0.3975 0.6266666666666667 0.0475 0.060000000000000005
19 0.604375 0.91 0.051250000000000004 0.060000000000000005
19 0.52625 0.6108333333333333 0.05 0.058333333333333334
19 0.71125 0.5075000000000001 0.0475 0.065
18 0.55375 0.66 0.03 0.043333333333333335
18 0.62625 0.6383333333333334 0.03 0.05333333333333334
26 0.68875 0.6416666666666667 0.035 0.03666666666666667
18 0.811875 0.5933333333333334 0.03125 0.04666666666666667
26 0.53 0.4866666666666667 0.0375 0.03333333333333333
26 0.57375 0.42083333333333334 0.0225 0.055
26 0.7275 0.43333333333333335 0.0375 0.03666666666666667
18 0.76125 0.47250000000000003 0.0225 0.045000000000000005
26 0.561875 0.24333333333333335 0.03875 0.030000000000000002
26 0.669375 0.12333333333333334 0.02875 0.03333333333333333
19 0.509375 0.16416666666666668 0.051250000000000004 0.055
19 0.530625 0.15333333333333335 0.03375 0.05
19 0.62125 0.18416666666666667 0.045 0.058333333333333334
19 0.721875 0.2391666666666667 0.04625 0.06166666666666667
19 0.7375 0.305 0.0475 0.060000000000000005
19 0.74375 0.2675 0.04 0.05166666666666667
19 0.815625 0.3241666666666667 0.03625 0.04833333333333334
