7 0.484375 0.029166666666666667 0.08875 0.058333333333333334
7 0.498125 0.13583333333333333 0.08875 0.10833333333333334
7 0.46 0.23083333333333333 0.1 0.10500000000000001
7 0.683125 0.42833333333333334 0.06875 0.1366666666666667
7 0.7425 0.4491666666666667 0.065 0.14166666666666666
7 0.289375 0.4766666666666667 0.09125 0.11333333333333334
7 0.343125 0.5666666666666667 0.05375 0.13333333333333333
7 0.369375 0.5866666666666667 0.058750000000000004 0.12000000000000001
7 0.3275 0.6941666666666667 0.0925 0.125
13 0.33437500000000003 0.13583333333333333 0.05625 0.065
13 0.39 0.19833333333333333 0.0425 0.08
13 0.51125 0.44333333333333336 0.05 0.09000000000000001
13 0.419375 0.5241666666666667 0.06125 0.08833333333333333
20 0.2725 0.8525 0.05 0.05166666666666667
