18 0.325 0.09083333333333334 0.0275 0.045000000000000005
18 0.455625 0.16416666666666668 0.03375 0.045000000000000005
18 0.278125 0.3375 0.04625 0.04833333333333334
18 0.32375 0.3433333333333334 0.0275 0.03666666666666667
18 0.23125 0.3325 0.0325 0.04166666666666667
18 0.2475 0.4741666666666667 0.03 0.04166666666666667
18 0.286875 0.4608333333333334 0.02875 0.045000000000000005
18 0.2625 0.525 0.04 0.023333333333333334
18 0.36562500000000003 0.7341666666666667 0.03875 0.05166666666666667
18 0.385625 0.8991666666666667 0.03125 0.035
18 0.33875 0.7858333333333334 0.0225 0.04166666666666667
19 0.56625 0.155 0.045 0.04666666666666667
19 0.5337500000000001 0.29000000000000004 0.0525 0.060000000000000005
19 0.471875 0.4291666666666667 0.051250000000000004 0.058333333333333334
19 0.578125 0.5216666666666667 0.04875 0.04666666666666667
19 0.536875 0.5375000000000001 0.051250000000000004 0.08166666666666667
19 0.449375 0.5008333333333334 0.058750000000000004 0.065
19 0.431875 0.6741666666666667 0.04875 0.065
19 0.284375 0.49833333333333335 0.04625 0.05333333333333334
19 0.315625 0.24666666666666667 0.05375 0.06333333333333334
26 0.419375 0.4133333333333334 0.03375 0.04666666666666667
26 0.46375 0.6333333333333334 0.025 0.05
26 0.44125000000000003 0.745 0.0375 0.03666666666666667
26 0.38875 0.7766666666666667 0.03 0.04666666666666667
26 0.35875 0.7991666666666667 0.0275 0.04166666666666667
26 0.5806250000000001 0.6033333333333334 0.02625 0.05666666666666667
26 0.7681250000000001 0.4041666666666667 0.03625 0.03833333333333334
26 0.346875 0.19333333333333336 0.03375 0.04
26 0.45687500000000003 0.2391666666666667 0.03375 0.04166666666666667
26 0.199375 0.41250000000000003 0.043750000000000004 0.04833333333333334
