4 0.556751 0.064714 0.077579 0.129429
4 0.614318 0.184873 0.066215 0.102805
4 0.777880 0.332437 0.068192 0.117243
4 0.641990 0.274105 0.096853 0.061801
4 0.567624 0.214329 0.055839 0.106271
4 0.362800 0.177077 0.099816 0.064107
4 0.419628 0.332437 0.053368 0.101069
4 0.452982 0.437552 0.081531 0.082590
4 0.486583 0.351208 0.082521 0.078545
4 0.683993 0.459498 0.049412 0.118399
4 0.537232 0.616881 0.062263 0.097028
4 0.599989 0.623521 0.052378 0.123019
4 0.669910 0.627565 0.064731 0.094140
4 0.648416 0.798230 0.064239 0.100491
4 0.617283 0.872445 0.089935 0.061797
4 0.476453 0.745962 0.058310 0.102226
4 0.455204 0.847321 0.077087 0.086632
4 0.555269 0.802850 0.056825 0.112044
4 0.314374 0.942907 0.098827 0.065260
4 0.404802 0.870135 0.087955 0.087210
4 0.283243 0.741632 0.107725 0.071615
4 0.262736 0.644891 0.075605 0.109156
4 0.141671 0.522739 0.052873 0.109734
4 0.319563 0.492130 0.090430 0.063532
4 0.309186 0.414738 0.086477 0.062375
4 0.348326 0.557859 0.056197 0.106828
4 0.448039 0.661930 0.078568 0.066995
4 0.651133 0.340811 0.082521 0.070462
4 0.369966 0.288543 0.057815 0.084900
4 0.451993 0.228479 0.053859 0.087210
4 0.500356 0.256100 0.051886 0.105566
4 0.025745 0.388459 0.051491 0.094140
4 0.818895 0.240029 0.051391 0.101069
4 0.913771 0.289411 0.057320 0.125908
11 0.794681 0.657310 0.082029 0.062375
11 0.516973 0.703512 0.043483 0.068152
11 0.356376 0.618036 0.032614 0.056602
11 0.714135 0.335615 0.053368 0.068152
4 0.302762 0.299229 0.082524 0.075082
1 0.188615 0.312801 0.063747 0.072194
1 0.197015 0.372001 0.063747 0.035809
1 0.308444 0.235989 0.069181 0.039851
1 0.734149 0.482023 0.047930 0.075657
1 0.546374 0.443616 0.031130 0.084322
1 0.298562 0.574431 0.029648 0.061797
8 0.455204 0.558259 0.081040 0.051404
8 0.366786 0.382739 0.031693 0.075482
14 0.163858 0.683876 0.055839 0.048516
14 0.173444 0.767563 0.042991 0.045049
14 0.140338 0.439804 0.033106 0.056020
14 0.278697 0.146410 0.042991 0.031764
