27 0.296875 0.10166666666666667 0.04875 0.05666666666666667
27 0.25 0.1675 0.0575 0.058333333333333334
27 0.255625 0.25333333333333335 0.04625 0.07333333333333333
27 0.229375 0.2775 0.03125 0.065
27 0.20125 0.3466666666666667 0.045 0.07333333333333333
27 0.235625 0.4008333333333334 0.04625 0.07166666666666667
27 0.406875 0.04166666666666667 0.04625 0.060000000000000005
27 0.41500000000000004 0.2625 0.0525 0.045000000000000005
27 0.445625 0.28500000000000003 0.04625 0.04666666666666667
27 0.37125 0.305 0.03 0.07
27 0.335625 0.3725 0.05375 0.058333333333333334
27 0.375625 0.3725 0.03625 0.06833333333333334
27 0.41500000000000004 0.3458333333333334 0.04 0.07166666666666667
27 0.4325 0.39666666666666667 0.0425 0.06666666666666667
27 0.31875000000000003 0.44583333333333336 0.055 0.065
27 0.353125 0.42833333333333334 0.02625 0.08
27 0.38 0.43000000000000005 0.035 0.05
27 0.414375 0.43083333333333335 0.03875 0.06833333333333334
27 0.413125 0.4708333333333334 0.03625 0.065
27 0.45375 0.46166666666666667 0.05 0.05333333333333334
27 0.39125 0.5241666666666667 0.045 0.07833333333333334
27 0.4675 0.5008333333333334 0.0575 0.04833333333333334
27 0.42375 0.5166666666666667 0.0475 0.043333333333333335
27 0.344375 0.5666666666666667 0.05625 0.043333333333333335
27 0.169375 0.6183333333333334 0.05625 0.06333333333333334
27 0.28875 0.64 0.045 0.07666666666666667
27 0.3125 0.7091666666666667 0.0425 0.055
27 0.33625 0.7075 0.035 0.06833333333333334
27 0.23375 0.8008333333333334 0.06 0.05166666666666667
27 0.325 0.8925000000000001 0.0575 0.04166666666666667
27 0.368125 0.6408333333333334 0.04625 0.07500000000000001
27 0.41125 0.6183333333333334 0.045 0.06333333333333334
27 0.410625 0.6716666666666667 0.05625 0.05
27 0.44875 0.6950000000000001 0.03 0.08
27 0.45125 0.6133333333333334 0.035 0.07333333333333333
27 0.49125 0.5675 0.035 0.065
27 0.525 0.6416666666666667 0.0625 0.04666666666666667
27 0.57875 0.9141666666666667 0.05 0.065
27 0.508125 0.77 0.03375 0.07
27 0.56625 0.8158333333333334 0.055 0.04833333333333334
27 0.6425 0.8150000000000001 0.06 0.05
27 0.520625 0.7291666666666667 0.05625 0.04166666666666667
27 0.55625 0.7233333333333334 0.045 0.05666666666666667
27 0.57375 0.7683333333333334 0.0375 0.060000000000000005
27 0.6118750000000001 0.7716666666666667 0.04625 0.03333333333333333
27 0.5650000000000001 0.6041666666666667 0.0525 0.04166666666666667
27 0.5725 0.6408333333333334 0.0425 0.04833333333333334
27 0.5962500000000001 0.6716666666666667 0.05 0.03666666666666667
27 0.568125 0.6883333333333334 0.04125 0.043333333333333335
27 0.52 0.505 0.0375 0.08
27 0.57375 0.5258333333333334 0.0575 0.05166666666666667
27 0.60375 0.5683333333333334 0.04 0.06666666666666667
27 0.644375 0.5700000000000001 0.03625 0.06333333333333334
27 0.658125 0.6175 0.04875 0.045000000000000005
27 0.610625 0.62 0.04875 0.04666666666666667
27 0.65375 0.6616666666666667 0.0425 0.05333333333333334
27 0.689375 0.6658333333333334 0.04625 0.05166666666666667
27 0.694375 0.7183333333333334 0.043750000000000004 0.05666666666666667
27 0.6675 0.7366666666666667 0.04 0.043333333333333335
27 0.61625 0.7250000000000001 0.045 0.03666666666666667
27 0.75125 0.7350000000000001 0.055 0.05666666666666667
27 0.758125 0.6833333333333333 0.06125 0.05
27 0.8043750000000001 0.5675 0.04875 0.058333333333333334
27 0.69125 0.5425 0.045 0.045000000000000005
27 0.685 0.4966666666666667 0.0475 0.05
27 0.63625 0.5041666666666667 0.0375 0.07166666666666667
27 0.7993750000000001 0.5016666666666667 0.03625 0.07333333333333333
27 0.758125 0.5266666666666667 0.043750000000000004 0.05666666666666667
27 0.67875 0.445 0.06 0.043333333333333335
27 0.74875 0.42250000000000004 0.05 0.04833333333333334
27 0.79 0.42583333333333334 0.0475 0.065
27 0.728125 0.46166666666666667 0.04125 0.05
27 0.745625 0.4841666666666667 0.043750000000000004 0.06166666666666667
27 0.824375 0.35333333333333333 0.043750000000000004 0.06333333333333334
27 0.699375 0.2966666666666667 0.043750000000000004 0.07333333333333333
27 0.49 0.3375 0.04 0.07833333333333334
27 0.561875 0.3091666666666667 0.058750000000000004 0.06166666666666667
27 0.5275 0.3383333333333334 0.0525 0.060000000000000005
27 0.531875 0.4058333333333334 0.051250000000000004 0.05166666666666667
27 0.5775 0.3666666666666667 0.03 0.06333333333333334
27 0.588125 0.4133333333333334 0.051250000000000004 0.04666666666666667
27 0.5856250000000001 0.45583333333333337 0.04625 0.07166666666666667
27 0.656875 0.33083333333333337 0.04125 0.065
27 0.669375 0.37083333333333335 0.03125 0.07833333333333334
27 0.6075 0.35583333333333333 0.0325 0.07500000000000001
27 0.63875 0.40166666666666667 0.05 0.07
27 0.70375 0.11916666666666667 0.06 0.045000000000000005
27 0.698125 0.15916666666666668 0.058750000000000004 0.055
27 0.5750000000000001 0.05166666666666667 0.0575 0.05666666666666667
27 0.603125 0.10166666666666667 0.06125 0.05333333333333334
27 0.624375 0.14833333333333334 0.06125 0.05333333333333334
27 0.56 0.17500000000000002 0.05 0.08333333333333334
27 0.521875 0.18166666666666667 0.03875 0.08
11 0.20125 0.7533333333333334 0.0525 0.05
11 0.48 0.6816666666666668 0.0475 0.07
11 0.46187500000000004 0.5491666666666667 0.03375 0.065
11 0.484375 0.6166666666666667 0.03625 0.07666666666666667
11 0.72875 0.5283333333333333 0.0325 0.06666666666666667
11 0.638125 0.35500000000000004 0.03375 0.07
11 0.436875 0.0675 0.03875 0.055
