18 0.216875 0.44333333333333336 0.01875 0.030000000000000002
19 0.23500000000000001 0.5966666666666667 0.045 0.05
19 0.351875 0.6325000000000001 0.04125 0.055
19 0.3575 0.68 0.04 0.05333333333333334
18 0.351875 0.8541666666666667 0.02125 0.03166666666666667
19 0.521875 0.7775000000000001 0.03125 0.035
18 0.48812500000000003 0.7183333333333334 0.02125 0.02666666666666667
18 0.465625 0.7208333333333333 0.02375 0.035
18 0.566875 0.6433333333333334 0.03125 0.030000000000000002
18 0.446875 0.5583333333333333 0.02125 0.043333333333333335
19 0.64875 0.4941666666666667 0.0475 0.05166666666666667
