7 0.47875 0.07500000000000001 0.105 0.08666666666666667
7 0.7175 0.14083333333333334 0.08750000000000001 0.135
7 0.9081250000000001 0.10833333333333334 0.08125 0.11666666666666667
7 0.844375 0.33916666666666667 0.09375 0.07833333333333334
7 0.8612500000000001 0.42083333333333334 0.0775 0.10500000000000001
7 0.3225 0.2275 0.075 0.125
7 0.291875 0.265 0.06625 0.11
7 0.22312500000000002 0.1925 0.10125 0.07833333333333334
7 0.2225 0.27166666666666667 0.095 0.08666666666666667
7 0.15125 0.27083333333333337 0.055 0.12166666666666667
7 0.121875 0.36000000000000004 0.10125 0.09000000000000001
7 0.231875 0.3691666666666667 0.10875 0.07833333333333334
7 0.206875 0.4525 0.08375 0.11833333333333335
7 0.099375 0.6000000000000001 0.06875 0.15666666666666668
7 0.2125 0.6041666666666667 0.06 0.13166666666666668
7 0.29812500000000003 0.5958333333333333 0.07625 0.12833333333333335
7 0.241875 0.7016666666666667 0.051250000000000004 0.14333333333333334
7 0.324375 0.7041666666666667 0.10625 0.08833333333333333
7 0.34 0.7675000000000001 0.105 0.09833333333333334
7 0.30312500000000003 0.8625 0.10625 0.10500000000000001
7 0.39625 0.8825000000000001 0.1225 0.065
7 0.47000000000000003 0.8491666666666667 0.11 0.065
7 0.44375000000000003 0.745 0.11750000000000001 0.11
7 0.505625 0.5991666666666667 0.10125 0.13166666666666668
7 0.6175 0.6075 0.09 0.12166666666666667
7 0.68875 0.6900000000000001 0.105 0.09333333333333334
7 0.754375 0.6441666666666667 0.09375 0.11833333333333335
7 0.7975 0.5941666666666667 0.07 0.10833333333333334
7 0.583125 0.885 0.05375 0.1
7 0.641875 0.9391666666666667 0.09375 0.11833333333333335
7 0.655625 0.935 0.08875 0.06666666666666667
7 0.509375 0.9233333333333333 0.05375 0.1
7 0.45687500000000003 0.9450000000000001 0.10125 0.06333333333333334
