20 0.519375 0.03916666666666667 0.043750000000000004 0.06166666666666667
20 0.529375 0.16583333333333333 0.03625 0.05166666666666667
20 0.500625 0.24666666666666667 0.03875 0.05
20 0.464375 0.26666666666666666 0.043750000000000004 0.05666666666666667
20 0.41625 0.29833333333333334 0.04 0.06333333333333334
20 0.375625 0.325 0.03375 0.05333333333333334
20 0.38125000000000003 0.2525 0.0325 0.055
20 0.439375 0.18000000000000002 0.04125 0.060000000000000005
20 0.3925 0.14916666666666667 0.0475 0.05166666666666667
20 0.336875 0.23500000000000001 0.043750000000000004 0.060000000000000005
20 0.319375 0.15916666666666668 0.04125 0.055
20 0.25875 0.10166666666666667 0.0375 0.060000000000000005
20 0.343125 0.10166666666666667 0.04125 0.04666666666666667
20 0.26687500000000003 0.33666666666666667 0.043750000000000004 0.06333333333333334
20 0.289375 0.3383333333333334 0.04125 0.05666666666666667
20 0.2475 0.2066666666666667 0.0575 0.05333333333333334
20 0.19125 0.3466666666666667 0.035 0.05666666666666667
20 0.225625 0.37083333333333335 0.03625 0.065
20 0.23625000000000002 0.41500000000000004 0.045 0.05333333333333334
20 0.1375 0.43083333333333335 0.035 0.045000000000000005
20 0.19187500000000002 0.4291666666666667 0.03625 0.08166666666666667
20 0.1675 0.4716666666666667 0.0425 0.06666666666666667
20 0.215 0.4683333333333334 0.0375 0.04666666666666667
20 0.20375000000000001 0.6566666666666667 0.0425 0.06333333333333334
20 0.199375 0.7075 0.04125 0.055
20 0.23625000000000002 0.675 0.035 0.06666666666666667
20 0.50875 0.8266666666666668 0.0475 0.06666666666666667
18 0.180625 0.5183333333333333 0.03125 0.04666666666666667
30 0.263125 0.49750000000000005 0.03375 0.03833333333333334
18 0.23500000000000001 0.2916666666666667 0.0425 0.05
20 0.67375 0.22416666666666668 0.045 0.06166666666666667
20 0.719375 0.195 0.04125 0.05333333333333334
20 0.815625 0.2016666666666667 0.03625 0.05666666666666667
20 0.570625 0.49833333333333335 0.04875 0.07
