11 0.240625 0.2366666666666667 0.04625 0.06666666666666667
11 0.25625 0.4391666666666667 0.0575 0.05166666666666667
11 0.3275 0.5158333333333334 0.0425 0.095
11 0.253125 0.5883333333333334 0.06625 0.06333333333333334
11 0.080625 0.6341666666666667 0.05625 0.055
11 0.388125 0.8150000000000001 0.04125 0.09000000000000001
11 0.43625 0.395 0.0625 0.05333333333333334
11 0.44 0.43833333333333335 0.07 0.043333333333333335
11 0.45937500000000003 0.47500000000000003 0.06125 0.05333333333333334
11 0.45687500000000003 0.32916666666666666 0.06375 0.06166666666666667
11 0.589375 0.11833333333333335 0.06375 0.05666666666666667
