11 0.310625 0.22416666666666668 0.04875 0.08833333333333333
11 0.199375 0.31583333333333335 0.06125 0.06166666666666667
11 0.19375 0.3791666666666667 0.0575 0.07166666666666667
11 0.168125 0.4133333333333334 0.06375 0.08
11 0.155 0.4816666666666667 0.0675 0.060000000000000005
11 0.384375 0.16333333333333333 0.05625 0.07333333333333333
11 0.42875 0.21750000000000003 0.0525 0.07500000000000001
11 0.373125 0.225 0.06125 0.06666666666666667
11 0.468125 0.25333333333333335 0.06375 0.05666666666666667
11 0.34625 0.2816666666666667 0.055 0.06666666666666667
11 0.401875 0.29000000000000004 0.04875 0.08333333333333334
11 0.36312500000000003 0.33666666666666667 0.043750000000000004 0.08666666666666667
11 0.3175 0.36250000000000004 0.0475 0.08833333333333333
11 0.53 0.35250000000000004 0.05 0.07500000000000001
11 0.485 0.38083333333333336 0.0425 0.08833333333333333
11 0.424375 0.375 0.051250000000000004 0.08333333333333334
11 0.403125 0.41750000000000004 0.058750000000000004 0.07500000000000001
11 0.375 0.4541666666666667 0.045 0.08833333333333333
11 0.33187500000000003 0.48833333333333334 0.058750000000000004 0.060000000000000005
11 0.478125 0.4625 0.06375 0.06833333333333334
11 0.448125 0.5166666666666667 0.05375 0.07333333333333333
11 0.443125 0.5833333333333334 0.05375 0.07666666666666667
11 0.35625 0.5366666666666667 0.0575 0.07333333333333333
11 0.6168750000000001 0.2733333333333334 0.04125 0.09000000000000001
11 0.663125 0.22166666666666668 0.06625 0.06666666666666667
11 0.71125 0.24416666666666667 0.045 0.08833333333333333
11 0.74 0.2391666666666667 0.055 0.09166666666666667
11 0.9087500000000001 0.1991666666666667 0.0375 0.09166666666666667
11 0.940625 0.305 0.051250000000000004 0.05333333333333334
11 0.9762500000000001 0.3416666666666667 0.0375 0.060000000000000005
11 0.97 0.3983333333333334 0.05 0.07666666666666667
11 0.68875 0.29583333333333334 0.04 0.06833333333333334
11 0.6675 0.35833333333333334 0.07 0.06666666666666667
11 0.634375 0.4216666666666667 0.06375 0.09000000000000001
11 0.728125 0.39916666666666667 0.06125 0.07833333333333334
11 0.87 0.6608333333333334 0.055 0.06833333333333334
11 0.829375 0.5941666666666667 0.051250000000000004 0.06833333333333334
11 0.74875 0.535 0.065 0.07
11 0.749375 0.6175 0.04125 0.09166666666666667
11 0.77125 0.6725000000000001 0.04 0.085
11 0.794375 0.7158333333333334 0.05625 0.085
11 0.5387500000000001 0.5458333333333334 0.05 0.09166666666666667
11 0.578125 0.5358333333333334 0.05625 0.08833333333333333
11 0.631875 0.5741666666666667 0.07125000000000001 0.06833333333333334
11 0.57625 0.6133333333333334 0.0625 0.07666666666666667
11 0.634375 0.6283333333333334 0.06375 0.060000000000000005
11 0.498125 0.6441666666666667 0.06625 0.06166666666666667
11 0.42812500000000003 0.6525000000000001 0.05375 0.06833333333333334
11 0.31125 0.56 0.04 0.08333333333333334
11 0.238125 0.5875 0.051250000000000004 0.085
11 0.134375 0.64 0.05375 0.07333333333333333
11 0.275625 0.61 0.04875 0.08333333333333334
11 0.22062500000000002 0.7241666666666667 0.058750000000000004 0.06833333333333334
11 0.265 0.6941666666666667 0.0525 0.095
11 0.305625 0.6391666666666667 0.03625 0.08166666666666667
11 0.33125 0.6791666666666667 0.045 0.085
11 0.3575 0.5925 0.06 0.058333333333333334
11 0.37 0.6391666666666667 0.065 0.055
11 0.38 0.6875 0.065 0.058333333333333334
11 0.36312500000000003 0.7375 0.04625 0.09166666666666667
11 0.328125 0.7466666666666667 0.05625 0.08333333333333334
11 0.135625 0.8016666666666667 0.05625 0.07
11 0.15937500000000002 0.8558333333333333 0.05625 0.06833333333333334
11 0.14 0.9241666666666667 0.065 0.07500000000000001
11 0.326875 0.8758333333333334 0.058750000000000004 0.065
11 0.395 0.8783333333333334 0.0575 0.07666666666666667
11 0.449375 0.9475 0.058750000000000004 0.07166666666666667
11 0.431875 0.75 0.06125 0.08333333333333334
11 0.4575 0.7991666666666667 0.0425 0.08166666666666667
11 0.4975 0.7408333333333333 0.075 0.055
11 0.5725 0.7300000000000001 0.06 0.05333333333333334
11 0.61875 0.7025 0.0475 0.095
11 0.541875 0.7583333333333334 0.043750000000000004 0.07333333333333333
11 0.49625 0.7925000000000001 0.0525 0.058333333333333334
11 0.5493750000000001 0.7975000000000001 0.04625 0.07500000000000001
11 0.506875 0.8383333333333334 0.05625 0.060000000000000005
11 0.505625 0.8733333333333334 0.051250000000000004 0.06333333333333334
11 0.5437500000000001 0.8691666666666668 0.04 0.08166666666666667
11 0.578125 0.8483333333333334 0.04625 0.08333333333333334
11 0.605625 0.7908333333333334 0.04125 0.08833333333333333
11 0.64 0.7908333333333334 0.0475 0.085
11 0.625 0.8475 0.0625 0.06166666666666667
11 0.618125 0.8916666666666667 0.06125 0.06333333333333334
11 0.68625 0.7775000000000001 0.06 0.065
11 0.683125 0.8458333333333334 0.06125 0.058333333333333334
11 0.7262500000000001 0.8141666666666667 0.0575 0.06166666666666667
11 0.744375 0.8550000000000001 0.05375 0.06333333333333334
11 0.770625 0.8966666666666667 0.058750000000000004 0.06666666666666667
