27 0.421875 0.30083333333333334 0.051250000000000004 0.045000000000000005
24 0.40750000000000003 0.25916666666666666 0.0625 0.06166666666666667
25 0.355625 0.2991666666666667 0.06875 0.07500000000000001
26 0.27187500000000003 0.25833333333333336 0.03625 0.03333333333333333
26 0.23500000000000001 0.29583333333333334 0.025 0.03833333333333334
26 0.294375 0.31083333333333335 0.03375 0.028333333333333335
18 0.306875 0.3225 0.03375 0.03833333333333334
18 0.263125 0.34500000000000003 0.02375 0.03666666666666667
18 0.449375 0.33083333333333337 0.03625 0.03166666666666667
18 0.51375 0.32083333333333336 0.035 0.025
26 0.115 0.4291666666666667 0.03 0.04166666666666667
26 0.114375 0.5233333333333333 0.02125 0.043333333333333335
18 0.28375 0.52 0.0325 0.04
18 0.310625 0.4708333333333334 0.02625 0.04166666666666667
18 0.263125 0.4891666666666667 0.03375 0.03166666666666667
26 0.20625000000000002 0.5725 0.025 0.03833333333333334
18 0.25875 0.5766666666666667 0.04 0.04666666666666667
18 0.38125000000000003 0.5425 0.0325 0.03166666666666667
18 0.525625 0.4666666666666667 0.03625 0.03333333333333333
18 0.3425 0.615 0.0325 0.04666666666666667
18 0.415625 0.6316666666666667 0.03125 0.030000000000000002
26 0.41375 0.6716666666666667 0.02 0.05333333333333334
26 0.466875 0.7025 0.02375 0.05166666666666667
18 0.34125 0.7366666666666667 0.035 0.043333333333333335
26 0.31375000000000003 0.7250000000000001 0.0275 0.03333333333333333
26 0.364375 0.9058333333333334 0.03125 0.04166666666666667
18 0.545 0.7791666666666667 0.025 0.03833333333333334
18 0.56625 0.7833333333333334 0.0375 0.030000000000000002
18 0.599375 0.8041666666666667 0.02875 0.045000000000000005
18 0.7075 0.8250000000000001 0.03 0.04666666666666667
23 0.61 0.7466666666666667 0.055 0.05666666666666667
11 0.6481250000000001 0.7541666666666668 0.04125 0.06833333333333334
11 0.7056250000000001 0.7508333333333334 0.04625 0.06166666666666667
11 0.7675000000000001 0.7583333333333334 0.0425 0.04666666666666667
11 0.765625 0.8008333333333334 0.04125 0.06166666666666667
26 0.689375 0.7875000000000001 0.02125 0.03833333333333334
18 0.6637500000000001 0.6583333333333333 0.0275 0.03666666666666667
18 0.734375 0.6816666666666668 0.02125 0.04
18 0.80125 0.665 0.03 0.04666666666666667
11 0.745 0.4416666666666667 0.05 0.05666666666666667
11 0.7775 0.5133333333333334 0.045 0.03666666666666667
11 0.795 0.54 0.0575 0.043333333333333335
19 0.780625 0.4516666666666667 0.04875 0.05333333333333334
19 0.7625000000000001 0.48333333333333334 0.045 0.05333333333333334
26 0.6793750000000001 0.5475 0.03625 0.04166666666666667
26 0.66125 0.3425 0.035 0.035
18 0.5543750000000001 0.5825 0.03375 0.04166666666666667
19 0.619375 0.5575 0.03875 0.055
19 0.525625 0.5441666666666667 0.04875 0.06833333333333334
25 0.601875 0.43583333333333335 0.07125000000000001 0.08166666666666667
11 0.78125 0.24000000000000002 0.0475 0.07
