11 0.1925 0.62 0.06 0.07333333333333333
11 0.28750000000000003 0.44083333333333335 0.0475 0.10500000000000001
11 0.373125 0.4708333333333334 0.06125 0.085
11 0.34750000000000003 0.5283333333333333 0.065 0.07666666666666667
11 0.325625 0.6333333333333334 0.05625 0.07333333333333333
11 0.435 0.6441666666666667 0.0525 0.09833333333333334
11 0.42625 0.36583333333333334 0.0725 0.058333333333333334
11 0.509375 0.3566666666666667 0.051250000000000004 0.08
11 0.5543750000000001 0.39583333333333337 0.04875 0.095
11 0.59125 0.30083333333333334 0.0475 0.085
11 0.738125 0.4841666666666667 0.051250000000000004 0.085
11 0.961875 0.6241666666666668 0.04875 0.07833333333333334
