11 0.043750000000000004 0.5541666666666667 0.0475 0.085
11 0.1525 0.5891666666666667 0.05 0.06833333333333334
11 0.326875 0.42250000000000004 0.06625 0.06166666666666667
11 0.37625000000000003 0.37833333333333335 0.06 0.08
11 0.42375 0.48500000000000004 0.0575 0.10666666666666667
11 0.50875 0.3791666666666667 0.0575 0.08166666666666667
11 0.494375 0.49083333333333334 0.06375 0.085
11 0.49312500000000004 0.5525 0.058750000000000004 0.07500000000000001
11 0.97375 0.3891666666666667 0.045 0.07833333333333334
18 0.29875 0.17 0.0375 0.05333333333333334
18 0.471875 0.0325 0.043750000000000004 0.04166666666666667
18 0.486875 0.09416666666666668 0.03125 0.055
