11 0.36 0.16666666666666669 0.035 0.03666666666666667
11 0.413125 0.14 0.03375 0.02666666666666667
11 0.43062500000000004 0.15333333333333335 0.03375 0.02666666666666667
11 0.463125 0.14083333333333334 0.01875 0.028333333333333335
11 0.446875 0.17916666666666667 0.03625 0.035
11 0.513125 0.155 0.02375 0.03666666666666667
11 0.51125 0.19 0.0325 0.04666666666666667
11 0.479375 0.2025 0.03875 0.03166666666666667
11 0.46187500000000004 0.22833333333333336 0.03375 0.030000000000000002
11 0.420625 0.2275 0.03375 0.028333333333333335
11 0.455 0.26416666666666666 0.0375 0.03166666666666667
11 0.47625 0.25916666666666666 0.0275 0.035
11 0.416875 0.26833333333333337 0.02625 0.04666666666666667
11 0.384375 0.21250000000000002 0.02125 0.045000000000000005
11 0.403125 0.18916666666666668 0.02125 0.04166666666666667
11 0.36562500000000003 0.21583333333333335 0.02625 0.045000000000000005
11 0.34750000000000003 0.23500000000000001 0.03 0.04
11 0.3275 0.21166666666666667 0.03 0.03333333333333333
11 0.304375 0.20916666666666667 0.02875 0.04166666666666667
11 0.28875 0.18333333333333335 0.0275 0.02666666666666667
11 0.28250000000000003 0.21500000000000002 0.0275 0.03333333333333333
11 0.264375 0.21666666666666667 0.02375 0.04666666666666667
11 0.343125 0.27666666666666667 0.02125 0.04666666666666667
11 0.378125 0.29583333333333334 0.03125 0.045000000000000005
11 0.43125 0.325 0.0325 0.043333333333333335
11 0.40625 0.33166666666666667 0.03 0.030000000000000002
11 0.34125 0.32666666666666666 0.04 0.03666666666666667
11 0.2175 0.30250000000000005 0.0325 0.03833333333333334
11 0.275 0.37000000000000005 0.0325 0.030000000000000002
11 0.39187500000000003 0.3816666666666667 0.03625 0.03333333333333333
11 0.410625 0.4516666666666667 0.03125 0.04
27 0.38875 0.4966666666666667 0.03 0.05
11 0.281875 0.4025 0.03375 0.03166666666666667
11 0.31625000000000003 0.4391666666666667 0.0325 0.028333333333333335
11 0.318125 0.47750000000000004 0.02875 0.045000000000000005
11 0.2725 0.43750000000000006 0.0175 0.04166666666666667
11 0.240625 0.4591666666666667 0.02125 0.05166666666666667
11 0.195 0.49333333333333335 0.0275 0.03666666666666667
11 0.31 0.54 0.035 0.03666666666666667
11 0.304375 0.5766666666666667 0.03375 0.03333333333333333
11 0.370625 0.5866666666666667 0.02625 0.05
11 0.215 0.6475000000000001 0.02 0.045000000000000005
11 0.45375 0.66 0.0375 0.04
11 0.50125 0.6725000000000001 0.025 0.04166666666666667
11 0.54875 0.68 0.025 0.04666666666666667
11 0.5625 0.6316666666666667 0.02 0.05
11 0.57625 0.6991666666666667 0.035 0.028333333333333335
11 0.596875 0.7141666666666667 0.02625 0.04166666666666667
11 0.58875 0.7491666666666668 0.0225 0.04166666666666667
11 0.61125 0.7558333333333334 0.0225 0.045000000000000005
11 0.535625 0.7258333333333333 0.03375 0.028333333333333335
11 0.48875 0.7416666666666667 0.025 0.04
11 0.44 0.7508333333333334 0.035 0.03166666666666667
11 0.480625 0.7808333333333334 0.03125 0.03833333333333334
11 0.51625 0.7875000000000001 0.0225 0.04833333333333334
11 0.450625 0.7883333333333333 0.03125 0.04
11 0.385 0.8425 0.02 0.04166666666666667
11 0.373125 0.8858333333333334 0.02875 0.03166666666666667
27 0.410625 0.8700000000000001 0.03375 0.03333333333333333
11 0.55625 0.8141666666666667 0.02 0.045000000000000005
11 0.5875 0.7825000000000001 0.0175 0.03166666666666667
11 0.593125 0.8058333333333334 0.02375 0.03833333333333334
11 0.631875 0.8133333333333334 0.01875 0.04
11 0.6425 0.8458333333333334 0.0325 0.028333333333333335
11 0.655625 0.7791666666666667 0.02125 0.04166666666666667
11 0.698125 0.76 0.02125 0.04
27 0.68375 0.6891666666666667 0.025 0.045000000000000005
11 0.71625 0.68 0.0375 0.02666666666666667
11 0.74 0.6666666666666667 0.0275 0.03333333333333333
11 0.713125 0.6416666666666667 0.03375 0.023333333333333334
11 0.73 0.7200000000000001 0.02 0.04
11 0.71125 0.5933333333333334 0.025 0.03666666666666667
11 0.686875 0.5808333333333334 0.02875 0.04833333333333334
11 0.708125 0.5608333333333334 0.02875 0.035
27 0.7275 0.545 0.0225 0.05
27 0.7468750000000001 0.5216666666666667 0.02375 0.043333333333333335
11 0.774375 0.5141666666666667 0.03375 0.03166666666666667
11 0.775625 0.5541666666666667 0.02875 0.04166666666666667
11 0.700625 0.53 0.03375 0.03333333333333333
11 0.7725 0.45083333333333336 0.0275 0.035
11 0.775 0.4216666666666667 0.0325 0.03333333333333333
11 0.766875 0.395 0.03375 0.030000000000000002
11 0.748125 0.375 0.02125 0.043333333333333335
11 0.7175 0.36833333333333335 0.0375 0.03333333333333333
11 0.678125 0.39583333333333337 0.03125 0.03166666666666667
11 0.6950000000000001 0.4241666666666667 0.0275 0.03166666666666667
11 0.70375 0.4391666666666667 0.0325 0.03166666666666667
11 0.69625 0.4633333333333334 0.04 0.03333333333333333
11 0.664375 0.41500000000000004 0.03375 0.04
11 0.65625 0.4658333333333334 0.0275 0.055
11 0.63375 0.4683333333333334 0.0225 0.05333333333333334
11 0.60375 0.44833333333333336 0.0375 0.030000000000000002
11 0.613125 0.48000000000000004 0.02625 0.04666666666666667
11 0.57875 0.4708333333333334 0.03 0.04166666666666667
11 0.56 0.44 0.025 0.04666666666666667
11 0.588125 0.42250000000000004 0.03375 0.028333333333333335
11 0.6175 0.39916666666666667 0.025 0.04833333333333334
11 0.63875 0.39666666666666667 0.0275 0.060000000000000005
11 0.588125 0.3925 0.03875 0.028333333333333335
11 0.555625 0.3775 0.03125 0.04833333333333334
11 0.571875 0.3383333333333334 0.03375 0.03666666666666667
11 0.6025 0.3425 0.025 0.045000000000000005
11 0.668125 0.3566666666666667 0.02125 0.04666666666666667
11 0.688125 0.335 0.02125 0.04666666666666667
27 0.646875 0.3491666666666667 0.02625 0.045000000000000005
11 0.5493750000000001 0.4666666666666667 0.02125 0.04666666666666667
11 0.53125 0.48333333333333334 0.035 0.043333333333333335
11 0.584375 0.5108333333333334 0.03375 0.035
11 0.59875 0.56 0.0275 0.05333333333333334
11 0.55625 0.5650000000000001 0.04 0.03333333333333333
11 0.550625 0.5166666666666667 0.01875 0.04666666666666667
11 0.515625 0.5033333333333334 0.02625 0.04666666666666667
11 0.50125 0.46416666666666667 0.0375 0.028333333333333335
11 0.49562500000000004 0.53 0.03125 0.04666666666666667
11 0.511875 0.5633333333333334 0.03875 0.03666666666666667
11 0.5125 0.5900000000000001 0.04 0.02666666666666667
11 0.511875 0.6158333333333333 0.03625 0.03166666666666667
11 0.494375 0.36583333333333334 0.03625 0.028333333333333335
11 0.46125 0.43083333333333335 0.035 0.03833333333333334
27 0.716875 0.26833333333333337 0.02125 0.04666666666666667
11 0.6950000000000001 0.28 0.0275 0.03333333333333333
11 0.664375 0.30083333333333334 0.02375 0.045000000000000005
11 0.663125 0.2575 0.02625 0.04833333333333334
11 0.6431250000000001 0.25833333333333336 0.02375 0.05
27 0.618125 0.25833333333333336 0.02625 0.04
27 0.61125 0.30583333333333335 0.0225 0.05166666666666667
11 0.623125 0.28750000000000003 0.03125 0.025
11 0.5925 0.3116666666666667 0.0325 0.04
11 0.625625 0.35083333333333333 0.02375 0.03833333333333334
11 0.566875 0.29250000000000004 0.03625 0.03166666666666667
11 0.5337500000000001 0.3075 0.0275 0.035
27 0.51 0.27083333333333337 0.03 0.04833333333333334
11 0.58875 0.27416666666666667 0.035 0.028333333333333335
11 0.600625 0.24083333333333334 0.03125 0.03833333333333334
11 0.59875 0.20916666666666667 0.0275 0.03833333333333334
11 0.64 0.21166666666666667 0.0225 0.043333333333333335
11 0.666875 0.22083333333333335 0.03125 0.03166666666666667
11 0.698125 0.2275 0.02625 0.045000000000000005
11 0.641875 0.17833333333333334 0.02125 0.02666666666666667
