19 0.336875 0.265 0.03125 0.05
19 0.309375 0.24500000000000002 0.03625 0.03666666666666667
28 0.264375 0.2316666666666667 0.03625 0.03666666666666667
28 0.281875 0.28500000000000003 0.03125 0.04666666666666667
19 0.2475 0.27 0.03 0.03666666666666667
19 0.419375 0.20083333333333334 0.03875 0.045000000000000005
11 0.41250000000000003 0.25916666666666666 0.025 0.058333333333333334
19 0.18937500000000002 0.385 0.03375 0.04
19 0.315 0.47250000000000003 0.04 0.058333333333333334
11 0.3625 0.5366666666666667 0.03 0.05
19 0.348125 0.6066666666666667 0.03375 0.03333333333333333
19 0.330625 0.5691666666666667 0.03875 0.04166666666666667
11 0.414375 0.6441666666666667 0.02625 0.06833333333333334
11 0.429375 0.7225 0.043750000000000004 0.03833333333333334
11 0.24 0.6216666666666667 0.03 0.04666666666666667
19 0.388125 0.7258333333333333 0.03875 0.03833333333333334
19 0.28625 0.7566666666666667 0.0275 0.043333333333333335
19 0.431875 0.7766666666666667 0.04125 0.04666666666666667
28 0.458125 0.8541666666666667 0.03375 0.058333333333333334
19 0.550625 0.8091666666666667 0.04875 0.05166666666666667
19 0.50875 0.8066666666666668 0.04 0.03666666666666667
19 0.6218750000000001 0.7475 0.043750000000000004 0.04833333333333334
19 0.64875 0.7691666666666667 0.0325 0.04166666666666667
19 0.655625 0.7241666666666667 0.02375 0.04833333333333334
19 0.689375 0.6983333333333334 0.02375 0.03666666666666667
19 0.6875 0.6541666666666667 0.0275 0.04833333333333334
21 0.706875 0.745 0.04125 0.043333333333333335
28 0.5856250000000001 0.7358333333333333 0.04875 0.058333333333333334
19 0.604375 0.6516666666666667 0.03625 0.060000000000000005
19 0.7056250000000001 0.63 0.03125 0.06333333333333334
19 0.6925 0.5783333333333334 0.0225 0.04666666666666667
19 0.663125 0.5941666666666667 0.03625 0.045000000000000005
19 0.633125 0.5875 0.03375 0.04833333333333334
19 0.65375 0.55 0.03 0.06333333333333334
19 0.6225 0.5475 0.0325 0.058333333333333334
19 0.553125 0.5691666666666667 0.043750000000000004 0.04166666666666667
11 0.529375 0.6116666666666667 0.051250000000000004 0.043333333333333335
19 0.548125 0.6841666666666667 0.04125 0.04833333333333334
21 0.433125 0.5658333333333334 0.05625 0.07166666666666667
19 0.595625 0.5025000000000001 0.02875 0.058333333333333334
11 0.601875 0.4516666666666667 0.03125 0.06666666666666667
11 0.76125 0.5158333333333334 0.0275 0.058333333333333334
19 0.770625 0.5475 0.03125 0.04833333333333334
11 0.6825 0.36000000000000004 0.0425 0.043333333333333335
19 0.646875 0.2841666666666667 0.03625 0.06166666666666667
19 0.62625 0.3175 0.0375 0.045000000000000005
25 0.6 0.2991666666666667 0.0425 0.055
11 0.540625 0.27 0.04125 0.03666666666666667
24 0.62625 0.22166666666666668 0.0425 0.060000000000000005
19 0.59 0.2025 0.0275 0.055
21 0.47000000000000003 0.2225 0.0475 0.06166666666666667
19 0.4975 0.16833333333333333 0.055 0.05
