20 0.228125 0.16333333333333333 0.04125 0.043333333333333335
20 0.30125 0.17750000000000002 0.0425 0.058333333333333334
20 0.3675 0.1675 0.03 0.06833333333333334
20 0.37875000000000003 0.18166666666666667 0.0375 0.05
20 0.435625 0.155 0.03875 0.060000000000000005
20 0.40750000000000003 0.1975 0.0425 0.04833333333333334
20 0.3925 0.225 0.0475 0.060000000000000005
20 0.336875 0.20083333333333334 0.03625 0.055
20 0.49062500000000003 0.26083333333333336 0.04625 0.065
20 0.45625 0.2891666666666667 0.03 0.058333333333333334
20 0.505625 0.32333333333333336 0.05375 0.05666666666666667
20 0.46125 0.3458333333333334 0.0275 0.058333333333333334
20 0.164375 0.29833333333333334 0.04125 0.07666666666666667
20 0.28625 0.2791666666666667 0.055 0.04833333333333334
20 0.3025 0.25916666666666666 0.0425 0.05166666666666667
20 0.3525 0.27083333333333337 0.0325 0.05166666666666667
20 0.386875 0.26 0.03625 0.05666666666666667
20 0.37125 0.35083333333333333 0.04 0.055
20 0.318125 0.305 0.03875 0.05333333333333334
20 0.338125 0.33666666666666667 0.06875 0.07666666666666667
19 0.295 0.3375 0.0475 0.07166666666666667
20 0.196875 0.3433333333333334 0.03625 0.05
20 0.15375 0.3841666666666667 0.0325 0.058333333333333334
20 0.176875 0.37833333333333335 0.02875 0.05666666666666667
20 0.36625 0.41583333333333333 0.0475 0.07166666666666667
20 0.286875 0.3925 0.03375 0.055
20 0.15687500000000001 0.4758333333333334 0.04125 0.058333333333333334
20 0.194375 0.45083333333333336 0.03875 0.04833333333333334
20 0.19625 0.47500000000000003 0.045 0.04666666666666667
20 0.25875 0.46 0.0475 0.05
20 0.3 0.4491666666666667 0.04 0.04833333333333334
20 0.304375 0.49083333333333334 0.03375 0.06166666666666667
20 0.36 0.4916666666666667 0.04 0.06333333333333334
20 0.285625 0.5291666666666667 0.04625 0.04166666666666667
20 0.301875 0.5541666666666667 0.04625 0.04166666666666667
20 0.299375 0.6108333333333333 0.04625 0.058333333333333334
20 0.1525 0.625 0.0325 0.060000000000000005
20 0.13375 0.6825 0.045 0.06166666666666667
20 0.235625 0.6275000000000001 0.043750000000000004 0.04833333333333334
20 0.26375 0.645 0.04 0.04
20 0.23750000000000002 0.67 0.0475 0.05333333333333334
20 0.241875 0.7058333333333334 0.03125 0.04833333333333334
20 0.18 0.7150000000000001 0.035 0.07
20 0.143125 0.7425 0.043750000000000004 0.055
20 0.144375 0.7825000000000001 0.04125 0.04833333333333334
20 0.22375 0.8425 0.0275 0.058333333333333334
20 0.234375 0.7458333333333333 0.03625 0.058333333333333334
20 0.270625 0.7616666666666667 0.03375 0.05333333333333334
20 0.3525 0.7191666666666667 0.0425 0.065
20 0.451875 0.6325000000000001 0.058750000000000004 0.09166666666666667
20 0.503125 0.6725000000000001 0.051250000000000004 0.05166666666666667
20 0.5337500000000001 0.6608333333333334 0.0475 0.065
20 0.388125 0.7400000000000001 0.03875 0.07
20 0.37625000000000003 0.7766666666666667 0.055 0.06666666666666667
20 0.42562500000000003 0.7825000000000001 0.03875 0.06166666666666667
20 0.34125 0.8 0.045 0.05333333333333334
20 0.294375 0.92 0.05375 0.06333333333333334
20 0.3125 0.8650000000000001 0.0375 0.060000000000000005
20 0.34875 0.8525 0.0425 0.065
20 0.393125 0.8625 0.04625 0.058333333333333334
20 0.34750000000000003 0.93 0.0475 0.04
20 0.39375 0.9516666666666668 0.04 0.05
20 0.458125 0.8300000000000001 0.03375 0.043333333333333335
20 0.50125 0.8716666666666667 0.0575 0.05333333333333334
20 0.61375 0.9241666666666667 0.0425 0.035
20 0.59375 0.9816666666666667 0.0425 0.03333333333333333
20 0.691875 0.9216666666666667 0.03875 0.04666666666666667
20 0.6275000000000001 0.8675 0.035 0.055
20 0.691875 0.8483333333333334 0.04125 0.04666666666666667
20 0.748125 0.8650000000000001 0.043750000000000004 0.060000000000000005
20 0.655625 0.7466666666666667 0.051250000000000004 0.07
20 0.714375 0.7725000000000001 0.03375 0.06166666666666667
20 0.7275 0.7116666666666667 0.045 0.05
20 0.709375 0.6641666666666667 0.03875 0.06166666666666667
20 0.74625 0.6591666666666667 0.045 0.065
20 0.78125 0.6475000000000001 0.035 0.06166666666666667
20 0.8375 0.6733333333333333 0.0375 0.06333333333333334
20 0.8562500000000001 0.6775 0.03 0.058333333333333334
20 0.86 0.6091666666666667 0.0525 0.05166666666666667
20 0.888125 0.6041666666666667 0.04125 0.05166666666666667
20 0.83875 0.5850000000000001 0.0475 0.07
20 0.85 0.5325000000000001 0.045 0.05166666666666667
20 0.841875 0.4566666666666667 0.051250000000000004 0.04666666666666667
23 0.963125 0.7683333333333334 0.043750000000000004 0.07333333333333333
20 0.826875 0.24416666666666667 0.03875 0.04833333333333334
20 0.709375 0.29083333333333333 0.043750000000000004 0.058333333333333334
20 0.640625 0.25083333333333335 0.05375 0.06166666666666667
20 0.57625 0.1675 0.05 0.055
20 0.541875 0.11583333333333334 0.043750000000000004 0.055
20 0.51625 0.0625 0.0375 0.04166666666666667
19 0.381875 0.6708333333333334 0.05375 0.07833333333333334
23 0.46625 0.7816666666666667 0.055 0.08333333333333334
26 0.701875 0.75 0.03375 0.06666666666666667
