19 0.59375 0.21166666666666667 0.0425 0.06333333333333334
24 0.68875 0.2391666666666667 0.065 0.04166666666666667
19 0.6175 0.225 0.04 0.060000000000000005
19 0.6425 0.23333333333333334 0.03 0.04666666666666667
19 0.628125 0.17333333333333334 0.03375 0.060000000000000005
19 0.595 0.3216666666666667 0.0475 0.06333333333333334
23 0.609375 0.3358333333333334 0.03625 0.045000000000000005
23 0.516875 0.35833333333333334 0.04875 0.05333333333333334
19 0.66 0.33 0.0375 0.05333333333333334
23 0.78625 0.2541666666666667 0.0325 0.04833333333333334
23 0.73625 0.24416666666666667 0.04 0.055
23 0.6975 0.3716666666666667 0.045 0.060000000000000005
23 0.764375 0.38 0.03375 0.04666666666666667
23 0.7775 0.4491666666666667 0.045 0.058333333333333334
23 0.67625 0.44 0.0275 0.03666666666666667
23 0.625 0.4033333333333334 0.05 0.05333333333333334
23 0.589375 0.4241666666666667 0.04125 0.058333333333333334
22 0.7175 0.155 0.0375 0.016666666666666666
