27 0.311875 0.26916666666666667 0.03125 0.055
27 0.47250000000000003 0.24750000000000003 0.025 0.055
27 0.501875 0.2541666666666667 0.043750000000000004 0.035
27 0.645625 0.36083333333333334 0.04125 0.035
27 0.633125 0.315 0.02625 0.05333333333333334
27 0.460625 0.6016666666666667 0.03875 0.04666666666666667
27 0.528125 0.6375000000000001 0.02875 0.05166666666666667
27 0.449375 0.6858333333333334 0.03625 0.04166666666666667
27 0.52625 0.7100000000000001 0.0375 0.030000000000000002
27 0.48625 0.75 0.025 0.043333333333333335
27 0.645 0.7866666666666667 0.035 0.04666666666666667
11 0.62375 0.19166666666666668 0.0475 0.03666666666666667
11 0.5806250000000001 0.2391666666666667 0.03375 0.025
11 0.68375 0.3841666666666667 0.0275 0.04833333333333334
11 0.730625 0.47250000000000003 0.03375 0.035
11 0.7468750000000001 0.5208333333333334 0.02875 0.055
11 0.533125 0.5608333333333334 0.03125 0.04833333333333334
11 0.576875 0.685 0.03375 0.05333333333333334
11 0.37875000000000003 0.6258333333333334 0.035 0.05166666666666667
11 0.376875 0.4191666666666667 0.02875 0.04833333333333334
19 0.261875 0.34750000000000003 0.02625 0.06166666666666667
19 0.364375 0.1925 0.03875 0.04166666666666667
19 0.43375 0.25 0.0375 0.05333333333333334
19 0.48 0.18833333333333335 0.035 0.05666666666666667
19 0.50625 0.17083333333333334 0.035 0.06166666666666667
19 0.545625 0.17833333333333334 0.03875 0.05333333333333334
19 0.509375 0.20750000000000002 0.04125 0.045000000000000005
19 0.5337500000000001 0.2366666666666667 0.0375 0.06333333333333334
19 0.56 0.21916666666666668 0.035 0.065
19 0.594375 0.22 0.03375 0.05
19 0.62625 0.21916666666666668 0.0325 0.03833333333333334
19 0.563125 0.32583333333333336 0.03875 0.07833333333333334
19 0.6012500000000001 0.29500000000000004 0.025 0.07666666666666667
19 0.64125 0.26416666666666666 0.05 0.04166666666666667
19 0.68375 0.2775 0.045 0.05166666666666667
19 0.6475 0.30333333333333334 0.0325 0.043333333333333335
19 0.671875 0.315 0.02125 0.060000000000000005
19 0.7312500000000001 0.3383333333333334 0.0375 0.04666666666666667
19 0.7075 0.3741666666666667 0.0325 0.045000000000000005
19 0.5906250000000001 0.36833333333333335 0.03625 0.05333333333333334
19 0.5650000000000001 0.3866666666666667 0.035 0.05
19 0.59125 0.42083333333333334 0.0375 0.04166666666666667
19 0.6075 0.4466666666666667 0.0425 0.05
19 0.678125 0.43250000000000005 0.04125 0.055
19 0.7075 0.4525 0.035 0.06166666666666667
19 0.749375 0.40166666666666667 0.03375 0.043333333333333335
19 0.64625 0.5075000000000001 0.04 0.04166666666666667
19 0.67875 0.49583333333333335 0.02 0.045000000000000005
19 0.68875 0.515 0.02 0.04666666666666667
19 0.71625 0.5208333333333334 0.035 0.03833333333333334
19 0.719375 0.5475 0.03625 0.03833333333333334
19 0.719375 0.5816666666666667 0.04125 0.043333333333333335
19 0.74125 0.6075 0.0325 0.055
19 0.71875 0.63 0.03 0.05333333333333334
19 0.68375 0.6283333333333334 0.0425 0.04
19 0.6475 0.5650000000000001 0.03 0.05
19 0.6475 0.62 0.0375 0.06333333333333334
19 0.71625 0.675 0.0325 0.04
19 0.6375000000000001 0.6983333333333334 0.0275 0.05
19 0.659375 0.7116666666666667 0.03375 0.060000000000000005
19 0.5593750000000001 0.6608333333333334 0.03625 0.07500000000000001
19 0.536875 0.6791666666666667 0.04625 0.058333333333333334
19 0.5725 0.7616666666666667 0.04 0.04666666666666667
19 0.589375 0.7925000000000001 0.04875 0.045000000000000005
19 0.58875 0.8350000000000001 0.0325 0.05
19 0.5 0.8275 0.03 0.03833333333333334
19 0.486875 0.8591666666666667 0.04125 0.045000000000000005
19 0.4475 0.805 0.0425 0.05
19 0.44125000000000003 0.8550000000000001 0.0375 0.03666666666666667
19 0.40750000000000003 0.8116666666666668 0.04 0.05
19 0.38625 0.8233333333333334 0.0275 0.03666666666666667
19 0.346875 0.8250000000000001 0.03375 0.05666666666666667
19 0.3225 0.7941666666666667 0.04 0.055
19 0.359375 0.7366666666666667 0.03375 0.043333333333333335
19 0.4275 0.7358333333333333 0.0375 0.045000000000000005
19 0.46125 0.76 0.035 0.05
19 0.410625 0.7766666666666667 0.03875 0.05
19 0.35000000000000003 0.6808333333333334 0.035 0.07166666666666667
19 0.27375 0.7525000000000001 0.0275 0.04833333333333334
19 0.408125 0.6616666666666667 0.05625 0.05
19 0.44625000000000004 0.6308333333333334 0.04 0.03833333333333334
19 0.4825 0.6391666666666667 0.0425 0.03833333333333334
21 0.403125 0.8500000000000001 0.04625 0.05333333333333334
19 0.453125 0.43250000000000005 0.043750000000000004 0.045000000000000005
