7 0.506681 0.354596 0.076847 0.168829
7 0.301394 0.426950 0.063330 0.138891
7 0.357526 0.365733 0.138045 0.060604
7 0.428408 0.599105 0.071158 0.177148
7 0.504546 0.603265 0.059773 0.182135
7 0.372194 0.732174 0.136620 0.093980
7 0.443707 0.828645 0.074715 0.187126
5 0.075115 0.668134 0.106022 0.087326
0 0.028509 0.447741 0.056925 0.079011
5 0.171187 0.631270 0.089770 0.066417
5 0.219574 0.694802 0.061357 0.113583
5 0.580913 0.583381 0.054357 0.111179
4 0.276069 0.699036 0.061357 0.122728
7 0.265459 0.124222 0.145160 0.093980
7 0.430187 0.237745 0.059060 0.181302
7 0.629781 0.305526 0.074002 0.173816
7 0.600251 0.468116 0.076138 0.164671
