24 0.356875 0.03916666666666667 0.051250000000000004 0.08166666666666667
24 0.306875 0.03916666666666667 0.058750000000000004 0.05166666666666667
24 0.264375 0.0775 0.058750000000000004 0.07166666666666667
24 0.2 0.16083333333333336 0.0525 0.08166666666666667
24 0.15125 0.23083333333333333 0.0375 0.095
24 0.113125 0.2991666666666667 0.04875 0.085
24 0.50375 0.13833333333333334 0.0675 0.05333333333333334
24 0.445625 0.26833333333333337 0.04625 0.07666666666666667
24 0.5325 0.31083333333333335 0.0575 0.085
24 0.369375 0.7308333333333333 0.06875 0.08833333333333333
24 0.498125 0.7591666666666668 0.06875 0.08833333333333333
24 0.431875 0.665 0.051250000000000004 0.09000000000000001
24 0.23625000000000002 0.6933333333333334 0.0525 0.08
24 0.214375 0.7108333333333334 0.03875 0.07500000000000001
24 0.274375 0.785 0.058750000000000004 0.1
24 0.3375 0.7858333333333334 0.055 0.09833333333333334
24 0.3175 0.8758333333333334 0.0675 0.08833333333333333
24 0.276875 0.9666666666666667 0.06375 0.06333333333333334
24 0.429375 0.9558333333333334 0.06375 0.058333333333333334
24 0.385625 0.8108333333333334 0.043750000000000004 0.08166666666666667
24 0.41875 0.8191666666666667 0.025 0.09833333333333334
24 0.4425 0.8433333333333334 0.05 0.09000000000000001
24 0.505 0.8408333333333334 0.0475 0.055
24 0.48812500000000003 0.9366666666666668 0.058750000000000004 0.07
24 0.636875 0.9433333333333334 0.051250000000000004 0.08333333333333334
23 0.56375 0.8616666666666667 0.0625 0.07333333333333333
21 0.5225 0.8 0.0775 0.05333333333333334
21 0.601875 0.5733333333333334 0.058750000000000004 0.08666666666666667
21 0.631875 0.4866666666666667 0.05625 0.1
24 0.5575 0.6966666666666667 0.045 0.09333333333333334
24 0.600625 0.6900000000000001 0.04125 0.09000000000000001
24 0.6637500000000001 0.7350000000000001 0.07 0.07
24 0.663125 0.6866666666666668 0.06875 0.05666666666666667
24 0.71125 0.6641666666666667 0.0775 0.07833333333333334
24 0.749375 0.5675 0.06125 0.08166666666666667
24 0.683125 0.5583333333333333 0.03625 0.09000000000000001
24 0.714375 0.53 0.06125 0.07
24 0.5925 0.5175000000000001 0.0675 0.06833333333333334
24 0.5325 0.47250000000000003 0.07 0.095
24 0.5750000000000001 0.3975 0.0725 0.065
24 0.67625 0.42583333333333334 0.06 0.06833333333333334
24 0.76 0.43000000000000005 0.0725 0.08333333333333334
24 0.7725 0.385 0.035 0.08666666666666667
24 0.708125 0.21000000000000002 0.06625 0.06666666666666667
24 0.645 0.24833333333333335 0.055 0.08333333333333334
24 0.5925 0.23583333333333334 0.0525 0.08166666666666667
24 0.61625 0.12000000000000001 0.045 0.07666666666666667
21 0.6425 0.18166666666666667 0.075 0.07333333333333333
24 0.70875 0.04083333333333333 0.045 0.085
21 0.8250000000000001 0.22166666666666668 0.0725 0.06666666666666667
21 0.646875 0.3408333333333334 0.08125 0.065
24 0.589375 0.35083333333333333 0.05625 0.085
24 0.7837500000000001 0.5158333333333334 0.03 0.08166666666666667
20 0.725625 0.3983333333333334 0.03125 0.05
24 0.760625 0.7758333333333334 0.06625 0.065
21 0.1525 0.4441666666666667 0.06 0.09833333333333334
18 0.261875 0.5966666666666667 0.02625 0.05666666666666667
21 0.17125 0.805 0.055 0.09333333333333334
21 0.1625 0.1 0.0575 0.08666666666666667
