27 0.535625 0.058333333333333334 0.06375 0.05666666666666667
27 0.58625 0.08416666666666667 0.0475 0.065
27 0.236875 0.14416666666666667 0.043750000000000004 0.04166666666666667
27 0.273125 0.13083333333333333 0.04125 0.065
27 0.289375 0.17583333333333334 0.03625 0.065
27 0.39125 0.17416666666666666 0.075 0.058333333333333334
27 0.3125 0.2391666666666667 0.0475 0.045000000000000005
27 0.313125 0.27666666666666667 0.03875 0.06666666666666667
27 0.3375 0.3241666666666667 0.04 0.07500000000000001
27 0.37125 0.305 0.055 0.07333333333333333
27 0.441875 0.26583333333333337 0.04125 0.07500000000000001
27 0.420625 0.32083333333333336 0.058750000000000004 0.055
27 0.481875 0.3225 0.04625 0.058333333333333334
27 0.58 0.31333333333333335 0.04 0.08666666666666667
27 0.8093750000000001 0.30583333333333335 0.04125 0.06833333333333334
27 0.731875 0.23750000000000002 0.043750000000000004 0.07833333333333334
27 0.719375 0.30583333333333335 0.058750000000000004 0.04166666666666667
27 0.734375 0.3491666666666667 0.05375 0.04833333333333334
27 0.810625 0.4291666666666667 0.04125 0.085
27 0.78625 0.5116666666666667 0.055 0.05333333333333334
27 0.7518750000000001 0.5525 0.05625 0.058333333333333334
27 0.8300000000000001 0.6191666666666668 0.055 0.045000000000000005
27 0.48625 0.4066666666666667 0.0375 0.08
27 0.52625 0.41250000000000003 0.0675 0.05166666666666667
27 0.60375 0.43500000000000005 0.0575 0.05
27 0.633125 0.4625 0.058750000000000004 0.055
27 0.64 0.5091666666666667 0.0525 0.04833333333333334
27 0.698125 0.5341666666666667 0.06375 0.06833333333333334
27 0.658125 0.5950000000000001 0.043750000000000004 0.07666666666666667
27 0.718125 0.5966666666666667 0.05375 0.07
27 0.35000000000000003 0.4566666666666667 0.035 0.09000000000000001
27 0.19625 0.53 0.0675 0.060000000000000005
27 0.431875 0.44 0.051250000000000004 0.07
27 0.46625 0.48250000000000004 0.07 0.065
27 0.414375 0.49750000000000005 0.03875 0.085
27 0.444375 0.5700000000000001 0.03875 0.07333333333333333
27 0.476875 0.5491666666666667 0.03375 0.08833333333333333
27 0.52 0.5283333333333333 0.05 0.04666666666666667
27 0.5750000000000001 0.48333333333333334 0.0375 0.05333333333333334
27 0.57375 0.535 0.04 0.08
27 0.5525 0.5658333333333334 0.04 0.06166666666666667
27 0.5493750000000001 0.64 0.05625 0.05
27 0.645625 0.6858333333333334 0.051250000000000004 0.045000000000000005
27 0.686875 0.7216666666666667 0.058750000000000004 0.05666666666666667
27 0.571875 0.8025000000000001 0.05625 0.06166666666666667
27 0.341875 0.7825000000000001 0.06375 0.045000000000000005
11 0.233125 0.7383333333333334 0.05625 0.05666666666666667
11 0.3775 0.6908333333333334 0.055 0.03833333333333334
11 0.42375 0.6958333333333334 0.04 0.07833333333333334
11 0.58625 0.7466666666666667 0.04 0.07
11 0.59875 0.6591666666666667 0.035 0.058333333333333334
11 0.5825 0.3983333333333334 0.06 0.05333333333333334
11 0.645 0.29500000000000004 0.0375 0.08333333333333334
11 0.695625 0.22916666666666669 0.04875 0.055
11 0.373125 0.48333333333333334 0.03125 0.07666666666666667
27 0.374375 0.6516666666666667 0.04875 0.05333333333333334
27 0.403125 0.6216666666666667 0.03625 0.06666666666666667
27 0.3975 0.5658333333333334 0.055 0.055
18 0.351875 0.5458333333333334 0.03375 0.025
18 0.36 0.5725 0.03 0.035
18 0.404375 0.5658333333333334 0.02375 0.035
18 0.2225 0.765 0.0325 0.04666666666666667
18 0.6218750000000001 0.7250000000000001 0.02125 0.043333333333333335
18 0.505 0.36250000000000004 0.04 0.045000000000000005
19 0.3575 0.8166666666666668 0.0425 0.05
