22 0.43125 0.2625 0.0475 0.03166666666666667
22 0.39187500000000003 0.3041666666666667 0.02875 0.055
22 0.358125 0.6425000000000001 0.043750000000000004 0.03833333333333334
22 0.36375 0.7016666666666667 0.0425 0.03666666666666667
11 0.40125 0.745 0.045 0.08333333333333334
22 0.54625 0.8466666666666667 0.0525 0.04
22 0.5125 0.9016666666666667 0.0375 0.04666666666666667
22 0.610625 0.61 0.02375 0.060000000000000005
22 0.5175 0.42750000000000005 0.04 0.058333333333333334
22 0.796875 0.5458333333333334 0.08375 0.06166666666666667
22 0.525 0.2941666666666667 0.04 0.045000000000000005
22 0.604375 0.37083333333333335 0.02875 0.065
22 0.6325000000000001 0.3566666666666667 0.025 0.05666666666666667
22 0.620625 0.29833333333333334 0.02375 0.05666666666666667
22 0.71 0.335 0.0225 0.06333333333333334
22 0.67625 0.23833333333333334 0.03 0.06333333333333334
22 0.640625 0.22916666666666669 0.03875 0.025
22 0.645625 0.19333333333333336 0.03125 0.02666666666666667
22 0.6168750000000001 0.19333333333333336 0.03125 0.043333333333333335
22 0.550625 0.1925 0.03625 0.04166666666666667
22 0.6075 0.13166666666666668 0.04 0.03666666666666667
22 0.658125 0.14500000000000002 0.02125 0.060000000000000005
22 0.70625 0.195 0.0425 0.04666666666666667
22 0.76125 0.17583333333333334 0.0425 0.03833333333333334
22 0.75625 0.10333333333333335 0.0175 0.05333333333333334
22 0.678125 0.085 0.03625 0.04666666666666667
22 0.614375 0.08333333333333334 0.03625 0.04
22 0.49625 0.11333333333333334 0.0375 0.05333333333333334
22 0.658125 0.011666666666666667 0.03625 0.02666666666666667
11 0.531875 0.165 0.04875 0.05666666666666667
11 0.76875 0.25833333333333336 0.07 0.07
11 0.784375 0.09000000000000001 0.03625 0.060000000000000005
22 0.9175 0.18500000000000003 0.035 0.03666666666666667
22 0.88625 0.2325 0.03 0.055
22 0.85375 0.36000000000000004 0.0375 0.030000000000000002
22 0.854375 0.53 0.02375 0.05666666666666667
22 0.8931250000000001 0.5108333333333334 0.03625 0.045000000000000005
18 0.1875 0.335 0.03 0.05333333333333334
