20 0.36312500000000003 0.14166666666666666 0.03875 0.060000000000000005
7 0.400625 0.24000000000000002 0.07125000000000001 0.1366666666666667
7 0.348125 0.30083333333333334 0.09625 0.07833333333333334
7 0.226875 0.3141666666666667 0.058750000000000004 0.14500000000000002
7 0.33125 0.49583333333333335 0.0525 0.15833333333333335
7 0.264375 0.47000000000000003 0.10125 0.08333333333333334
7 0.29625 0.5708333333333334 0.1 0.135
7 0.229375 0.545 0.09125 0.14
7 0.646875 0.7833333333333334 0.09375 0.08666666666666667
7 0.450625 0.6833333333333333 0.07875 0.17333333333333334
7 0.3775 0.37333333333333335 0.1075 0.12333333333333334
7 0.463125 0.35000000000000003 0.07375 0.18000000000000002
