17 0.230321 0.266908 0.079458 0.093561
17 0.672974 0.598398 0.103178 0.089403
17 0.300884 0.234682 0.069972 0.098414
15 0.305034 0.114091 0.117407 0.091484
15 0.214904 0.167108 0.094874 0.108810
15 0.349508 0.439132 0.104364 0.117821
15 0.246626 0.623487 0.132232 0.087323
15 0.200968 0.550715 0.107326 0.070691
15 0.201561 0.472055 0.112073 0.076930
15 0.273014 0.390620 0.115036 0.108116
15 0.697284 0.385075 0.110884 0.092870
15 0.881402 0.337601 0.090131 0.107425
15 0.562384 0.052061 0.093688 0.093565
17 0.569558 0.439342 0.104364 0.092179
