1 0.588830 0.460781 0.059160 0.059680
1 0.812327 0.344308 0.045284 0.039466
1 0.822919 0.399897 0.041632 0.065939
1 0.591935 0.359468 0.033963 0.053424
1 0.635210 0.363321 0.046016 0.058236
1 0.535695 0.434071 0.039076 0.052459
1 0.753167 0.598671 0.025566 0.053420
1 0.778912 0.831856 0.039073 0.045239
1 0.737463 0.825119 0.032136 0.107809
1 0.711352 0.918970 0.037615 0.054864
1 0.614575 0.828488 0.031773 0.050055
1 0.543546 0.851829 0.050399 0.033211
1 0.560893 0.826803 0.047108 0.036097
1 0.567648 0.796242 0.041632 0.045239
1 0.495890 0.848701 0.028851 0.063531
1 0.465579 0.860253 0.029580 0.064492
1 0.540807 0.885040 0.053681 0.036097
1 0.607820 0.899237 0.048206 0.035619
1 0.588831 0.874450 0.035059 0.045722
1 0.730159 0.738003 0.054047 0.048130
1 0.778365 0.868195 0.032865 0.063049
1 0.771061 0.981625 0.056241 0.036750
1 0.526359 0.927604 0.042595 0.063068
1 0.474034 0.944583 0.031554 0.080395
1 0.409352 0.681568 0.046277 0.039506
1 0.517420 0.787258 0.043648 0.065144
1 0.534247 0.727309 0.039439 0.085247
1 0.494544 0.608794 0.035761 0.057525
1 0.462727 0.590775 0.024716 0.068612
1 0.473509 0.517657 0.058899 0.052673
1 0.438800 0.420977 0.056796 0.067228
1 0.429073 0.543994 0.036286 0.085939
1 0.411455 0.614686 0.048383 0.072076
1 0.297340 0.804237 0.048380 0.090791
1 0.236865 0.899187 0.056796 0.065840
1 0.049652 0.669784 0.054689 0.074160
1 0.629926 0.281477 0.035911 0.061767
1 0.636166 0.181006 0.027087 0.068584
1 0.670858 0.182210 0.045953 0.068580
1 0.529499 0.214897 0.064518 0.060961
1 0.345686 0.125900 0.045647 0.056149
12 0.697031 0.255848 0.043519 0.024065
3 0.746175 0.930235 0.045227 0.088711
1 0.499278 0.435328 0.031344 0.065777
1 0.573675 0.611667 0.026661 0.077489
1 0.571667 0.703110 0.024101 0.069786
10 0.784572 0.747388 0.065737 0.060162
3 0.741845 0.664128 0.064272 0.095777
8 0.749149 0.156847 0.074500 0.073638
1 0.622427 0.094280 0.062082 0.049573
1 0.487124 0.271633 0.060255 0.040427
1 0.863819 0.224227 0.027753 0.070747
1 0.906182 0.478588 0.046016 0.071230
