11 0.33437500000000003 0.15083333333333335 0.03125 0.028333333333333335
11 0.37 0.1925 0.02 0.045000000000000005
11 0.33437500000000003 0.1925 0.02375 0.04833333333333334
11 0.30312500000000003 0.1716666666666667 0.03375 0.030000000000000002
11 0.41125 0.15083333333333335 0.03 0.04166666666666667
11 0.44125000000000003 0.15000000000000002 0.025 0.05
11 0.468125 0.16 0.02375 0.03666666666666667
11 0.49 0.16833333333333333 0.0225 0.04666666666666667
11 0.52 0.16583333333333333 0.0225 0.045000000000000005
11 0.551875 0.165 0.03625 0.030000000000000002
11 0.5475 0.19 0.0325 0.04
11 0.525625 0.2041666666666667 0.03375 0.03166666666666667
11 0.4925 0.20750000000000002 0.0375 0.028333333333333335
11 0.6118750000000001 0.20750000000000002 0.02125 0.045000000000000005
11 0.631875 0.1975 0.02625 0.04166666666666667
24 0.574375 0.23583333333333334 0.02875 0.04166666666666667
11 0.53625 0.25083333333333335 0.035 0.028333333333333335
11 0.5750000000000001 0.28583333333333333 0.0275 0.04166666666666667
11 0.61125 0.255 0.0375 0.03666666666666667
11 0.615625 0.28250000000000003 0.03625 0.028333333333333335
11 0.66125 0.2566666666666667 0.0425 0.030000000000000002
11 0.65125 0.2866666666666667 0.0275 0.04
11 0.67875 0.29750000000000004 0.035 0.04166666666666667
11 0.6325000000000001 0.31833333333333336 0.035 0.02666666666666667
11 0.585 0.32 0.0425 0.030000000000000002
11 0.598125 0.29500000000000004 0.02625 0.04666666666666667
11 0.6225 0.34833333333333333 0.03 0.03666666666666667
11 0.596875 0.35333333333333333 0.02375 0.04
11 0.61 0.38583333333333336 0.03 0.04166666666666667
11 0.579375 0.37000000000000005 0.02125 0.03666666666666667
11 0.5493750000000001 0.3766666666666667 0.02375 0.04666666666666667
11 0.5750000000000001 0.3975 0.03 0.03833333333333334
11 0.605 0.4241666666666667 0.02 0.05166666666666667
11 0.6425 0.42083333333333334 0.025 0.045000000000000005
11 0.638125 0.3791666666666667 0.02625 0.045000000000000005
11 0.659375 0.3516666666666667 0.01875 0.05
11 0.521875 0.3716666666666667 0.02875 0.05
11 0.48812500000000003 0.36083333333333334 0.03625 0.04166666666666667
11 0.49375 0.38583333333333336 0.035 0.03166666666666667
11 0.46125 0.4041666666666667 0.035 0.028333333333333335
11 0.48562500000000003 0.42250000000000004 0.02875 0.04166666666666667
11 0.51375 0.4475 0.0375 0.035
11 0.54125 0.44833333333333336 0.0225 0.05333333333333334
11 0.561875 0.4625 0.02375 0.04166666666666667
11 0.5825 0.43083333333333335 0.0325 0.03833333333333334
11 0.553125 0.4141666666666667 0.03125 0.035
27 0.5906250000000001 0.4575 0.03875 0.03166666666666667
11 0.69625 0.24250000000000002 0.02 0.045000000000000005
11 0.718125 0.25916666666666666 0.02875 0.035
11 0.719375 0.29833333333333334 0.03125 0.03333333333333333
11 0.735 0.33 0.025 0.04666666666666667
11 0.75 0.36833333333333335 0.035 0.03333333333333333
11 0.695625 0.32583333333333336 0.03625 0.03166666666666667
11 0.708125 0.3516666666666667 0.043750000000000004 0.030000000000000002
11 0.714375 0.3841666666666667 0.03125 0.028333333333333335
11 0.735 0.4241666666666667 0.0225 0.05166666666666667
11 0.75875 0.43333333333333335 0.03 0.03666666666666667
11 0.6975 0.4133333333333334 0.0275 0.03666666666666667
11 0.709375 0.44083333333333335 0.03625 0.03833333333333334
11 0.725625 0.48000000000000004 0.02125 0.05
11 0.7731250000000001 0.48250000000000004 0.03375 0.03166666666666667
11 0.74375 0.5308333333333334 0.0275 0.04833333333333334
11 0.693125 0.48833333333333334 0.03875 0.03333333333333333
11 0.656875 0.48833333333333334 0.02625 0.05
11 0.606875 0.5116666666666667 0.03625 0.04
11 0.586875 0.48833333333333334 0.03875 0.03333333333333333
18 0.7475 0.5016666666666667 0.025 0.02
18 0.64875 0.4516666666666667 0.0175 0.023333333333333334
18 0.628125 0.45333333333333337 0.02375 0.02
18 0.52625 0.4191666666666667 0.0225 0.03166666666666667
19 0.51875 0.5108333333333334 0.0375 0.04166666666666667
11 0.548125 0.5116666666666667 0.02375 0.05333333333333334
11 0.52875 0.49250000000000005 0.02 0.04833333333333334
11 0.496875 0.5316666666666667 0.03875 0.03666666666666667
11 0.506875 0.5558333333333334 0.03625 0.04833333333333334
11 0.50875 0.5883333333333334 0.04 0.03333333333333333
27 0.47750000000000004 0.5650000000000001 0.0275 0.05333333333333334
11 0.44125000000000003 0.48000000000000004 0.0375 0.03333333333333333
11 0.41625 0.5800000000000001 0.025 0.05333333333333334
11 0.388125 0.5658333333333334 0.03375 0.04166666666666667
11 0.458125 0.6075 0.03125 0.035
11 0.471875 0.6341666666666667 0.03875 0.035
11 0.509375 0.6425000000000001 0.03625 0.045000000000000005
11 0.471875 0.665 0.03875 0.030000000000000002
11 0.43375 0.6708333333333334 0.035 0.028333333333333335
11 0.43 0.6333333333333334 0.0375 0.04
11 0.39125 0.62 0.0325 0.043333333333333335
11 0.22875 0.6116666666666667 0.035 0.043333333333333335
11 0.195 0.6166666666666667 0.025 0.03333333333333333
11 0.503125 0.8091666666666667 0.02375 0.04833333333333334
11 0.49312500000000004 0.9116666666666667 0.02875 0.03333333333333333
11 0.6825 0.7858333333333334 0.025 0.03833333333333334
11 0.66 0.7566666666666667 0.0175 0.043333333333333335
11 0.7212500000000001 0.6716666666666667 0.02 0.043333333333333335
11 0.7000000000000001 0.6208333333333333 0.03 0.035
11 0.7225 0.6091666666666667 0.02 0.04833333333333334
11 0.740625 0.5950000000000001 0.02625 0.04
11 0.765625 0.6291666666666667 0.02125 0.045000000000000005
11 0.63625 0.6308333333333334 0.03 0.05166666666666667
11 0.6531250000000001 0.6233333333333334 0.02375 0.04666666666666667
11 0.67125 0.6091666666666667 0.0225 0.04833333333333334
11 0.6525 0.6633333333333333 0.0425 0.03666666666666667
11 0.6125 0.6966666666666667 0.0225 0.05
11 0.595625 0.675 0.02625 0.05333333333333334
11 0.631875 0.5908333333333333 0.03625 0.03166666666666667
11 0.63375 0.5591666666666667 0.0375 0.028333333333333335
11 0.6025 0.5608333333333334 0.0275 0.03833333333333334
11 0.593125 0.5925 0.04125 0.035
11 0.39187500000000003 0.39416666666666667 0.02625 0.04833333333333334
11 0.415625 0.4008333333333334 0.02125 0.04833333333333334
11 0.43062500000000004 0.43500000000000005 0.03375 0.043333333333333335
11 0.40125 0.4491666666666667 0.025 0.058333333333333334
11 0.371875 0.42583333333333334 0.03125 0.045000000000000005
11 0.313125 0.3775 0.02375 0.055
11 0.276875 0.41000000000000003 0.02875 0.04666666666666667
11 0.245625 0.42083333333333334 0.03875 0.03166666666666667
11 0.17625 0.5233333333333333 0.02 0.05
11 0.195 0.3791666666666667 0.025 0.028333333333333335
11 0.264375 0.3425 0.02125 0.03833333333333334
11 0.3 0.32083333333333336 0.035 0.035
11 0.354375 0.35500000000000004 0.03375 0.03666666666666667
11 0.355 0.3241666666666667 0.0425 0.03166666666666667
11 0.361875 0.30000000000000004 0.02875 0.03666666666666667
11 0.26 0.28250000000000003 0.0325 0.028333333333333335
11 0.23875000000000002 0.3125 0.0375 0.045000000000000005
11 0.291875 0.21250000000000002 0.02875 0.03833333333333334
11 0.3175 0.22916666666666669 0.0275 0.05166666666666667
11 0.33375 0.27166666666666667 0.025 0.05
11 0.259375 0.24666666666666667 0.02125 0.05
11 0.239375 0.2525 0.02625 0.03166666666666667
11 0.448125 0.28250000000000003 0.03375 0.04166666666666667
11 0.41500000000000004 0.2816666666666667 0.0225 0.05333333333333334
11 0.383125 0.2808333333333333 0.02125 0.05166666666666667
11 0.506875 0.29833333333333334 0.02375 0.05666666666666667
11 0.465625 0.33666666666666667 0.03125 0.043333333333333335
11 0.44 0.3516666666666667 0.025 0.05333333333333334
11 0.41250000000000003 0.3225 0.03 0.03833333333333334
11 0.39 0.32916666666666666 0.0275 0.045000000000000005
11 0.41250000000000003 0.3641666666666667 0.03 0.03833333333333334
