11 0.82375 0.2808333333333333 0.05 0.058333333333333334
19 0.30625 0.07416666666666667 0.045 0.06166666666666667
19 0.22875 0.18166666666666667 0.05 0.043333333333333335
19 0.1675 0.32 0.0475 0.043333333333333335
19 0.265625 0.30000000000000004 0.03375 0.06333333333333334
19 0.3 0.3275 0.0375 0.065
19 0.38 0.31083333333333335 0.0475 0.06166666666666667
19 0.34 0.22 0.0475 0.060000000000000005
19 0.358125 0.2 0.04875 0.060000000000000005
19 0.364375 0.2525 0.06875 0.065
19 0.4225 0.2275 0.0525 0.058333333333333334
19 0.40375 0.14750000000000002 0.045 0.07166666666666667
19 0.50875 0.14750000000000002 0.05 0.06166666666666667
19 0.515 0.2025 0.0625 0.06166666666666667
19 0.5525 0.27 0.05 0.06666666666666667
19 0.478125 0.30833333333333335 0.04625 0.06666666666666667
19 0.560625 0.4008333333333334 0.04625 0.055
19 0.405625 0.4008333333333334 0.06125 0.07166666666666667
19 0.43875000000000003 0.4083333333333334 0.04 0.060000000000000005
19 0.28250000000000003 0.39916666666666667 0.0575 0.06833333333333334
19 0.2775 0.4566666666666667 0.0575 0.07
19 0.34625 0.44583333333333336 0.0425 0.06166666666666667
24 0.325 0.44333333333333336 0.0375 0.07
19 0.299375 0.5083333333333334 0.04875 0.04666666666666667
19 0.346875 0.49333333333333335 0.04875 0.05333333333333334
19 0.30875 0.5708333333333334 0.055 0.065
19 0.384375 0.5683333333333334 0.051250000000000004 0.07666666666666667
19 0.47875 0.4941666666666667 0.0625 0.07500000000000001
19 0.48 0.535 0.0375 0.07666666666666667
19 0.50875 0.5850000000000001 0.045 0.07333333333333333
19 0.265625 0.7733333333333334 0.04625 0.04
19 0.345625 0.7350000000000001 0.051250000000000004 0.05666666666666667
19 0.343125 0.7808333333333334 0.04125 0.06166666666666667
19 0.40125 0.7250000000000001 0.0525 0.05666666666666667
19 0.434375 0.6858333333333334 0.04625 0.05166666666666667
19 0.45375 0.7858333333333334 0.0425 0.06833333333333334
19 0.49562500000000004 0.6741666666666667 0.05375 0.07166666666666667
19 0.500625 0.7233333333333334 0.043750000000000004 0.060000000000000005
19 0.536875 0.6983333333333334 0.05375 0.06666666666666667
19 0.548125 0.6491666666666667 0.051250000000000004 0.07166666666666667
19 0.54875 0.8525 0.045 0.065
18 0.376875 0.8041666666666667 0.03375 0.03166666666666667
18 0.450625 0.7358333333333333 0.03125 0.03166666666666667
24 0.546875 0.6058333333333333 0.05375 0.065
19 0.7725 0.6983333333333334 0.045 0.06333333333333334
19 0.730625 0.6383333333333334 0.043750000000000004 0.06666666666666667
19 0.703125 0.6875 0.04625 0.06833333333333334
19 0.634375 0.67 0.051250000000000004 0.06666666666666667
19 0.59 0.6325000000000001 0.0525 0.07166666666666667
18 0.635 0.5700000000000001 0.025 0.043333333333333335
26 0.65375 0.5175000000000001 0.04 0.03833333333333334
19 0.645 0.465 0.0475 0.07333333333333333
19 0.594375 0.41000000000000003 0.03625 0.060000000000000005
19 0.604375 0.43750000000000006 0.04625 0.06833333333333334
19 0.636875 0.3916666666666667 0.04875 0.05666666666666667
19 0.64 0.35333333333333333 0.0425 0.05333333333333334
19 0.630625 0.3041666666666667 0.051250000000000004 0.06833333333333334
19 0.6743750000000001 0.22166666666666668 0.058750000000000004 0.05333333333333334
19 0.79 0.22166666666666668 0.0375 0.08
