23 0.6531250000000001 0.09833333333333334 0.03125 0.06666666666666667
23 0.709375 0.17916666666666667 0.03625 0.05166666666666667
23 0.65625 0.16833333333333333 0.035 0.04666666666666667
23 0.513125 0.16583333333333333 0.03875 0.05166666666666667
23 0.475625 0.22083333333333335 0.03625 0.055
22 0.5 0.1991666666666667 0.0225 0.035
22 0.40875 0.2991666666666667 0.0325 0.018333333333333333
22 0.409375 0.3925 0.00875 0.021666666666666667
24 0.61375 0.26916666666666667 0.045 0.06166666666666667
24 0.81375 0.26583333333333337 0.04 0.04833333333333334
24 0.7000000000000001 0.2775 0.0475 0.065
19 0.764375 0.32583333333333336 0.04875 0.03833333333333334
24 0.65125 0.5075000000000001 0.04 0.055
25 0.6481250000000001 0.46166666666666667 0.04125 0.05666666666666667
22 0.755625 0.1625 0.02625 0.018333333333333333
22 0.79 0.17666666666666667 0.0175 0.04666666666666667
22 0.70375 0.21000000000000002 0.0175 0.04
22 0.660625 0.27666666666666667 0.03375 0.02666666666666667
22 0.500625 0.7133333333333334 0.01375 0.04
19 0.525 0.15083333333333335 0.0325 0.05166666666666667
18 0.579375 0.1691666666666667 0.02375 0.028333333333333335
21 0.555625 0.16416666666666668 0.04875 0.06166666666666667
22 0.28375 0.6900000000000001 0.03 0.02
