1 0.461524 0.638424 0.022274 0.075085
1 0.230858 0.797541 0.053639 0.060989
1 0.398164 0.908428 0.049667 0.086631
1 0.438699 0.915650 0.019721 0.068343
1 0.458237 0.895915 0.022277 0.071230
1 0.326769 0.952467 0.068293 0.035136
1 0.367853 0.970757 0.024101 0.052459
1 0.392321 0.977495 0.024833 0.044757
1 0.491287 0.934419 0.033597 0.073155
1 0.254824 0.855969 0.025929 0.053907
1 0.307414 0.798456 0.053681 0.036097
1 0.320926 0.768855 0.052952 0.027912
1 0.293171 0.720006 0.058068 0.042835
1 0.326038 0.732278 0.039805 0.034654
1 0.356166 0.736368 0.025563 0.064013
1 0.275642 0.684387 0.058065 0.036097
1 0.303945 0.535909 0.062082 0.049091
1 0.321473 0.427620 0.032865 0.065457
1 0.346124 0.380455 0.039076 0.058719
1 0.396703 0.445429 0.056238 0.044278
1 0.393051 0.489949 0.051857 0.043796
1 0.367304 0.558051 0.050030 0.045243
1 0.406929 0.542647 0.037249 0.049091
1 0.434317 0.622784 0.024830 0.062088
1 0.471385 0.713988 0.048572 0.034650
1 0.489461 0.752972 0.040171 0.043318
1 0.536707 0.762705 0.075863 0.054868
1 0.330968 0.681020 0.032136 0.061123
1 0.272537 0.602088 0.037249 0.062088
1 0.328047 0.590777 0.059160 0.025991
1 0.339368 0.628076 0.046016 0.042835
1 0.442352 0.689201 0.032865 0.037058
1 0.507174 0.620376 0.063180 0.040909
1 0.474488 0.556605 0.035788 0.055828
1 0.437931 0.537936 0.031806 0.055888
1 0.431170 0.257291 0.051125 0.041313
1 0.373653 0.286170 0.029214 0.066979
1 0.422193 0.315648 0.050213 0.032887
1 0.415498 0.361570 0.025866 0.058157
1 0.455518 0.374004 0.046259 0.035694
1 0.383543 0.359365 0.037432 0.048126
1 0.477732 0.307224 0.053561 0.036900
1 0.542859 0.387240 0.049301 0.036497
1 0.516535 0.444794 0.048389 0.032088
1 0.448974 0.195728 0.043516 0.065777
1 0.346872 0.104682 0.031650 0.056149
1 0.452778 0.150004 0.045041 0.044919
1 0.491580 0.080217 0.030126 0.067378
1 0.522316 0.027276 0.052649 0.039304
1 0.609811 0.051338 0.023738 0.064172
1 0.660024 0.092851 0.055998 0.034093
1 0.555794 0.097863 0.065431 0.041712
1 0.504665 0.153614 0.044128 0.068185
1 0.542706 0.172867 0.045347 0.035295
1 0.548336 0.131556 0.031044 0.041712
1 0.580899 0.151206 0.029214 0.044919
1 0.719367 0.272533 0.027999 0.066180
1 0.771865 0.231823 0.053258 0.046524
1 0.709325 0.218588 0.055386 0.029680
1 0.870009 0.360368 0.034083 0.068580
1 0.765930 0.422333 0.048086 0.039304
1 0.750563 0.335702 0.056301 0.028881
1 0.678587 0.323468 0.049301 0.036497
1 0.741280 0.364978 0.043213 0.035295
1 0.874575 0.669599 0.057822 0.068584
1 0.880357 0.746002 0.039562 0.068984
1 0.828468 0.668794 0.027696 0.070992
1 0.711151 0.639717 0.031650 0.061767
1 0.667784 0.754425 0.049604 0.048130
1 0.761668 0.820200 0.050519 0.032088
1 0.738236 0.845870 0.052343 0.027272
1 0.743866 0.915858 0.050822 0.034895
1 0.727583 0.881364 0.062691 0.034093
1 0.706890 0.813383 0.036517 0.028877
1 0.608897 0.879960 0.034692 0.042515
1 0.584551 0.569929 0.043822 0.046524
13 0.483668 0.507762 0.100123 0.076204
1 0.440453 0.444794 0.027693 0.050538
1 0.395717 0.402883 0.048386 0.039707
1 0.756800 0.171463 0.058431 0.062167
12 0.365893 0.048531 0.028305 0.050538
12 0.299703 0.062972 0.045041 0.024868
12 0.732301 0.100471 0.050213 0.041313
12 0.697456 0.141580 0.047477 0.028877
12 0.815078 0.546669 0.042301 0.034492
3 0.642069 0.789318 0.060867 0.074603
12 0.186275 0.832792 0.058371 0.040894
12 0.251748 0.359433 0.032604 0.061681
12 0.142730 0.221435 0.043516 0.051736
1 0.622288 0.554648 0.048086 0.050538
1 0.810969 0.626682 0.026781 0.046928
1 0.771560 0.711910 0.041692 0.044919
1 0.471343 0.786471 0.030432 0.085832
