20 0.35000000000000003 0.14916666666666667 0.0475 0.055
20 0.4525 0.21000000000000002 0.0475 0.07333333333333333
20 0.51625 0.22833333333333336 0.04 0.06333333333333334
20 0.468125 0.2575 0.03875 0.04833333333333334
20 0.605625 0.13 0.04625 0.06666666666666667
20 0.634375 0.1975 0.03875 0.058333333333333334
20 0.36312500000000003 0.26416666666666666 0.058750000000000004 0.07166666666666667
20 0.31375000000000003 0.2041666666666667 0.0375 0.05166666666666667
20 0.29125 0.20750000000000002 0.0375 0.058333333333333334
20 0.268125 0.21166666666666667 0.04625 0.05
20 0.261875 0.24916666666666668 0.03875 0.06166666666666667
20 0.32 0.315 0.04 0.060000000000000005
20 0.28250000000000003 0.3466666666666667 0.0475 0.06666666666666667
20 0.245 0.3175 0.0425 0.055
20 0.22187500000000002 0.2808333333333333 0.043750000000000004 0.06166666666666667
20 0.14250000000000002 0.33333333333333337 0.045 0.05666666666666667
20 0.12125 0.4033333333333334 0.0375 0.060000000000000005
20 0.61375 0.39333333333333337 0.05 0.07
20 0.39437500000000003 0.4541666666666667 0.04625 0.045000000000000005
20 0.476875 0.5625 0.03375 0.06833333333333334
20 0.289375 0.49750000000000005 0.03875 0.058333333333333334
20 0.319375 0.5841666666666667 0.04125 0.065
20 0.285625 0.5708333333333334 0.04125 0.06166666666666667
20 0.24625 0.5175000000000001 0.035 0.058333333333333334
20 0.21875 0.4991666666666667 0.045 0.065
20 0.15625 0.5658333333333334 0.03 0.06166666666666667
20 0.29375 0.7025 0.045 0.055
20 0.26937500000000003 0.79 0.04625 0.06333333333333334
20 0.7731250000000001 0.7766666666666667 0.03875 0.060000000000000005
20 0.645625 0.8516666666666667 0.043750000000000004 0.05333333333333334
20 0.689375 0.92 0.03625 0.05666666666666667
20 0.6218750000000001 0.9166666666666667 0.03875 0.05666666666666667
20 0.595 0.9183333333333334 0.0325 0.05
18 0.530625 0.9583333333333334 0.03375 0.03666666666666667
20 0.95625 0.38833333333333336 0.0375 0.06333333333333334
