11 0.445625 0.8600000000000001 0.03875 0.03333333333333333
11 0.545625 0.7841666666666667 0.04125 0.03833333333333334
11 0.4 0.7716666666666667 0.0325 0.043333333333333335
11 0.30312500000000003 0.8291666666666667 0.02875 0.035
11 0.280625 0.8008333333333334 0.02125 0.04166666666666667
11 0.206875 0.6616666666666667 0.03125 0.03333333333333333
11 0.3725 0.6958333333333334 0.0275 0.04833333333333334
11 0.39875 0.7241666666666667 0.0375 0.035
11 0.433125 0.6983333333333334 0.03375 0.05333333333333334
11 0.49875 0.7116666666666667 0.0375 0.05333333333333334
11 0.541875 0.7208333333333333 0.03375 0.055
11 0.579375 0.655 0.03125 0.04666666666666667
11 0.495 0.6666666666666667 0.045 0.03333333333333333
11 0.5231250000000001 0.65 0.02875 0.05333333333333334
11 0.5025000000000001 0.6275000000000001 0.0325 0.03833333333333334
11 0.42312500000000003 0.6541666666666667 0.03625 0.03833333333333334
11 0.43625 0.6225 0.04 0.04166666666666667
27 0.309375 0.6425000000000001 0.02625 0.04833333333333334
11 0.479375 0.5950000000000001 0.03125 0.043333333333333335
11 0.545625 0.5933333333333334 0.03625 0.04666666666666667
11 0.52625 0.5750000000000001 0.0275 0.043333333333333335
11 0.58875 0.5575 0.04 0.045000000000000005
11 0.54 0.5425 0.0375 0.04166666666666667
11 0.501875 0.51 0.02625 0.05666666666666667
11 0.5575 0.5141666666666667 0.025 0.045000000000000005
27 0.53125 0.5083333333333334 0.0325 0.043333333333333335
27 0.5906250000000001 0.5025000000000001 0.04125 0.055
27 0.595 0.44333333333333336 0.0225 0.05333333333333334
11 0.56625 0.4691666666666667 0.025 0.05166666666666667
11 0.470625 0.4758333333333334 0.03625 0.04166666666666667
11 0.48812500000000003 0.44083333333333335 0.02625 0.05166666666666667
11 0.51375 0.45833333333333337 0.035 0.04
11 0.521875 0.4191666666666667 0.04125 0.035
11 0.541875 0.4441666666666667 0.02375 0.045000000000000005
11 0.5575 0.4316666666666667 0.0275 0.05
11 0.57875 0.4216666666666667 0.025 0.043333333333333335
11 0.5806250000000001 0.395 0.02875 0.043333333333333335
11 0.39875 0.5816666666666667 0.035 0.05666666666666667
11 0.37375 0.5675 0.03 0.05166666666666667
11 0.4025 0.5225000000000001 0.03 0.04833333333333334
11 0.239375 0.6058333333333333 0.02875 0.04833333333333334
11 0.278125 0.5475 0.03375 0.055
11 0.22187500000000002 0.555 0.03375 0.04
11 0.253125 0.4841666666666667 0.03375 0.035
11 0.23625000000000002 0.4416666666666667 0.0225 0.04666666666666667
11 0.21125 0.43083333333333335 0.0325 0.04833333333333334
27 0.359375 0.48833333333333334 0.03125 0.05
11 0.38625 0.48750000000000004 0.03 0.04833333333333334
11 0.429375 0.4575 0.03125 0.03833333333333334
11 0.408125 0.42333333333333334 0.03625 0.043333333333333335
11 0.444375 0.4133333333333334 0.03375 0.043333333333333335
11 0.395625 0.44583333333333336 0.03375 0.055
11 0.369375 0.45 0.03125 0.03333333333333333
11 0.33 0.4741666666666667 0.0375 0.035
11 0.325 0.44583333333333336 0.0375 0.03833333333333334
11 0.3575 0.4116666666666667 0.0325 0.05
11 0.299375 0.4266666666666667 0.02875 0.05333333333333334
11 0.33 0.4108333333333334 0.04 0.05166666666666667
11 0.23500000000000001 0.35500000000000004 0.035 0.03666666666666667
11 0.274375 0.37833333333333335 0.03875 0.05333333333333334
11 0.208125 0.3241666666666667 0.02625 0.045000000000000005
11 0.2275 0.3091666666666667 0.0225 0.04833333333333334
11 0.234375 0.27083333333333337 0.02875 0.03833333333333334
11 0.245625 0.3041666666666667 0.02125 0.04833333333333334
11 0.258125 0.26083333333333336 0.02875 0.03833333333333334
11 0.265 0.33083333333333337 0.025 0.045000000000000005
11 0.291875 0.3225 0.03375 0.03166666666666667
11 0.301875 0.3591666666666667 0.02875 0.045000000000000005
11 0.31875000000000003 0.31833333333333336 0.025 0.04666666666666667
11 0.40375 0.3725 0.0375 0.045000000000000005
11 0.35000000000000003 0.3516666666666667 0.0275 0.043333333333333335
11 0.359375 0.32583333333333336 0.02875 0.05166666666666667
11 0.3775 0.32666666666666666 0.0325 0.04
11 0.404375 0.3275 0.03125 0.04833333333333334
11 0.37125 0.2991666666666667 0.0425 0.03833333333333334
11 0.338125 0.2808333333333333 0.02625 0.04833333333333334
11 0.368125 0.26916666666666667 0.03625 0.04166666666666667
11 0.383125 0.23750000000000002 0.02625 0.04833333333333334
11 0.339375 0.22833333333333336 0.03875 0.03333333333333333
11 0.32125 0.17500000000000002 0.025 0.04666666666666667
11 0.340625 0.18416666666666667 0.02625 0.05166666666666667
11 0.355625 0.1575 0.02875 0.035
11 0.361875 0.19833333333333333 0.02375 0.04666666666666667
11 0.374375 0.19166666666666668 0.03375 0.03666666666666667
11 0.408125 0.18250000000000002 0.03375 0.04166666666666667
11 0.406875 0.24333333333333335 0.02875 0.04666666666666667
11 0.43625 0.21083333333333334 0.0275 0.05166666666666667
11 0.435 0.25583333333333336 0.03 0.045000000000000005
11 0.468125 0.24666666666666667 0.03875 0.030000000000000002
11 0.446875 0.2866666666666667 0.03125 0.05
11 0.4575 0.3141666666666667 0.03 0.045000000000000005
11 0.481875 0.3066666666666667 0.03125 0.043333333333333335
11 0.470625 0.3825 0.02875 0.04833333333333334
11 0.49062500000000003 0.35500000000000004 0.02875 0.06333333333333334
11 0.464375 0.17083333333333334 0.02375 0.04166666666666667
11 0.4525 0.20916666666666667 0.0275 0.04833333333333334
11 0.4825 0.21166666666666667 0.0325 0.04
11 0.550625 0.25833333333333336 0.02875 0.04666666666666667
11 0.6225 0.265 0.0225 0.04666666666666667
11 0.668125 0.22416666666666668 0.02625 0.03833333333333334
11 0.5493750000000001 0.32916666666666666 0.02625 0.045000000000000005
11 0.525 0.29833333333333334 0.0325 0.04
11 0.50625 0.32083333333333336 0.0325 0.04833333333333334
11 0.5175 0.3816666666666667 0.03 0.05333333333333334
11 0.52 0.42000000000000004 0.04 0.030000000000000002
11 0.5425 0.3591666666666667 0.0275 0.035
11 0.54625 0.39083333333333337 0.0325 0.04833333333333334
11 0.5650000000000001 0.3666666666666667 0.0225 0.04666666666666667
11 0.578125 0.39083333333333337 0.02875 0.04166666666666667
11 0.595 0.37583333333333335 0.04 0.03833333333333334
11 0.61875 0.3791666666666667 0.0325 0.05166666666666667
11 0.615625 0.45333333333333337 0.03125 0.05333333333333334
11 0.60875 0.5291666666666667 0.0225 0.045000000000000005
11 0.63125 0.5025000000000001 0.035 0.045000000000000005
11 0.63125 0.545 0.0275 0.05
11 0.6575 0.5325000000000001 0.035 0.03833333333333334
11 0.6531250000000001 0.4966666666666667 0.02875 0.03333333333333333
11 0.735 0.31083333333333335 0.025 0.04166666666666667
11 0.73375 0.3408333333333334 0.04 0.035
11 0.70625 0.30000000000000004 0.03 0.05333333333333334
11 0.730625 0.39333333333333337 0.03625 0.03666666666666667
11 0.758125 0.38083333333333336 0.02375 0.04166666666666667
11 0.7625000000000001 0.4633333333333334 0.0375 0.03666666666666667
11 0.77625 0.42500000000000004 0.03 0.04
11 0.683125 0.44583333333333336 0.03125 0.035
11 0.6843750000000001 0.5033333333333334 0.02625 0.05
11 0.683125 0.4758333333333334 0.02875 0.03166666666666667
11 0.701875 0.4841666666666667 0.02375 0.05166666666666667
11 0.730625 0.4808333333333334 0.02375 0.04833333333333334
11 0.7575000000000001 0.4941666666666667 0.0325 0.035
11 0.728125 0.5308333333333334 0.02875 0.045000000000000005
11 0.7475 0.5175000000000001 0.03 0.04166666666666667
11 0.7725 0.5508333333333334 0.03 0.04833333333333334
11 0.704375 0.5575 0.03375 0.03833333333333334
11 0.67875 0.5816666666666667 0.0375 0.043333333333333335
11 0.70375 0.6075 0.0325 0.055
11 0.73375 0.5850000000000001 0.025 0.04666666666666667
11 0.750625 0.5591666666666667 0.03375 0.03166666666666667
11 0.755 0.5900000000000001 0.0325 0.043333333333333335
11 0.75875 0.6325000000000001 0.0325 0.05166666666666667
11 0.66 0.6208333333333333 0.0425 0.04833333333333334
11 0.71 0.6866666666666668 0.04 0.04666666666666667
11 0.664375 0.75 0.02625 0.04666666666666667
11 0.63625 0.6900000000000001 0.0275 0.05
11 0.6168750000000001 0.7100000000000001 0.02875 0.043333333333333335
11 0.605625 0.7691666666666667 0.03375 0.04166666666666667
27 0.656875 0.6608333333333334 0.03375 0.035
11 0.595 0.20750000000000002 0.025 0.03166666666666667
11 0.5856250000000001 0.22833333333333336 0.02875 0.030000000000000002
11 0.62875 0.23333333333333334 0.0225 0.030000000000000002
11 0.64375 0.255 0.0175 0.030000000000000002
11 0.635 0.20916666666666667 0.0275 0.028333333333333335
11 0.56375 0.17416666666666666 0.035 0.025
11 0.5337500000000001 0.17916666666666667 0.035 0.03166666666666667
11 0.504375 0.1875 0.02125 0.03833333333333334
11 0.5125 0.21333333333333335 0.025 0.030000000000000002
11 0.535625 0.21166666666666667 0.02125 0.03333333333333333
11 0.525 0.2275 0.03 0.028333333333333335
11 0.564375 0.2041666666666667 0.03125 0.03166666666666667
11 0.510625 0.26 0.02375 0.04666666666666667
11 0.4925 0.27083333333333337 0.03 0.03166666666666667
11 0.583125 0.255 0.03375 0.02666666666666667
11 0.6687500000000001 0.24666666666666667 0.03 0.02666666666666667
11 0.7025 0.23750000000000002 0.03 0.035
11 0.721875 0.22 0.02875 0.03666666666666667
11 0.68 0.26416666666666666 0.0275 0.035
11 0.6625 0.28 0.0175 0.030000000000000002
11 0.6431250000000001 0.2891666666666667 0.02125 0.03833333333333334
27 0.67625 0.3041666666666667 0.0275 0.035
11 0.666875 0.3358333333333334 0.02375 0.035
11 0.64125 0.3325 0.0275 0.04833333333333334
11 0.626875 0.32333333333333336 0.02375 0.04
11 0.593125 0.32 0.02375 0.02666666666666667
11 0.575625 0.3358333333333334 0.02625 0.03833333333333334
11 0.601875 0.2991666666666667 0.01875 0.035
11 0.704375 0.3425 0.01625 0.045000000000000005
27 0.685625 0.3408333333333334 0.01875 0.03166666666666667
27 0.6843750000000001 0.36750000000000005 0.03625 0.025
27 0.6843750000000001 0.39333333333333337 0.03125 0.023333333333333334
27 0.646875 0.4091666666666667 0.03625 0.025
27 0.6575 0.38333333333333336 0.02 0.03666666666666667
27 0.64875 0.44083333333333335 0.025 0.04166666666666667
27 0.688125 0.4133333333333334 0.01875 0.030000000000000002
27 0.7075 0.42500000000000004 0.02 0.023333333333333334
27 0.729375 0.41833333333333333 0.02375 0.02666666666666667
11 0.73625 0.44083333333333335 0.025 0.028333333333333335
11 0.708125 0.44833333333333336 0.02875 0.02666666666666667
