10 0.368591 0.209970 0.074034 0.124045
2 0.323528 0.316839 0.032188 0.068914
2 0.485274 0.479584 0.025752 0.072095
2 0.472801 0.896780 0.028166 0.060432
2 0.796985 0.564971 0.046102 0.038653
2 0.750649 0.564357 0.026078 0.028835
2 0.745999 0.271993 0.037018 0.082696
2 0.247081 0.563553 0.053110 0.046648
10 0.150516 0.525916 0.090128 0.077397
10 0.227767 0.493578 0.103002 0.078456
10 0.385088 0.645721 0.081276 0.196142
10 0.311859 0.585818 0.042650 0.142071
10 0.387100 0.443750 0.104612 0.095420
10 0.298582 0.427846 0.067596 0.163275
10 0.421299 0.333486 0.102198 0.084817
10 0.265991 0.270931 0.116682 0.086938
10 0.639777 0.356810 0.115878 0.112382
10 0.745597 0.383847 0.061962 0.119805
10 0.710592 0.520615 0.075644 0.153731
10 0.719444 0.690780 0.090128 0.131468
10 0.867510 0.674877 0.091736 0.120864
10 0.804341 0.784079 0.074838 0.169634
10 0.745999 0.887451 0.098174 0.081636
10 0.533958 0.880560 0.105416 0.097542
10 0.664321 0.923498 0.094150 0.145252
10 0.571779 0.786730 0.102198 0.062551
10 0.674380 0.805813 0.056328 0.119805
10 0.385087 0.855644 0.116682 0.102841
10 0.279268 0.927739 0.122316 0.083758
10 0.207649 0.827548 0.120706 0.112382
10 0.312262 0.776128 0.107832 0.104962
10 0.476824 0.784079 0.060352 0.101781
10 0.409631 0.962727 0.107830 0.071036
10 0.548444 0.696080 0.118292 0.103903
10 0.463546 0.586348 0.067596 0.130408
10 0.519876 0.274113 0.117488 0.137829
10 0.645008 0.253968 0.116684 0.095420
10 0.651848 0.145827 0.096564 0.122986
10 0.562928 0.129924 0.066792 0.112385
10 0.498149 0.078503 0.086910 0.119805
10 0.291339 0.122502 0.093346 0.106021
10 0.190751 0.163851 0.091738 0.159033
10 0.178681 0.040335 0.075642 0.077397
7 0.231791 0.636179 0.128754 0.145249
