10 0.814703 0.395781 0.115878 0.110688
10 0.451136 0.246290 0.084012 0.068701
10 0.403819 0.317536 0.076286 0.073792
10 0.341535 0.241202 0.115878 0.073792
10 0.403336 0.159141 0.079184 0.095420
10 0.459827 0.089801 0.064698 0.122137
10 0.563634 0.187765 0.129396 0.086514
10 0.260227 0.454814 0.091738 0.164121
2 0.207541 0.224552 0.046942 0.079518
10 0.272549 0.154738 0.107882 0.146567
10 0.094155 0.059812 0.091542 0.119623
0 0.878988 0.247451 0.044240 0.064424
10 0.554943 0.073899 0.119742 0.125953
10 0.783319 0.141966 0.103326 0.101781
10 0.459344 0.776188 0.052144 0.125953
10 0.529354 0.711303 0.080148 0.072519
10 0.675167 0.650235 0.109118 0.103051
10 0.781870 0.688402 0.100428 0.100509
10 0.707516 0.788910 0.088840 0.087787
10 0.596949 0.905960 0.116842 0.067431
10 0.616262 0.829623 0.091736 0.082698
10 0.513903 0.811177 0.066630 0.109415
10 0.515835 0.520464 0.056974 0.108142
10 0.555426 0.611431 0.114912 0.089059
10 0.695445 0.374153 0.062766 0.113233
10 0.619642 0.328987 0.075320 0.122137
10 0.511972 0.354433 0.116844 0.111960
10 0.368573 0.406596 0.123602 0.099236
10 0.471414 0.444763 0.060836 0.122137
10 0.269594 0.631150 0.082080 0.120867
10 0.324154 0.853796 0.065664 0.131043
10 0.406233 0.617792 0.090770 0.147584
10 0.377747 0.778733 0.066630 0.153945
10 0.611916 0.505833 0.119740 0.094148
10 0.710412 0.244382 0.065664 0.153945
10 0.745176 0.509650 0.117808 0.142493
