19 0.743125 0.20833333333333334 0.04625 0.04666666666666667
19 0.7056250000000001 0.19666666666666668 0.03875 0.06666666666666667
19 0.715 0.32833333333333337 0.04 0.05333333333333334
19 0.601875 0.4025 0.043750000000000004 0.06166666666666667
19 0.606875 0.4541666666666667 0.03625 0.07500000000000001
19 0.680625 0.37333333333333335 0.04125 0.06333333333333334
19 0.7025 0.41250000000000003 0.0425 0.058333333333333334
19 0.695625 0.445 0.03625 0.05333333333333334
19 0.728125 0.4366666666666667 0.03375 0.07
19 0.75875 0.41583333333333333 0.035 0.055
