19 0.276875 0.22 0.04625 0.07
18 0.359375 0.1875 0.03875 0.058333333333333334
19 0.250625 0.2566666666666667 0.08375 0.07333333333333333
2 0.27 0.30833333333333335 0.0325 0.03333333333333333
2 0.19187500000000002 0.3566666666666667 0.03375 0.043333333333333335
23 0.166875 0.4666666666666667 0.04625 0.10333333333333335
23 0.41375 0.4041666666666667 0.05 0.06833333333333334
23 0.47625 0.28500000000000003 0.05 0.07
19 0.46375 0.11416666666666668 0.05 0.07166666666666667
23 0.605 0.20500000000000002 0.05 0.07333333333333333
