11 0.028125 0.38333333333333336 0.05625 0.08666666666666667
21 0.153125 0.2783333333333334 0.06875 0.11333333333333334
21 0.2775 0.3383333333333334 0.085 0.08333333333333334
19 0.4575 0.2991666666666667 0.0525 0.07833333333333334
24 0.4875 0.385 0.055 0.09333333333333334
21 0.40875 0.5641666666666667 0.08 0.10833333333333334
19 0.524375 0.5291666666666667 0.07125000000000001 0.085
19 0.369375 0.62 0.051250000000000004 0.08333333333333334
21 0.236875 0.7016666666666667 0.08125 0.1
21 0.435625 0.8541666666666667 0.08125 0.095
21 0.6275000000000001 0.7966666666666667 0.0675 0.09333333333333334
21 0.609375 0.7150000000000001 0.07375 0.08
24 0.3375 0.8383333333333334 0.075 0.08
24 0.5475 0.8241666666666667 0.075 0.06833333333333334
24 0.6218750000000001 0.9091666666666667 0.08875 0.085
24 0.68 0.48000000000000004 0.0475 0.10333333333333335
24 0.84875 0.6316666666666667 0.07 0.08333333333333334
24 0.89 0.49500000000000005 0.0575 0.09000000000000001
21 0.749375 0.5850000000000001 0.07625 0.10333333333333335
21 0.7975 0.41833333333333333 0.05 0.09666666666666668
24 0.7475 0.42333333333333334 0.0775 0.07666666666666667
24 0.798125 0.3416666666666667 0.07125000000000001 0.09000000000000001
24 0.81 0.5008333333333334 0.06 0.085
24 0.61625 0.10833333333333334 0.07 0.08
31 0.61375 0.19833333333333333 0.0525 0.06333333333333334
31 0.180625 0.12166666666666667 0.05375 0.04666666666666667
18 0.338125 0.8858333333333334 0.04625 0.055
18 0.3975 0.9166666666666667 0.0325 0.04666666666666667
18 0.62125 0.655 0.0375 0.05
21 0.483125 0.6458333333333334 0.06125 0.095
19 0.51 0.6825 0.0525 0.08166666666666667
31 0.43625 0.7091666666666667 0.0475 0.03833333333333334
