18 0.592527 0.032528 0.071721 0.056551
15 0.436220 0.149442 0.114613 0.093048
18 0.837622 0.238123 0.081040 0.065842
18 0.729899 0.457592 0.085979 0.075082
18 0.601670 0.504372 0.072639 0.099338
18 0.909521 0.044067 0.087463 0.061222
18 0.412412 0.765715 0.055836 0.088367
1 0.426248 0.351111 0.080713 0.046202
15 0.141964 0.387279 0.113582 0.109094
15 0.253489 0.147235 0.075836 0.088636
15 0.178167 0.230862 0.098830 0.103478
15 0.143852 0.159669 0.067946 0.107086
15 0.424896 0.264953 0.093340 0.121124
15 0.522524 0.279189 0.115643 0.128745
15 0.683976 0.265553 0.113928 0.117515
15 0.369819 0.068625 0.105347 0.082219
15 0.413573 0.576388 0.088534 0.128745
18 0.489580 0.560144 0.057305 0.101873
18 0.351460 0.019774 0.062453 0.039549
18 0.348028 0.178117 0.073436 0.083023
