19 0.30625 0.19833333333333333 0.045 0.03666666666666667
19 0.348125 0.1716666666666667 0.04125 0.05
19 0.33625 0.20916666666666667 0.05 0.04833333333333334
19 0.47000000000000003 0.21000000000000002 0.03 0.05333333333333334
19 0.308125 0.2775 0.03625 0.03833333333333334
19 0.273125 0.2833333333333333 0.03125 0.04666666666666667
19 0.316875 0.3075 0.04125 0.04833333333333334
19 0.368125 0.35083333333333333 0.03875 0.04833333333333334
21 0.33625 0.36000000000000004 0.0475 0.060000000000000005
11 0.1875 0.5525 0.0275 0.03166666666666667
19 0.380625 0.49333333333333335 0.03875 0.05333333333333334
19 0.29875 0.6566666666666667 0.0325 0.05333333333333334
27 0.34625 0.65 0.0375 0.04666666666666667
21 0.411875 0.6316666666666667 0.043750000000000004 0.08
18 0.435625 0.7000000000000001 0.02375 0.03333333333333333
19 0.33437500000000003 0.7616666666666667 0.03625 0.023333333333333334
19 0.4325 0.7466666666666667 0.0425 0.060000000000000005
19 0.27125 0.8075000000000001 0.035 0.04833333333333334
19 0.32125 0.8300000000000001 0.035 0.04666666666666667
19 0.4425 0.7941666666666667 0.0425 0.05166666666666667
19 0.4475 0.8516666666666667 0.035 0.04
19 0.48625 0.8416666666666667 0.0475 0.04666666666666667
19 0.57875 0.8450000000000001 0.05 0.03666666666666667
19 0.6225 0.8550000000000001 0.04 0.04666666666666667
19 0.5437500000000001 0.7983333333333333 0.0375 0.04666666666666667
19 0.661875 0.7958333333333334 0.051250000000000004 0.04166666666666667
19 0.591875 0.7633333333333334 0.03375 0.04
19 0.583125 0.7775000000000001 0.03375 0.045000000000000005
18 0.52875 0.8725 0.0225 0.028333333333333335
19 0.42312500000000003 0.8516666666666667 0.02875 0.04
19 0.666875 0.7141666666666667 0.03375 0.04833333333333334
19 0.7075 0.6733333333333333 0.0375 0.043333333333333335
19 0.68 0.6641666666666667 0.035 0.05166666666666667
19 0.68 0.7075 0.0475 0.04166666666666667
19 0.61625 0.66 0.0475 0.05
19 0.6525 0.6716666666666667 0.035 0.03666666666666667
19 0.603125 0.6958333333333334 0.03125 0.065
19 0.634375 0.6933333333333334 0.04125 0.043333333333333335
19 0.574375 0.7175 0.04125 0.04166666666666667
19 0.6637500000000001 0.5983333333333334 0.0375 0.05666666666666667
19 0.633125 0.6033333333333334 0.03875 0.03666666666666667
19 0.635 0.5458333333333334 0.04 0.08166666666666667
19 0.614375 0.5700000000000001 0.03625 0.04666666666666667
19 0.596875 0.5800000000000001 0.03625 0.04666666666666667
19 0.693125 0.5441666666666667 0.043750000000000004 0.05166666666666667
19 0.51125 0.5483333333333333 0.0425 0.060000000000000005
19 0.7675000000000001 0.5683333333333334 0.035 0.05333333333333334
24 0.7368750000000001 0.5408333333333334 0.03875 0.04166666666666667
27 0.740625 0.5741666666666667 0.03625 0.04833333333333334
18 0.718125 0.5433333333333333 0.01875 0.02666666666666667
18 0.7262500000000001 0.6366666666666667 0.0225 0.023333333333333334
19 0.775625 0.5 0.02375 0.05333333333333334
19 0.75625 0.5175000000000001 0.0225 0.04833333333333334
19 0.7375 0.47500000000000003 0.0375 0.043333333333333335
19 0.7681250000000001 0.44083333333333335 0.04625 0.045000000000000005
24 0.755625 0.4058333333333334 0.04875 0.045000000000000005
19 0.6587500000000001 0.4491666666666667 0.035 0.058333333333333334
24 0.729375 0.36083333333333334 0.03875 0.05166666666666667
19 0.705 0.37333333333333335 0.0475 0.05333333333333334
19 0.665625 0.37833333333333335 0.043750000000000004 0.05333333333333334
19 0.71 0.2966666666666667 0.0475 0.043333333333333335
21 0.68375 0.325 0.0375 0.060000000000000005
18 0.659375 0.28833333333333333 0.02375 0.03666666666666667
19 0.65375 0.21666666666666667 0.0425 0.05
24 0.6168750000000001 0.22583333333333336 0.043750000000000004 0.045000000000000005
19 0.54625 0.22583333333333336 0.0375 0.055
24 0.4675 0.24583333333333335 0.0425 0.04833333333333334
18 0.26 0.5 0.0225 0.030000000000000002
19 0.58375 0.45583333333333337 0.04 0.055
11 0.56625 0.36083333333333334 0.03 0.058333333333333334
18 0.5875 0.36000000000000004 0.0225 0.03333333333333333
27 0.54625 0.4591666666666667 0.03 0.06166666666666667
19 0.415625 0.81 0.03375 0.05
24 0.589375 0.8033333333333333 0.03875 0.05666666666666667
18 0.728125 0.5041666666666667 0.02125 0.03166666666666667
