26 0.57125 0.43250000000000005 0.035 0.028333333333333335
18 0.685625 0.42750000000000005 0.02625 0.03833333333333334
25 0.7325 0.4366666666666667 0.0475 0.07
25 0.725 0.5091666666666667 0.0525 0.055
25 0.6975 0.4916666666666667 0.04 0.05
21 0.7106250000000001 0.45083333333333336 0.04125 0.065
21 0.6743750000000001 0.3175 0.05625 0.058333333333333334
19 0.651875 0.35750000000000004 0.043750000000000004 0.05166666666666667
25 0.64 0.24166666666666667 0.055 0.060000000000000005
25 0.67125 0.26083333333333336 0.045 0.065
