20 0.131875 0.19416666666666668 0.03625 0.04833333333333334
20 0.115 0.22833333333333336 0.03 0.05666666666666667
20 0.124375 0.32083333333333336 0.04125 0.058333333333333334
20 0.11812500000000001 0.375 0.03375 0.05333333333333334
20 0.22312500000000002 0.4741666666666667 0.03625 0.05166666666666667
20 0.129375 0.46 0.04125 0.060000000000000005
20 0.161875 0.5158333333333334 0.043750000000000004 0.06833333333333334
20 0.084375 0.5108333333333334 0.03625 0.06833333333333334
20 0.206875 0.5541666666666667 0.03625 0.058333333333333334
20 0.29125 0.6491666666666667 0.0375 0.06166666666666667
20 0.34375 0.6666666666666667 0.035 0.07
20 0.275 0.7241666666666667 0.0425 0.065
20 0.24625 0.7233333333333334 0.0375 0.05333333333333334
20 0.18937500000000002 0.6991666666666667 0.03875 0.055
20 0.18125 0.7516666666666667 0.0425 0.06666666666666667
20 0.166875 0.8766666666666667 0.03875 0.07333333333333333
20 0.388125 0.8591666666666667 0.04125 0.058333333333333334
20 0.41000000000000003 0.8066666666666668 0.0375 0.06666666666666667
20 0.438125 0.8325 0.02875 0.055
20 0.45375 0.9341666666666667 0.0375 0.04833333333333334
20 0.5387500000000001 0.9225000000000001 0.035 0.055
20 0.655 0.9525 0.0475 0.058333333333333334
20 0.63 0.9066666666666667 0.0275 0.07333333333333333
20 0.6125 0.8566666666666667 0.0375 0.05333333333333334
19 0.535625 0.8441666666666667 0.04625 0.07833333333333334
20 0.69625 0.7908333333333334 0.0375 0.045000000000000005
20 0.494375 0.5883333333333334 0.043750000000000004 0.060000000000000005
20 0.645625 0.5316666666666667 0.03625 0.06333333333333334
20 0.779375 0.5658333333333334 0.04625 0.07833333333333334
30 0.571875 0.5875 0.04125 0.04166666666666667
20 0.83375 0.49750000000000005 0.0525 0.055
20 0.835 0.5683333333333334 0.035 0.06333333333333334
20 0.826875 0.2725 0.04125 0.055
20 0.33625 0.8708333333333333 0.025 0.03833333333333334
19 0.285625 0.8383333333333334 0.05625 0.07333333333333333
18 0.243125 0.8191666666666667 0.03125 0.045000000000000005
19 0.306875 0.4666666666666667 0.058750000000000004 0.07333333333333333
19 0.18812500000000001 0.4266666666666667 0.07375 0.07666666666666667
20 0.1275 0.6158333333333333 0.045 0.06833333333333334
