25 0.29875 0.29750000000000004 0.0675 0.10166666666666667
30 0.28625 0.43333333333333335 0.035 0.06333333333333334
23 0.1925 0.4766666666666667 0.0325 0.07333333333333333
19 0.15937500000000002 0.8016666666666667 0.05375 0.07333333333333333
20 0.320625 0.78 0.05625 0.07
26 0.501875 0.9208333333333334 0.03625 0.05166666666666667
26 0.40125 0.6925 0.02 0.058333333333333334
30 0.54125 0.455 0.04 0.07333333333333333
30 0.4475 0.4816666666666667 0.05 0.05
26 0.416875 0.4025 0.02875 0.058333333333333334
24 0.4675 0.4066666666666667 0.035 0.08333333333333334
18 0.408125 0.30333333333333334 0.02625 0.05333333333333334
19 0.46875 0.19833333333333333 0.05 0.08333333333333334
30 0.500625 0.13166666666666668 0.03875 0.05
20 0.696875 0.13 0.04625 0.07666666666666667
