11 0.186875 0.28750000000000003 0.05375 0.085
18 0.13125 0.29583333333333334 0.0325 0.03833333333333334
11 0.443125 0.31833333333333336 0.07125000000000001 0.060000000000000005
11 0.134375 0.4608333333333334 0.051250000000000004 0.06833333333333334
11 0.4375 0.4525 0.0525 0.07833333333333334
11 0.305625 0.5791666666666667 0.06125 0.07833333333333334
11 0.244375 0.5950000000000001 0.043750000000000004 0.09333333333333334
18 0.199375 0.6925 0.02875 0.04833333333333334
11 0.375 0.8333333333333334 0.0375 0.08333333333333334
11 0.425 0.8191666666666667 0.0625 0.05166666666666667
11 0.35375 0.9341666666666667 0.065 0.058333333333333334
18 0.384375 0.8983333333333334 0.02125 0.043333333333333335
11 0.479375 0.8725 0.06875 0.055
11 0.529375 0.8383333333333334 0.058750000000000004 0.06666666666666667
11 0.551875 0.7000000000000001 0.06875 0.05666666666666667
11 0.47875 0.6825 0.0675 0.058333333333333334
11 0.53625 0.6216666666666667 0.0725 0.09000000000000001
11 0.551875 0.33333333333333337 0.05375 0.08
11 0.6687500000000001 0.31333333333333335 0.0625 0.07666666666666667
18 0.62875 0.22583333333333336 0.035 0.035
11 0.7418750000000001 0.9558333333333334 0.058750000000000004 0.058333333333333334
