20 0.35875 0.08 0.04 0.04
20 0.425 0.10583333333333333 0.0275 0.055
20 0.265 0.165 0.04 0.05333333333333334
20 0.339375 0.26333333333333336 0.043750000000000004 0.07333333333333333
20 0.27875 0.34 0.0225 0.05333333333333334
20 0.309375 0.45 0.02375 0.06333333333333334
20 0.1775 0.42083333333333334 0.045 0.055
20 0.135 0.26 0.03 0.04666666666666667
20 0.16 0.5533333333333333 0.0475 0.043333333333333335
20 0.181875 0.5766666666666667 0.02625 0.05333333333333334
20 0.27875 0.545 0.04 0.06333333333333334
20 0.08 0.49333333333333335 0.04 0.060000000000000005
20 0.055 0.5733333333333334 0.03 0.05
20 0.109375 0.5783333333333334 0.02375 0.060000000000000005
20 0.170625 0.6466666666666667 0.03125 0.04
20 0.17375000000000002 0.7075 0.0425 0.08166666666666667
20 0.145625 0.6891666666666667 0.01875 0.055
20 0.24375 0.6958333333333334 0.04 0.07500000000000001
20 0.27875 0.7000000000000001 0.035 0.05666666666666667
20 0.328125 0.6883333333333334 0.043750000000000004 0.05
20 0.35875 0.7091666666666667 0.0425 0.04166666666666667
20 0.30125 0.6566666666666667 0.0425 0.060000000000000005
20 0.349375 0.6075 0.04125 0.065
20 0.390625 0.6016666666666667 0.04875 0.07
19 0.206875 0.65 0.04625 0.05666666666666667
20 0.2225 0.76 0.0325 0.05
20 0.23750000000000002 0.7933333333333333 0.03 0.060000000000000005
20 0.27125 0.7883333333333333 0.025 0.04666666666666667
20 0.313125 0.7841666666666667 0.04125 0.07166666666666667
20 0.26375 0.8408333333333334 0.045 0.04166666666666667
20 0.26875 0.88 0.0325 0.043333333333333335
20 0.35125 0.7883333333333333 0.0375 0.05333333333333334
20 0.3625 0.7566666666666667 0.0325 0.05
20 0.39125 0.8258333333333334 0.0275 0.07166666666666667
20 0.41625 0.8425 0.035 0.045000000000000005
20 0.43 0.8125 0.0325 0.045000000000000005
20 0.465 0.8333333333333334 0.0425 0.05666666666666667
20 0.3425 0.8858333333333334 0.05 0.05166666666666667
20 0.31375000000000003 0.92 0.0525 0.043333333333333335
20 0.376875 0.9216666666666667 0.04125 0.05
20 0.383125 0.9466666666666668 0.04125 0.04
20 0.39437500000000003 0.9725 0.04625 0.03166666666666667
19 0.3025 0.8683333333333334 0.05 0.07333333333333333
19 0.5025000000000001 0.9641666666666667 0.055 0.06833333333333334
20 0.46375 0.9508333333333334 0.045 0.03833333333333334
20 0.5825 0.9091666666666667 0.0525 0.05166666666666667
20 0.633125 0.9425000000000001 0.03375 0.05166666666666667
20 0.6375000000000001 0.8883333333333334 0.0475 0.07
20 0.67875 0.8408333333333334 0.0475 0.055
20 0.663125 0.8150000000000001 0.03875 0.07
20 0.49375 0.8466666666666667 0.03 0.05
19 0.4475 0.8700000000000001 0.04 0.07
20 0.4175 0.6808333333333334 0.0375 0.06833333333333334
20 0.474375 0.6816666666666668 0.051250000000000004 0.07
20 0.449375 0.6508333333333334 0.04125 0.04833333333333334
20 0.511875 0.6608333333333334 0.02875 0.06166666666666667
20 0.5337500000000001 0.5416666666666667 0.0275 0.06666666666666667
20 0.594375 0.4808333333333334 0.04625 0.05166666666666667
20 0.561875 0.2941666666666667 0.04625 0.04166666666666667
20 0.53 0.15666666666666668 0.0475 0.05333333333333334
20 0.609375 0.15416666666666667 0.03875 0.055
19 0.591875 0.08416666666666667 0.051250000000000004 0.07166666666666667
20 0.5825 0.013333333333333334 0.0275 0.030000000000000002
20 0.480625 0.015000000000000001 0.04125 0.03333333333333333
20 0.7212500000000001 0.18500000000000003 0.025 0.060000000000000005
20 0.744375 0.23500000000000001 0.03625 0.05333333333333334
20 0.764375 0.30583333333333335 0.04625 0.058333333333333334
20 0.7325 0.27083333333333337 0.035 0.055
20 0.7106250000000001 0.3191666666666667 0.04125 0.058333333333333334
20 0.765 0.4033333333333334 0.04 0.04666666666666667
20 0.7475 0.5266666666666667 0.045 0.05666666666666667
20 0.82375 0.49083333333333334 0.03 0.055
20 0.700625 0.6041666666666667 0.03875 0.06833333333333334
20 0.74125 0.5933333333333334 0.035 0.05333333333333334
20 0.805625 0.6050000000000001 0.04625 0.05666666666666667
20 0.690625 0.6458333333333334 0.03625 0.05166666666666667
19 0.764375 0.7758333333333334 0.05375 0.10166666666666667
20 0.676875 0.6875 0.04125 0.03833333333333334
20 0.913125 0.8133333333333334 0.03875 0.043333333333333335
20 0.85875 0.4516666666666667 0.0225 0.05666666666666667
18 0.753125 0.7075 0.03875 0.03833333333333334
13 0.59125 0.7191666666666667 0.055 0.06166666666666667
20 0.24625 0.38583333333333336 0.0575 0.07833333333333334
27 0.28 0.25333333333333335 0.065 0.060000000000000005
18 0.22 0.13416666666666668 0.025 0.045000000000000005
20 0.894375 0.26583333333333337 0.03625 0.06833333333333334
20 0.6531250000000001 0.1 0.043750000000000004 0.05
