13 0.224375 0.6616666666666667 0.03625 0.05
18 0.343125 0.68 0.02375 0.03333333333333333
26 0.283125 0.62 0.02125 0.03666666666666667
26 0.358125 0.7200000000000001 0.03125 0.030000000000000002
26 0.294375 0.77 0.03125 0.04
26 0.27375 0.7616666666666667 0.03 0.03333333333333333
26 0.36312500000000003 0.8125 0.02125 0.03833333333333334
18 0.310625 0.7875000000000001 0.02375 0.025
26 0.44875 0.775 0.0175 0.04
26 0.5 0.8325 0.0275 0.028333333333333335
18 0.42312500000000003 0.8275 0.02375 0.025
26 0.6481250000000001 0.75 0.02625 0.030000000000000002
26 0.6325000000000001 0.8300000000000001 0.0225 0.03333333333333333
