19 0.37375 0.14416666666666667 0.025 0.04166666666666667
19 0.583125 0.22666666666666668 0.03125 0.05333333333333334
19 0.62125 0.26916666666666667 0.045 0.06833333333333334
19 0.57125 0.2733333333333334 0.055 0.05
19 0.615 0.36000000000000004 0.04 0.07666666666666667
19 0.761875 0.3225 0.04875 0.055
19 0.681875 0.4133333333333334 0.043750000000000004 0.060000000000000005
19 0.715 0.5116666666666667 0.0325 0.05333333333333334
19 0.5075000000000001 0.7116666666666667 0.0475 0.05
19 0.6075 0.7791666666666667 0.0375 0.04833333333333334
19 0.586875 0.8200000000000001 0.03625 0.04
19 0.56875 0.8516666666666667 0.0375 0.04666666666666667
19 0.466875 0.7583333333333334 0.03875 0.04666666666666667
19 0.45 0.7525000000000001 0.0475 0.045000000000000005
19 0.429375 0.8258333333333334 0.051250000000000004 0.05166666666666667
19 0.390625 0.7208333333333333 0.04125 0.04166666666666667
19 0.33875 0.7200000000000001 0.0325 0.07333333333333333
19 0.305 0.7150000000000001 0.0425 0.04666666666666667
19 0.311875 0.7933333333333333 0.043750000000000004 0.05666666666666667
19 0.38 0.5975 0.0425 0.045000000000000005
19 0.660625 0.505 0.03625 0.05333333333333334
