11 0.22625 0.2575 0.06 0.065
18 0.138125 0.41583333333333333 0.02625 0.04833333333333334
11 0.27375 0.44583333333333336 0.06 0.065
11 0.339375 0.44583333333333336 0.058750000000000004 0.06166666666666667
11 0.381875 0.41000000000000003 0.03875 0.09000000000000001
11 0.338125 0.36500000000000005 0.04875 0.07666666666666667
11 0.380625 0.3216666666666667 0.03375 0.08
11 0.435625 0.36833333333333335 0.06125 0.07
11 0.47750000000000004 0.42500000000000004 0.05 0.060000000000000005
11 0.52125 0.4025 0.0425 0.10500000000000001
11 0.415625 0.28 0.04625 0.08333333333333334
11 0.299375 0.49833333333333335 0.06375 0.06333333333333334
11 0.324375 0.5758333333333334 0.07125000000000001 0.058333333333333334
11 0.4675 0.61 0.06 0.06333333333333334
11 0.20750000000000002 0.51 0.04 0.09333333333333334
11 0.235625 0.47500000000000003 0.043750000000000004 0.06666666666666667
11 0.15375 0.47500000000000003 0.0525 0.08
11 0.083125 0.5166666666666667 0.05375 0.05
11 0.1925 0.6016666666666667 0.06 0.05666666666666667
11 0.338125 0.665 0.07375 0.07333333333333333
11 0.4 0.7008333333333334 0.0425 0.095
11 0.508125 0.7258333333333333 0.06875 0.055
11 0.45625 0.7833333333333334 0.045 0.08666666666666667
11 0.40375 0.8200000000000001 0.07 0.060000000000000005
11 0.40375 0.8816666666666667 0.055 0.07666666666666667
11 0.29625 0.7816666666666667 0.0725 0.060000000000000005
11 0.7775 0.8775000000000001 0.0525 0.065
11 0.690625 0.7258333333333333 0.06375 0.07166666666666667
11 0.61875 0.7191666666666667 0.0425 0.07500000000000001
11 0.57375 0.7958333333333334 0.035 0.08833333333333333
11 0.735625 0.5758333333333334 0.051250000000000004 0.06166666666666667
11 0.69625 0.5533333333333333 0.05 0.08666666666666667
11 0.620625 0.4541666666666667 0.051250000000000004 0.08833333333333333
11 0.575625 0.4 0.058750000000000004 0.06666666666666667
11 0.756875 0.3775 0.06625 0.05166666666666667
11 0.698125 0.3241666666666667 0.06375 0.05166666666666667
11 0.671875 0.29333333333333333 0.06375 0.060000000000000005
11 0.5962500000000001 0.2891666666666667 0.055 0.065
11 0.645 0.24000000000000002 0.04 0.08
11 0.56 0.20833333333333334 0.05 0.08666666666666667
11 0.86 0.24083333333333334 0.0475 0.085
11 0.8625 0.37083333333333335 0.045 0.08833333333333333
11 0.961875 0.3891666666666667 0.05625 0.05166666666666667
11 0.926875 0.525 0.043750000000000004 0.05666666666666667
11 0.936875 0.6725000000000001 0.03625 0.09166666666666667
