11 0.355 0.18666666666666668 0.0325 0.04
11 0.39437500000000003 0.20583333333333334 0.02625 0.058333333333333334
21 0.355 0.49583333333333335 0.055 0.07500000000000001
27 0.2975 0.48500000000000004 0.03 0.05666666666666667
26 0.254375 0.47000000000000003 0.02125 0.02666666666666667
19 0.2575 0.5533333333333333 0.035 0.05
19 0.25 0.6950000000000001 0.0275 0.04666666666666667
19 0.354375 0.7416666666666667 0.03875 0.05333333333333334
19 0.36 0.8300000000000001 0.03 0.03666666666666667
19 0.41875 0.8008333333333334 0.0325 0.04833333333333334
19 0.466875 0.9058333333333334 0.03375 0.03833333333333334
19 0.515625 0.8700000000000001 0.03375 0.04666666666666667
19 0.470625 0.8133333333333334 0.043750000000000004 0.05666666666666667
28 0.49875 0.7275 0.0375 0.05166666666666667
19 0.571875 0.805 0.03125 0.05666666666666667
21 0.605625 0.8033333333333333 0.051250000000000004 0.060000000000000005
26 0.55125 0.7066666666666667 0.0225 0.03333333333333333
11 0.5775 0.5733333333333334 0.0375 0.05333333333333334
11 0.688125 0.745 0.04875 0.05
21 0.670625 0.6291666666666667 0.04625 0.06166666666666667
26 0.65 0.5933333333333334 0.02 0.03333333333333333
28 0.65 0.4441666666666667 0.0475 0.055
28 0.7156250000000001 0.3591666666666667 0.04125 0.055
25 0.6075 0.39333333333333337 0.0425 0.05333333333333334
28 0.60875 0.34 0.0425 0.03333333333333333
19 0.63375 0.3191666666666667 0.0475 0.05166666666666667
27 0.610625 0.2041666666666667 0.03375 0.05166666666666667
11 0.56375 0.18500000000000003 0.03 0.04
25 0.41875 0.6441666666666667 0.0475 0.045000000000000005
