22 0.41875 0.018333333333333333 0.025 0.03666666666666667
22 0.341875 0.05916666666666667 0.04625 0.028333333333333335
22 0.3 0.11333333333333334 0.0225 0.04
22 0.41500000000000004 0.17416666666666666 0.0325 0.03833333333333334
22 0.445 0.11166666666666668 0.0425 0.023333333333333334
22 0.45375 0.14750000000000002 0.035 0.04833333333333334
22 0.40125 0.23500000000000001 0.045 0.04
22 0.29625 0.2575 0.0225 0.065
22 0.21937500000000001 0.28583333333333333 0.04125 0.035
22 0.1525 0.2816666666666667 0.04 0.03666666666666667
22 0.568125 0.3066666666666667 0.02625 0.06666666666666667
22 0.681875 0.20083333333333334 0.02125 0.055
22 0.6587500000000001 0.2816666666666667 0.035 0.05333333333333334
22 0.639375 0.45 0.04625 0.06333333333333334
22 0.418125 0.45 0.02375 0.07
22 0.3875 0.42750000000000005 0.0325 0.045000000000000005
22 0.094375 0.5958333333333333 0.03625 0.028333333333333335
22 0.565625 0.7475 0.03375 0.058333333333333334
22 0.731875 0.9700000000000001 0.04625 0.03333333333333333
22 0.920625 0.3425 0.04125 0.03833333333333334
22 0.7975 0.18083333333333335 0.0325 0.028333333333333335
19 0.7731250000000001 0.29833333333333334 0.051250000000000004 0.07
20 0.18625 0.7191666666666667 0.045 0.065
22 0.3325 0.4216666666666667 0.0425 0.030000000000000002
29 0.541875 0.5108333333333334 0.051250000000000004 0.09166666666666667
