20 0.340625 0.12666666666666668 0.04625 0.06666666666666667
20 0.3925 0.15166666666666667 0.0475 0.07666666666666667
20 0.413125 0.2516666666666667 0.05625 0.06666666666666667
20 0.355 0.23083333333333333 0.045 0.06166666666666667
20 0.26687500000000003 0.17416666666666666 0.04625 0.058333333333333334
20 0.25125000000000003 0.2991666666666667 0.0575 0.05166666666666667
20 0.26375 0.35250000000000004 0.05 0.055
20 0.208125 0.405 0.03875 0.07333333333333333
20 0.244375 0.4066666666666667 0.04625 0.04
20 0.449375 0.5166666666666667 0.04875 0.07
20 0.61875 0.16416666666666668 0.0325 0.07166666666666667
20 0.491875 0.18083333333333335 0.05625 0.07833333333333334
20 0.55 0.34500000000000003 0.0425 0.08
