21 0.18875 0.40166666666666667 0.075 0.07
24 0.08875 0.44833333333333336 0.0525 0.09000000000000001
24 0.18375 0.4633333333333334 0.0575 0.05666666666666667
21 0.174375 0.5308333333333334 0.058750000000000004 0.09833333333333334
19 0.270625 0.5383333333333333 0.051250000000000004 0.06666666666666667
24 0.32375 0.515 0.0825 0.08666666666666667
19 0.33375 0.4525 0.0625 0.06166666666666667
20 0.21125 0.755 0.0375 0.07
21 0.236875 0.8191666666666667 0.06625 0.095
21 0.354375 0.9583333333333334 0.07875 0.043333333333333335
21 0.489375 0.9116666666666667 0.09875 0.09333333333333334
21 0.5675 0.8333333333333334 0.0775 0.09333333333333334
21 0.43625 0.8033333333333333 0.07 0.08666666666666667
21 0.385 0.645 0.065 0.09666666666666668
18 0.41250000000000003 0.7658333333333334 0.045 0.045000000000000005
24 0.463125 0.6125 0.08375 0.09166666666666667
21 0.629375 0.6683333333333333 0.06625 0.11333333333333334
24 0.671875 0.6166666666666667 0.06875 0.11
19 0.723125 0.5908333333333333 0.06125 0.07166666666666667
24 0.7825 0.43583333333333335 0.07 0.09166666666666667
