7 0.474252 0.806683 0.125846 0.099803
7 0.446256 0.201644 0.120855 0.087328
7 0.661358 0.264019 0.068743 0.153857
7 0.691295 0.387938 0.106442 0.105624
7 0.560052 0.213917 0.056001 0.215002
7 0.351734 0.417878 0.051557 0.167167
7 0.292415 0.525995 0.075951 0.118927
7 0.396085 0.630786 0.052665 0.153860
7 0.465937 0.644924 0.047122 0.148868
7 0.620333 0.493559 0.051002 0.155522
7 0.404123 0.486907 0.051005 0.147206
7 0.462334 0.471938 0.052112 0.163837
7 0.566004 0.343444 0.046567 0.151362
7 0.413824 0.300755 0.122560 0.089822
5 0.571547 0.661973 0.063200 0.133067
11 0.351179 0.688170 0.059318 0.125581
5 0.402737 0.947836 0.084821 0.104327
7 0.546046 0.440334 0.105332 0.065703
7 0.517218 0.542211 0.035479 0.149701
7 0.562955 0.539717 0.052665 0.144712
