6 0.347424 0.573885 0.034928 0.064424
9 0.667631 0.251034 0.048432 0.043564
9 0.604018 0.287663 0.033065 0.041723
9 0.552792 0.310058 0.029340 0.052151
9 0.573282 0.550878 0.020955 0.039265
6 0.210745 0.544129 0.031665 0.050313
6 0.224017 0.484307 0.041445 0.054608
6 0.427755 0.584623 0.048430 0.044173
6 0.417045 0.646899 0.024215 0.055833
6 0.509250 0.597813 0.095000 0.102464
6 0.529740 0.672974 0.037255 0.053992
6 0.572351 0.675428 0.041447 0.045402
6 0.618920 0.712856 0.029340 0.053992
6 0.668981 0.666840 0.025147 0.063811
6 0.626836 0.646899 0.019093 0.052151
6 0.741396 0.760405 0.049828 0.049697
6 0.709962 0.697516 0.040050 0.047859
6 0.718810 0.636161 0.050295 0.031907
6 0.704141 0.579407 0.052623 0.037424
6 0.444288 0.890787 0.056350 0.026996
6 0.533234 0.808263 0.020958 0.057059
6 0.624276 0.931588 0.032597 0.066877
6 0.692732 0.901830 0.067990 0.047856
6 0.677131 0.783106 0.027477 0.058287
6 0.301089 0.816238 0.045638 0.076693
6 0.348356 0.634321 0.046102 0.035586
6 0.329495 0.533391 0.027940 0.060741
6 0.413738 0.313554 0.037720 0.066265
6 0.533652 0.192992 0.047500 0.042335
6 0.314548 0.206797 0.054485 0.046630
