18 0.3225 0.19083333333333335 0.025 0.03166666666666667
11 0.245625 0.30000000000000004 0.02625 0.05333333333333334
11 0.216875 0.36000000000000004 0.02625 0.05666666666666667
11 0.345625 0.4675 0.03625 0.03833333333333334
18 0.31125 0.4525 0.025 0.021666666666666667
18 0.310625 0.39416666666666667 0.02625 0.035
18 0.228125 0.39416666666666667 0.02375 0.03166666666666667
18 0.245 0.4366666666666667 0.02 0.030000000000000002
18 0.19875 0.4516666666666667 0.0225 0.030000000000000002
18 0.2175 0.4866666666666667 0.02 0.030000000000000002
20 0.38625 0.41000000000000003 0.025 0.03333333333333333
18 0.295625 0.5033333333333334 0.02875 0.03666666666666667
18 0.229375 0.5191666666666667 0.01875 0.025
18 0.336875 0.6475000000000001 0.02375 0.03166666666666667
18 0.255 0.6366666666666667 0.0225 0.030000000000000002
18 0.295 0.6958333333333334 0.0225 0.028333333333333335
18 0.34750000000000003 0.6975 0.0225 0.03166666666666667
18 0.39187500000000003 0.7250000000000001 0.02375 0.03666666666666667
18 0.41250000000000003 0.7108333333333334 0.025 0.035
18 0.36 0.7741666666666667 0.025 0.03166666666666667
18 0.25 0.7333333333333334 0.025 0.03333333333333333
24 0.293125 0.6583333333333333 0.04125 0.05666666666666667
23 0.45 0.6633333333333333 0.035 0.05
18 0.536875 0.7191666666666667 0.02875 0.03166666666666667
18 0.48375 0.7625000000000001 0.0225 0.018333333333333333
18 0.476875 0.7858333333333334 0.02125 0.028333333333333335
23 0.500625 0.7941666666666667 0.03875 0.035
18 0.5493750000000001 0.8425 0.02125 0.035
18 0.47625 0.8641666666666667 0.025 0.04166666666666667
18 0.61125 0.7916666666666667 0.025 0.030000000000000002
18 0.613125 0.8166666666666668 0.02375 0.030000000000000002
19 0.613125 0.7075 0.03375 0.065
18 0.63 0.6358333333333334 0.025 0.028333333333333335
18 0.5806250000000001 0.6216666666666667 0.02375 0.030000000000000002
18 0.64625 0.5675 0.025 0.028333333333333335
18 0.52875 0.5866666666666667 0.0275 0.03333333333333333
18 0.49062500000000003 0.5808333333333334 0.02625 0.035
23 0.539375 0.42250000000000004 0.04625 0.04833333333333334
18 0.75 0.42750000000000005 0.0275 0.03833333333333334
24 0.6975 0.3275 0.0525 0.04833333333333334
11 0.671875 0.25916666666666666 0.03125 0.04833333333333334
11 0.644375 0.20333333333333334 0.03875 0.03333333333333333
18 0.619375 0.21666666666666667 0.02375 0.030000000000000002
19 0.63875 0.2808333333333333 0.035 0.04166666666666667
18 0.555 0.2566666666666667 0.02 0.030000000000000002
18 0.538125 0.26583333333333337 0.02125 0.035
11 0.49062500000000003 0.19083333333333335 0.03375 0.065
