11 0.32875 0.2016666666666667 0.0275 0.05333333333333334
11 0.263125 0.265 0.04125 0.03666666666666667
11 0.375625 0.30250000000000005 0.03875 0.035
11 0.413125 0.2891666666666667 0.03625 0.028333333333333335
11 0.43375 0.25083333333333335 0.0375 0.045000000000000005
11 0.450625 0.23083333333333333 0.03625 0.025
11 0.390625 0.3358333333333334 0.04125 0.05166666666666667
11 0.28625 0.3875 0.0375 0.04166666666666667
11 0.22312500000000002 0.36333333333333334 0.03125 0.04666666666666667
11 0.200625 0.4008333333333334 0.03625 0.03166666666666667
11 0.2125 0.44 0.025 0.04666666666666667
11 0.335625 0.4841666666666667 0.02375 0.058333333333333334
11 0.1975 0.5466666666666667 0.025 0.060000000000000005
11 0.2425 0.6008333333333333 0.0275 0.05166666666666667
11 0.216875 0.6041666666666667 0.02125 0.035
11 0.210625 0.6291666666666667 0.02375 0.04833333333333334
11 0.35625 0.56 0.0375 0.03666666666666667
11 0.328125 0.5866666666666667 0.03875 0.03666666666666667
11 0.268125 0.6716666666666667 0.02875 0.04666666666666667
11 0.435 0.5858333333333333 0.04 0.03833333333333334
11 0.42625 0.6408333333333334 0.0325 0.045000000000000005
11 0.473125 0.5708333333333334 0.03125 0.025
11 0.495 0.5825 0.02 0.04833333333333334
11 0.468125 0.6066666666666667 0.02375 0.04666666666666667
11 0.48375 0.66 0.045 0.04
11 0.27875 0.765 0.04 0.04
11 0.39375 0.7991666666666667 0.035 0.03833333333333334
11 0.34750000000000003 0.8375 0.0325 0.045000000000000005
11 0.424375 0.8583333333333334 0.03125 0.04
11 0.42125 0.8241666666666667 0.0325 0.045000000000000005
11 0.45937500000000003 0.7908333333333334 0.02375 0.04166666666666667
11 0.476875 0.7516666666666667 0.03125 0.04666666666666667
11 0.463125 0.8408333333333334 0.03375 0.03166666666666667
11 0.515 0.8666666666666667 0.0325 0.03666666666666667
11 0.533125 0.8225 0.043750000000000004 0.021666666666666667
11 0.55375 0.8341666666666667 0.0375 0.03166666666666667
11 0.58875 0.8683333333333334 0.0325 0.02666666666666667
11 0.6075 0.8341666666666667 0.0325 0.028333333333333335
11 0.543125 0.7000000000000001 0.01625 0.043333333333333335
11 0.555 0.7283333333333334 0.025 0.05
11 0.61625 0.7541666666666668 0.035 0.03166666666666667
11 0.62125 0.7825000000000001 0.0275 0.035
11 0.64 0.785 0.0275 0.030000000000000002
11 0.649375 0.7016666666666667 0.01875 0.04666666666666667
11 0.725625 0.7075 0.02125 0.03833333333333334
11 0.703125 0.7425 0.02125 0.04166666666666667
11 0.68625 0.6875 0.035 0.03166666666666667
11 0.63125 0.6691666666666667 0.03 0.04166666666666667
11 0.584375 0.6533333333333333 0.03625 0.03666666666666667
11 0.59 0.6058333333333333 0.035 0.045000000000000005
11 0.658125 0.6425000000000001 0.03875 0.03166666666666667
11 0.641875 0.6141666666666667 0.03625 0.03166666666666667
11 0.743125 0.6566666666666667 0.02125 0.043333333333333335
11 0.7575000000000001 0.6258333333333334 0.03 0.03166666666666667
11 0.71375 0.6475000000000001 0.0275 0.04166666666666667
11 0.676875 0.6191666666666668 0.02375 0.03166666666666667
11 0.683125 0.5866666666666667 0.01875 0.04
11 0.70375 0.6041666666666667 0.02 0.05166666666666667
11 0.7225 0.6008333333333333 0.02 0.045000000000000005
11 0.756875 0.5741666666666667 0.02375 0.058333333333333334
11 0.734375 0.5566666666666668 0.01625 0.04666666666666667
11 0.601875 0.5316666666666667 0.03375 0.03666666666666667
11 0.629375 0.5591666666666667 0.02875 0.04833333333333334
11 0.566875 0.5433333333333333 0.04125 0.03666666666666667
11 0.560625 0.515 0.03875 0.03333333333333333
11 0.609375 0.48500000000000004 0.03625 0.03333333333333333
11 0.62875 0.5208333333333334 0.0325 0.055
11 0.649375 0.4991666666666667 0.02375 0.05166666666666667
11 0.66625 0.5316666666666667 0.025 0.060000000000000005
11 0.685625 0.5266666666666667 0.02125 0.05666666666666667
11 0.7106250000000001 0.5325000000000001 0.02375 0.05166666666666667
11 0.7518750000000001 0.5108333333333334 0.02625 0.04833333333333334
11 0.7312500000000001 0.4866666666666667 0.025 0.04666666666666667
11 0.75 0.4741666666666667 0.0275 0.04833333333333334
11 0.56125 0.4783333333333334 0.04 0.03333333333333333
11 0.58375 0.4625 0.04 0.028333333333333335
11 0.578125 0.41750000000000004 0.03125 0.05166666666666667
11 0.61 0.405 0.0175 0.03666666666666667
11 0.630625 0.42500000000000004 0.02875 0.043333333333333335
11 0.45687500000000003 0.4591666666666667 0.03875 0.04166666666666667
11 0.474375 0.4866666666666667 0.03125 0.05
11 0.501875 0.49583333333333335 0.02875 0.04166666666666667
11 0.51625 0.4633333333333334 0.0275 0.04666666666666667
11 0.440625 0.4266666666666667 0.043750000000000004 0.03666666666666667
11 0.44625000000000004 0.3825 0.035 0.04166666666666667
11 0.47750000000000004 0.39583333333333337 0.03 0.045000000000000005
11 0.46375 0.34833333333333333 0.0325 0.04
11 0.465625 0.30833333333333335 0.03875 0.04
11 0.51875 0.32916666666666666 0.0325 0.03833333333333334
11 0.516875 0.36250000000000004 0.03125 0.04166666666666667
11 0.5437500000000001 0.3225 0.0225 0.05166666666666667
11 0.569375 0.30083333333333334 0.02625 0.05166666666666667
11 0.583125 0.35083333333333333 0.03375 0.03833333333333334
11 0.555625 0.38833333333333336 0.04125 0.03666666666666667
11 0.6531250000000001 0.39333333333333337 0.03375 0.05
11 0.703125 0.42500000000000004 0.02875 0.05333333333333334
11 0.739375 0.43000000000000005 0.02625 0.04
11 0.74125 0.3741666666666667 0.025 0.04833333333333334
11 0.700625 0.35083333333333333 0.04125 0.035
11 0.6675 0.3425 0.0325 0.03166666666666667
11 0.655 0.3091666666666667 0.0325 0.045000000000000005
11 0.624375 0.3166666666666667 0.04125 0.04
11 0.605625 0.28750000000000003 0.03875 0.028333333333333335
11 0.608125 0.26166666666666666 0.02625 0.02666666666666667
11 0.645625 0.25 0.01875 0.043333333333333335
11 0.636875 0.2783333333333334 0.02875 0.043333333333333335
11 0.714375 0.29250000000000004 0.02875 0.04833333333333334
11 0.7325 0.3191666666666667 0.0225 0.05166666666666667
11 0.691875 0.3216666666666667 0.03375 0.03333333333333333
11 0.55875 0.26833333333333337 0.02 0.043333333333333335
11 0.538125 0.2566666666666667 0.03375 0.030000000000000002
11 0.626875 0.20833333333333334 0.02375 0.04666666666666667
11 0.61125 0.23083333333333333 0.0225 0.04166666666666667
11 0.59125 0.2041666666666667 0.025 0.04166666666666667
11 0.573125 0.23 0.03375 0.030000000000000002
11 0.588125 0.25916666666666666 0.02375 0.03833333333333334
11 0.561875 0.20083333333333334 0.03375 0.03166666666666667
11 0.54875 0.22583333333333336 0.0175 0.03833333333333334
11 0.52375 0.22583333333333336 0.035 0.035
11 0.491875 0.24333333333333335 0.02625 0.04
11 0.50875 0.17500000000000002 0.0225 0.05
11 0.47750000000000004 0.14583333333333334 0.03 0.028333333333333335
11 0.471875 0.18333333333333335 0.02375 0.043333333333333335
11 0.45625 0.165 0.0175 0.02666666666666667
11 0.438125 0.17833333333333334 0.03125 0.02666666666666667
11 0.420625 0.2041666666666667 0.02625 0.04833333333333334
11 0.389375 0.15000000000000002 0.03125 0.03333333333333333
11 0.31375000000000003 0.3241666666666667 0.0275 0.035
27 0.323125 0.2525 0.02375 0.05166666666666667
27 0.37 0.26 0.035 0.060000000000000005
27 0.358125 0.18666666666666668 0.03125 0.05
27 0.39125 0.18916666666666668 0.04 0.03833333333333334
27 0.460625 0.27416666666666667 0.02875 0.03166666666666667
27 0.538125 0.19333333333333336 0.03375 0.02666666666666667
27 0.5325 0.28500000000000003 0.0425 0.03666666666666667
27 0.514375 0.2525 0.02375 0.045000000000000005
27 0.49062500000000003 0.275 0.03875 0.03666666666666667
27 0.5075000000000001 0.4033333333333334 0.035 0.043333333333333335
27 0.6012500000000001 0.38083333333333336 0.0375 0.045000000000000005
27 0.5543750000000001 0.4416666666666667 0.04125 0.05666666666666667
27 0.680625 0.47250000000000003 0.03625 0.06166666666666667
27 0.525625 0.52 0.03625 0.04
27 0.534375 0.5791666666666667 0.05375 0.03833333333333334
27 0.470625 0.5375000000000001 0.02625 0.04166666666666667
27 0.654375 0.5775 0.02375 0.045000000000000005
27 0.589375 0.7425 0.043750000000000004 0.04833333333333334
27 0.581875 0.7841666666666667 0.043750000000000004 0.04166666666666667
11 0.42562500000000003 0.7066666666666667 0.03625 0.043333333333333335
27 0.34500000000000003 0.6208333333333333 0.0375 0.04833333333333334
18 0.349375 0.4366666666666667 0.02375 0.030000000000000002
18 0.26125 0.4741666666666667 0.0275 0.025
18 0.2425 0.30333333333333334 0.015 0.030000000000000002
18 0.33875 0.3016666666666667 0.02 0.03666666666666667
18 0.4525 0.49583333333333335 0.025 0.028333333333333335
18 0.321875 0.7625000000000001 0.02875 0.018333333333333333
18 0.521875 0.7133333333333334 0.02125 0.02666666666666667
18 0.531875 0.7666666666666667 0.02375 0.03666666666666667
18 0.51375 0.7725000000000001 0.015 0.025
