19 0.36562500000000003 0.3075 0.06375 0.058333333333333334
21 0.318125 0.335 0.06125 0.08333333333333334
19 0.12875 0.38833333333333336 0.0525 0.06333333333333334
19 0.37625000000000003 0.46166666666666667 0.0575 0.09333333333333334
19 0.43 0.555 0.05 0.08
19 0.22 0.7300000000000001 0.05 0.05666666666666667
19 0.28 0.7100000000000001 0.0425 0.07666666666666667
19 0.18875 0.7875000000000001 0.0525 0.065
20 0.0675 0.4716666666666667 0.0375 0.05333333333333334
20 0.181875 0.5258333333333334 0.04125 0.07500000000000001
21 0.125 0.4708333333333334 0.06 0.095
18 0.21 0.5241666666666667 0.0225 0.055
21 0.211875 0.6708333333333334 0.07875 0.07833333333333334
18 0.39375 0.7191666666666667 0.0375 0.05166666666666667
18 0.278125 0.76 0.04125 0.05
21 0.386875 0.9141666666666667 0.06625 0.08833333333333333
19 0.35125 0.8641666666666667 0.0575 0.07500000000000001
21 0.50625 0.9425000000000001 0.0675 0.08166666666666667
21 0.57625 0.885 0.065 0.12333333333333334
21 0.6637500000000001 0.9116666666666667 0.07 0.09000000000000001
21 0.608125 0.7616666666666667 0.07625 0.10333333333333335
25 0.651875 0.7141666666666667 0.06375 0.11166666666666668
21 0.6012500000000001 0.38 0.07 0.09000000000000001
24 0.798125 0.62 0.06125 0.08666666666666667
