19 0.294375 0.10750000000000001 0.04875 0.06166666666666667
19 0.304375 0.29250000000000004 0.04125 0.055
19 0.25625 0.39083333333333337 0.065 0.045000000000000005
19 0.293125 0.515 0.05375 0.07333333333333333
26 0.34375 0.11166666666666668 0.0275 0.04
26 0.51125 0.21166666666666667 0.02 0.05666666666666667
20 0.534375 0.2 0.04625 0.05666666666666667
20 0.390625 0.33 0.05625 0.05333333333333334
26 0.18875 0.32666666666666666 0.0375 0.060000000000000005
24 0.19062500000000002 0.4216666666666667 0.02875 0.04666666666666667
26 0.393125 0.41750000000000004 0.03375 0.035
26 0.511875 0.3066666666666667 0.02875 0.04
23 0.52 0.33666666666666667 0.0475 0.05333333333333334
19 0.5437500000000001 0.32583333333333336 0.04 0.06166666666666667
26 0.39375 0.6558333333333334 0.035 0.03166666666666667
26 0.358125 0.7708333333333334 0.03625 0.03833333333333334
26 0.644375 0.5033333333333334 0.03375 0.05333333333333334
26 0.645625 0.43000000000000005 0.02375 0.05
26 0.71875 0.28583333333333333 0.03 0.04833333333333334
18 0.775625 0.3875 0.043750000000000004 0.05166666666666667
20 0.660625 0.2791666666666667 0.04875 0.058333333333333334
