11 0.1675 0.09333333333333334 0.0425 0.07
11 0.33875 0.05416666666666667 0.045 0.06166666666666667
22 0.245625 0.20750000000000002 0.03875 0.04166666666666667
22 0.1925 0.24916666666666668 0.0375 0.035
22 0.196875 0.2791666666666667 0.03125 0.021666666666666667
22 0.18 0.3216666666666667 0.045 0.03666666666666667
22 0.12125 0.3441666666666667 0.0375 0.04166666666666667
22 0.11375 0.43000000000000005 0.035 0.030000000000000002
22 0.32 0.48000000000000004 0.0425 0.04
22 0.278125 0.5083333333333334 0.04125 0.03333333333333333
22 0.218125 0.515 0.03875 0.03333333333333333
22 0.17125 0.6816666666666668 0.035 0.04666666666666667
22 0.233125 0.625 0.03625 0.04
22 0.315 0.8075000000000001 0.0275 0.058333333333333334
22 0.36062500000000003 0.7658333333333334 0.02125 0.055
22 0.389375 0.7408333333333333 0.04625 0.045000000000000005
22 0.38625 0.8008333333333334 0.0325 0.03833333333333334
22 0.359375 0.9616666666666668 0.02125 0.03666666666666667
19 0.3675 0.9833333333333334 0.0675 0.02
22 0.50875 0.9008333333333334 0.02 0.065
22 0.659375 0.8666666666666667 0.03375 0.030000000000000002
22 0.606875 0.755 0.03625 0.03666666666666667
22 0.39437500000000003 0.6716666666666667 0.04125 0.02666666666666667
22 0.473125 0.55 0.02125 0.06333333333333334
22 0.510625 0.5641666666666667 0.051250000000000004 0.028333333333333335
22 0.433125 0.4116666666666667 0.01875 0.05666666666666667
22 0.51 0.25833333333333336 0.0425 0.03333333333333333
22 0.470625 0.21833333333333335 0.03625 0.06666666666666667
22 0.49375 0.17583333333333334 0.02 0.06166666666666667
22 0.470625 0.1575 0.02625 0.055
22 0.5425 0.06583333333333334 0.04 0.028333333333333335
22 0.541875 0.09583333333333334 0.04125 0.028333333333333335
22 0.56 0.165 0.05 0.04
22 0.64125 0.2016666666666667 0.03 0.05333333333333334
22 0.8475 0.33333333333333337 0.0375 0.03333333333333333
22 0.9 0.35583333333333333 0.04 0.028333333333333335
22 0.8150000000000001 0.42833333333333334 0.04 0.030000000000000002
22 0.695625 0.8666666666666667 0.03625 0.030000000000000002
22 0.743125 0.8525 0.03875 0.028333333333333335
11 0.865625 0.26 0.05375 0.05666666666666667
21 0.87625 0.6183333333333334 0.0575 0.08
22 0.668125 0.5533333333333333 0.02125 0.04666666666666667
11 0.6725 0.45583333333333337 0.055 0.05166666666666667
22 0.68 0.6366666666666667 0.0375 0.02666666666666667
22 0.6843750000000001 0.6641666666666667 0.04625 0.025
22 0.67 0.685 0.0425 0.02666666666666667
11 0.626875 0.7258333333333333 0.03625 0.065
11 0.531875 0.5925 0.051250000000000004 0.055
29 0.42125 0.8750000000000001 0.0625 0.07
11 0.29 0.9216666666666667 0.0575 0.05333333333333334
11 0.24875 0.9516666666666668 0.0575 0.060000000000000005
27 0.716875 0.0975 0.06125 0.09833333333333334
29 0.775625 0.15333333333333335 0.058750000000000004 0.08
11 0.5593750000000001 0.49000000000000005 0.06125 0.09000000000000001
19 0.5700000000000001 0.10750000000000001 0.0625 0.065
