11 0.393125 0.2066666666666667 0.06875 0.06333333333333334
11 0.419375 0.26166666666666666 0.07375 0.05666666666666667
11 0.451875 0.3491666666666667 0.06375 0.07166666666666667
11 0.436875 0.405 0.07375 0.05666666666666667
11 0.24375 0.36500000000000005 0.0525 0.09333333333333334
11 0.28500000000000003 0.5175000000000001 0.0375 0.10833333333333334
11 0.33625 0.5175000000000001 0.045 0.09166666666666667
11 0.37 0.5658333333333334 0.04 0.10166666666666667
11 0.405 0.4816666666666667 0.0425 0.08666666666666667
11 0.443125 0.555 0.07125000000000001 0.05666666666666667
11 0.195625 0.5775 0.04625 0.07500000000000001
11 0.231875 0.63 0.05375 0.08666666666666667
11 0.034375 0.53 0.03125 0.08333333333333334
11 0.044375 0.7250000000000001 0.03375 0.08666666666666667
11 0.378125 0.755 0.07125000000000001 0.06333333333333334
11 0.414375 0.6341666666666667 0.04125 0.115
11 0.46125 0.62 0.0525 0.08
11 0.6575 0.9175000000000001 0.065 0.06166666666666667
11 0.624375 0.8883333333333334 0.05375 0.09333333333333334
11 0.47750000000000004 0.5016666666666667 0.07 0.05
11 0.541875 0.37333333333333335 0.06875 0.06333333333333334
11 0.564375 0.31 0.07625 0.05666666666666667
18 0.599375 0.17833333333333334 0.03625 0.043333333333333335
11 0.584375 0.04916666666666667 0.05625 0.06833333333333334
11 0.944375 0.37833333333333335 0.05625 0.08
