5 0.370218 0.324638 0.050283 0.106119
7 0.214784 0.492568 0.126897 0.088709
7 0.283866 0.529993 0.075307 0.170491
7 0.429735 0.540389 0.072935 0.164947
7 0.509788 0.539003 0.080050 0.155242
7 0.717031 0.521330 0.081830 0.190589
7 0.555149 0.403165 0.160103 0.072077
7 0.626306 0.481479 0.072344 0.166333
7 0.298394 0.353265 0.079458 0.166333
7 0.467088 0.307768 0.062972 0.191091
3 0.428847 0.059405 0.039138 0.091484
11 0.589542 0.691822 0.075898 0.107421
5 0.446043 0.711573 0.066415 0.099800
5 0.319443 0.724049 0.063448 0.109502
5 0.608814 0.771872 0.063448 0.088712
5 0.617709 0.575389 0.095468 0.067228
5 0.712583 0.371282 0.052773 0.099800
5 0.661292 0.337670 0.049810 0.100491
5 0.720293 0.295047 0.085982 0.062375
5 0.605257 0.292967 0.090725 0.056832
5 0.535286 0.229900 0.062263 0.081779
