11 0.35375 0.25916666666666666 0.0275 0.055
26 0.51 0.3433333333333334 0.02 0.04
22 0.4575 0.41583333333333333 0.0225 0.04166666666666667
19 0.471875 0.5258333333333334 0.04625 0.055
26 0.56125 0.6125 0.0175 0.03833333333333334
19 0.6625 0.5066666666666667 0.045 0.05333333333333334
22 0.6950000000000001 0.5266666666666667 0.0225 0.043333333333333335
22 0.7175 0.5341666666666667 0.0175 0.04166666666666667
21 0.73375 0.42250000000000004 0.055 0.06833333333333334
25 0.6793750000000001 0.4091666666666667 0.04125 0.10166666666666667
25 0.5650000000000001 0.3741666666666667 0.055 0.08166666666666667
21 0.558125 0.29750000000000004 0.04875 0.058333333333333334
25 0.59875 0.325 0.0525 0.07
25 0.6637500000000001 0.3175 0.0475 0.095
25 0.634375 0.29500000000000004 0.02875 0.060000000000000005
23 0.683125 0.21083333333333334 0.04125 0.065
24 0.6325000000000001 0.20916666666666667 0.055 0.055
26 0.6125 0.2566666666666667 0.02 0.03666666666666667
26 0.603125 0.28833333333333333 0.01875 0.03333333333333333
19 0.631875 0.24416666666666667 0.03625 0.045000000000000005
