11 0.38375000000000004 0.18666666666666668 0.0175 0.043333333333333335
11 0.358125 0.18333333333333335 0.03125 0.03333333333333333
11 0.33125 0.18000000000000002 0.0225 0.04666666666666667
11 0.354375 0.14333333333333334 0.02125 0.030000000000000002
11 0.3875 0.155 0.0375 0.03333333333333333
11 0.41625 0.14083333333333334 0.025 0.035
11 0.42312500000000003 0.19583333333333336 0.03375 0.035
11 0.469375 0.17583333333333334 0.02625 0.04166666666666667
11 0.4875 0.16083333333333336 0.0175 0.03833333333333334
11 0.45 0.19833333333333333 0.0225 0.043333333333333335
11 0.4975 0.21500000000000002 0.035 0.030000000000000002
11 0.5325 0.19333333333333336 0.03 0.030000000000000002
11 0.55125 0.20583333333333334 0.0225 0.03833333333333334
11 0.50625 0.24250000000000002 0.0325 0.03833333333333334
11 0.481875 0.25083333333333335 0.01875 0.04833333333333334
27 0.465625 0.21333333333333335 0.02125 0.043333333333333335
11 0.531875 0.16166666666666668 0.02625 0.030000000000000002
11 0.508125 0.16 0.01875 0.03666666666666667
11 0.5650000000000001 0.17333333333333334 0.0275 0.04
11 0.588125 0.17750000000000002 0.01875 0.04166666666666667
11 0.573125 0.1991666666666667 0.03125 0.025
27 0.60375 0.20583333333333334 0.02 0.04166666666666667
27 0.645 0.24000000000000002 0.025 0.04666666666666667
11 0.64375 0.2041666666666667 0.025 0.03166666666666667
11 0.614375 0.24166666666666667 0.03125 0.030000000000000002
11 0.62625 0.2675 0.0275 0.028333333333333335
11 0.579375 0.2516666666666667 0.03375 0.03333333333333333
11 0.5625 0.28833333333333333 0.025 0.043333333333333335
11 0.539375 0.2783333333333334 0.01875 0.04666666666666667
11 0.560625 0.32333333333333336 0.02375 0.03333333333333333
11 0.548125 0.35000000000000003 0.01875 0.04666666666666667
11 0.525 0.33333333333333337 0.03 0.04
11 0.53 0.3766666666666667 0.0275 0.04666666666666667
11 0.58375 0.36833333333333335 0.03 0.04
11 0.569375 0.35250000000000004 0.02625 0.035
11 0.558125 0.3866666666666667 0.02125 0.04
11 0.5925 0.4025 0.025 0.04833333333333334
11 0.511875 0.4 0.02375 0.043333333333333335
11 0.558125 0.44 0.02875 0.043333333333333335
11 0.5925 0.4366666666666667 0.0375 0.030000000000000002
11 0.534375 0.4591666666666667 0.03875 0.03166666666666667
11 0.5975 0.4733333333333334 0.0225 0.04666666666666667
11 0.6218750000000001 0.465 0.02125 0.04666666666666667
11 0.645 0.47000000000000003 0.03 0.03333333333333333
11 0.555 0.5066666666666667 0.035 0.030000000000000002
11 0.52375 0.5016666666666667 0.03 0.043333333333333335
11 0.5075000000000001 0.5125000000000001 0.0275 0.04166666666666667
11 0.4575 0.4816666666666667 0.035 0.043333333333333335
11 0.4875 0.5366666666666667 0.0225 0.05
11 0.516875 0.5475 0.03625 0.028333333333333335
11 0.54875 0.5433333333333333 0.025 0.04
11 0.574375 0.5633333333333334 0.02875 0.04
11 0.609375 0.5508333333333334 0.03125 0.028333333333333335
11 0.45875 0.5516666666666667 0.0425 0.030000000000000002
11 0.471875 0.5783333333333334 0.03875 0.03333333333333333
11 0.491875 0.5958333333333333 0.03125 0.045000000000000005
11 0.436875 0.5916666666666667 0.03125 0.03666666666666667
11 0.421875 0.6083333333333334 0.02875 0.043333333333333335
11 0.47250000000000003 0.6383333333333334 0.0275 0.04
11 0.570625 0.6483333333333334 0.03875 0.030000000000000002
11 0.565625 0.6041666666666667 0.02875 0.045000000000000005
11 0.5962500000000001 0.6000000000000001 0.03 0.030000000000000002
11 0.605625 0.5783333333333334 0.03625 0.03333333333333333
11 0.63875 0.5575 0.0325 0.04166666666666667
11 0.654375 0.5208333333333334 0.03375 0.025
11 0.625625 0.5183333333333333 0.02875 0.03666666666666667
11 0.618125 0.49750000000000005 0.03125 0.03833333333333334
11 0.589375 0.5025000000000001 0.02875 0.04166666666666667
11 0.5750000000000001 0.5283333333333333 0.035 0.02666666666666667
11 0.6475 0.4941666666666667 0.035 0.028333333333333335
27 0.551875 0.5841666666666667 0.03625 0.03166666666666667
22 0.548125 0.6233333333333334 0.01625 0.03666666666666667
22 0.541875 0.635 0.01625 0.016666666666666666
27 0.6725 0.6016666666666667 0.0225 0.05
27 0.635625 0.6091666666666667 0.02125 0.04833333333333334
27 0.5750000000000001 0.7125 0.0275 0.03833333333333334
27 0.5906250000000001 0.6625000000000001 0.03125 0.04833333333333334
27 0.624375 0.6741666666666667 0.02375 0.05166666666666667
11 0.6625 0.6950000000000001 0.0375 0.043333333333333335
11 0.6025 0.6866666666666668 0.0225 0.043333333333333335
11 0.65625 0.6558333333333334 0.0325 0.035
11 0.631875 0.65 0.02375 0.03333333333333333
11 0.695625 0.6208333333333333 0.02375 0.05166666666666667
11 0.71375 0.6533333333333333 0.0325 0.030000000000000002
11 0.743125 0.7033333333333334 0.02625 0.043333333333333335
11 0.723125 0.7491666666666668 0.02375 0.04166666666666667
11 0.638125 0.6883333333333334 0.02625 0.023333333333333334
11 0.6168750000000001 0.7125 0.03125 0.03833333333333334
11 0.60375 0.7391666666666667 0.0375 0.028333333333333335
11 0.57125 0.7358333333333333 0.0375 0.03166666666666667
11 0.5525 0.7625000000000001 0.0325 0.03166666666666667
11 0.708125 0.7783333333333334 0.03375 0.03666666666666667
11 0.67375 0.8058333333333334 0.0325 0.035
11 0.62 0.8 0.0225 0.043333333333333335
11 0.58125 0.8341666666666667 0.0375 0.03166666666666667
11 0.531875 0.8891666666666668 0.02375 0.03833333333333334
27 0.49625 0.8616666666666667 0.025 0.043333333333333335
19 0.67875 0.76 0.025 0.04
11 0.68375 0.6666666666666667 0.0275 0.043333333333333335
11 0.71625 0.6783333333333333 0.035 0.023333333333333334
11 0.651875 0.6091666666666667 0.02375 0.045000000000000005
11 0.716875 0.5966666666666667 0.01625 0.04666666666666667
11 0.7781250000000001 0.5691666666666667 0.03625 0.03166666666666667
11 0.7518750000000001 0.5716666666666667 0.02375 0.05
11 0.734375 0.5466666666666667 0.02375 0.04666666666666667
11 0.760625 0.5258333333333334 0.02125 0.04833333333333334
11 0.77375 0.49583333333333335 0.025 0.03833333333333334
11 0.689375 0.4841666666666667 0.03125 0.04166666666666667
11 0.7056250000000001 0.5183333333333333 0.02375 0.04666666666666667
11 0.669375 0.5516666666666667 0.03625 0.03666666666666667
11 0.700625 0.5825 0.03625 0.025
11 0.705 0.5491666666666667 0.035 0.03166666666666667
11 0.759375 0.4166666666666667 0.01625 0.043333333333333335
11 0.7675000000000001 0.3791666666666667 0.03 0.03833333333333334
11 0.689375 0.3725 0.02125 0.045000000000000005
11 0.6743750000000001 0.42500000000000004 0.03125 0.03333333333333333
11 0.635625 0.4266666666666667 0.03625 0.02
27 0.65625 0.4416666666666667 0.03 0.03666666666666667
11 0.635625 0.4033333333333334 0.03375 0.023333333333333334
11 0.6637500000000001 0.405 0.03 0.03333333333333333
11 0.5856250000000001 0.2808333333333333 0.02375 0.03833333333333334
11 0.606875 0.2866666666666667 0.01625 0.05
11 0.60375 0.34750000000000003 0.03 0.025
11 0.618125 0.3775 0.03125 0.028333333333333335
11 0.64625 0.3641666666666667 0.025 0.04166666666666667
11 0.659375 0.32583333333333336 0.02625 0.03833333333333334
11 0.64625 0.31 0.02 0.03666666666666667
11 0.6725 0.29333333333333333 0.03 0.03666666666666667
11 0.69625 0.29000000000000004 0.0225 0.04
11 0.703125 0.32 0.02125 0.03333333333333333
27 0.59375 0.32 0.03 0.03333333333333333
11 0.68 0.35250000000000004 0.02 0.035
11 0.745 0.3458333333333334 0.0225 0.04166666666666667
11 0.7275 0.34750000000000003 0.025 0.04166666666666667
11 0.704375 0.35000000000000003 0.02375 0.03666666666666667
11 0.739375 0.2891666666666667 0.02125 0.04833333333333334
11 0.713125 0.26583333333333337 0.02875 0.03166666666666667
11 0.72 0.29750000000000004 0.0225 0.03833333333333334
11 0.67 0.21083333333333334 0.025 0.028333333333333335
11 0.6843750000000001 0.24583333333333335 0.01625 0.025
24 0.725625 0.3925 0.04125 0.058333333333333334
11 0.4925 0.7675000000000001 0.03 0.035
11 0.465625 0.8208333333333334 0.02875 0.04166666666666667
11 0.4875 0.7066666666666667 0.0375 0.030000000000000002
11 0.46 0.6925 0.025 0.045000000000000005
11 0.5543750000000001 0.6900000000000001 0.03125 0.03333333333333333
11 0.51375 0.6541666666666667 0.035 0.03833333333333334
27 0.47250000000000003 0.6658333333333334 0.04 0.028333333333333335
11 0.328125 0.8333333333333334 0.03625 0.030000000000000002
11 0.333125 0.6291666666666667 0.03375 0.03166666666666667
11 0.2175 0.5716666666666667 0.025 0.043333333333333335
11 0.198125 0.5791666666666667 0.01875 0.045000000000000005
11 0.19125 0.5 0.0325 0.030000000000000002
11 0.25 0.46166666666666667 0.0225 0.05
11 0.26687500000000003 0.4191666666666667 0.02625 0.03833333333333334
11 0.26625 0.38583333333333336 0.0325 0.035
11 0.33125 0.34500000000000003 0.035 0.03333333333333333
11 0.30125 0.31583333333333335 0.02 0.05166666666666667
11 0.25875 0.31333333333333335 0.03 0.03666666666666667
11 0.25125000000000003 0.34750000000000003 0.03 0.03833333333333334
11 0.239375 0.2866666666666667 0.02375 0.043333333333333335
19 0.21875 0.325 0.03 0.04666666666666667
11 0.41625 0.31333333333333335 0.03 0.04
11 0.44125000000000003 0.28583333333333333 0.0325 0.03166666666666667
11 0.44875 0.3191666666666667 0.0375 0.028333333333333335
11 0.47125 0.3458333333333334 0.0325 0.05166666666666667
11 0.445 0.37583333333333335 0.035 0.035
11 0.42125 0.39 0.0225 0.05
27 0.481875 0.45 0.02375 0.060000000000000005
