11 0.35375 0.14333333333333334 0.0325 0.02666666666666667
11 0.32875 0.16 0.035 0.02666666666666667
11 0.380625 0.16083333333333336 0.03375 0.028333333333333335
11 0.41000000000000003 0.14250000000000002 0.03 0.035
11 0.42 0.1691666666666667 0.0275 0.04833333333333334
11 0.39 0.13583333333333333 0.0225 0.035
11 0.33625 0.2025 0.0225 0.04166666666666667
11 0.366875 0.20833333333333334 0.02375 0.05
27 0.386875 0.21750000000000003 0.02625 0.035
11 0.40125 0.1991666666666667 0.0275 0.04166666666666667
27 0.419375 0.22916666666666669 0.02375 0.05166666666666667
19 0.351875 0.17666666666666667 0.03625 0.03333333333333333
27 0.314375 0.19666666666666668 0.02875 0.02666666666666667
27 0.449375 0.3541666666666667 0.02375 0.04833333333333334
27 0.526875 0.23500000000000001 0.02375 0.05333333333333334
27 0.51375 0.2575 0.025 0.05166666666666667
27 0.5700000000000001 0.265 0.0375 0.030000000000000002
27 0.544375 0.17333333333333334 0.02625 0.04
27 0.63625 0.18333333333333335 0.0375 0.03333333333333333
11 0.468125 0.19166666666666668 0.03625 0.030000000000000002
11 0.480625 0.21416666666666667 0.03875 0.025
11 0.48562500000000003 0.2541666666666667 0.03125 0.04166666666666667
11 0.49625 0.3016666666666667 0.025 0.05
11 0.53125 0.2916666666666667 0.03 0.04
11 0.56125 0.2941666666666667 0.025 0.03166666666666667
11 0.588125 0.3075 0.03625 0.035
11 0.5625 0.32833333333333337 0.025 0.04666666666666667
11 0.544375 0.325 0.02625 0.043333333333333335
11 0.414375 0.2791666666666667 0.03625 0.028333333333333335
11 0.463125 0.29083333333333333 0.03875 0.04166666666666667
11 0.39687500000000003 0.2566666666666667 0.02375 0.043333333333333335
11 0.366875 0.24583333333333335 0.03625 0.03166666666666667
11 0.38 0.30000000000000004 0.0325 0.04
11 0.41000000000000003 0.30833333333333335 0.03 0.04666666666666667
11 0.348125 0.32333333333333336 0.02375 0.04666666666666667
11 0.390625 0.3425 0.02875 0.04166666666666667
11 0.36312500000000003 0.34750000000000003 0.02625 0.045000000000000005
19 0.375 0.27666666666666667 0.0325 0.030000000000000002
11 0.501875 0.375 0.03625 0.04
11 0.499375 0.42250000000000004 0.02625 0.04833333333333334
11 0.4375 0.43250000000000005 0.0225 0.04833333333333334
11 0.45687500000000003 0.4466666666666667 0.02375 0.05
11 0.4175 0.39333333333333337 0.0275 0.043333333333333335
11 0.388125 0.3791666666666667 0.03625 0.03166666666666667
11 0.35125 0.39916666666666667 0.0275 0.04166666666666667
11 0.38625 0.4741666666666667 0.0275 0.04833333333333334
11 0.42 0.5 0.0325 0.04666666666666667
11 0.31125 0.42250000000000004 0.0325 0.035
11 0.248125 0.3225 0.02125 0.045000000000000005
11 0.2275 0.41500000000000004 0.0325 0.03333333333333333
19 0.225625 0.32 0.03125 0.03666666666666667
11 0.45875 0.5508333333333334 0.0225 0.04833333333333334
11 0.451875 0.5825 0.03125 0.035
11 0.43125 0.5541666666666667 0.0325 0.03833333333333334
19 0.514375 0.5275000000000001 0.03125 0.055
11 0.49562500000000004 0.5533333333333333 0.03625 0.04
11 0.496875 0.5950000000000001 0.02625 0.04666666666666667
11 0.526875 0.5866666666666667 0.03625 0.04
11 0.44375000000000003 0.6158333333333333 0.025 0.05166666666666667
11 0.463125 0.6516666666666667 0.03375 0.04
11 0.350625 0.7158333333333334 0.02625 0.045000000000000005
11 0.28625 0.7266666666666667 0.0275 0.03666666666666667
19 0.401875 0.8241666666666667 0.01625 0.03833333333333334
11 0.39687500000000003 0.8575 0.03375 0.03833333333333334
11 0.4925 0.8208333333333334 0.03 0.03833333333333334
11 0.516875 0.8300000000000001 0.02625 0.04666666666666667
11 0.558125 0.8525 0.03875 0.035
11 0.521875 0.7933333333333333 0.03625 0.03333333333333333
11 0.558125 0.7966666666666667 0.03375 0.03333333333333333
11 0.576875 0.7441666666666668 0.02875 0.04166666666666667
11 0.543125 0.7416666666666667 0.03875 0.02666666666666667
11 0.60875 0.7075 0.0375 0.035
11 0.506875 0.7200000000000001 0.02375 0.05
11 0.54625 0.6908333333333334 0.0425 0.03166666666666667
19 0.5325 0.7125 0.04 0.03833333333333334
11 0.68125 0.7241666666666667 0.0325 0.035
11 0.71375 0.7425 0.0225 0.045000000000000005
19 0.673125 0.7691666666666667 0.02375 0.035
19 0.62 0.7566666666666667 0.035 0.02666666666666667
11 0.5625 0.6233333333333334 0.04 0.03666666666666667
11 0.56375 0.5850000000000001 0.0375 0.030000000000000002
11 0.596875 0.5983333333333334 0.03375 0.03333333333333333
11 0.61875 0.6058333333333333 0.03 0.028333333333333335
11 0.635 0.6183333333333334 0.03 0.030000000000000002
11 0.656875 0.6316666666666667 0.03125 0.03666666666666667
11 0.694375 0.6375000000000001 0.03625 0.03166666666666667
11 0.73875 0.65 0.025 0.04666666666666667
11 0.70875 0.6616666666666667 0.025 0.030000000000000002
11 0.6900000000000001 0.6858333333333334 0.0375 0.028333333333333335
11 0.6675 0.6608333333333334 0.035 0.028333333333333335
11 0.630625 0.655 0.02875 0.03666666666666667
11 0.623125 0.6775 0.02375 0.03833333333333334
11 0.605 0.6633333333333333 0.0175 0.04
11 0.606875 0.6283333333333334 0.02375 0.03666666666666667
11 0.5875 0.65 0.025 0.043333333333333335
11 0.5700000000000001 0.6691666666666667 0.0225 0.04833333333333334
11 0.588125 0.6925 0.02125 0.045000000000000005
11 0.689375 0.6016666666666667 0.02375 0.04666666666666667
11 0.734375 0.6066666666666667 0.02625 0.04
11 0.755 0.5775 0.0275 0.045000000000000005
11 0.713125 0.5725 0.02125 0.04166666666666667
11 0.69875 0.5383333333333333 0.025 0.02666666666666667
11 0.7681250000000001 0.5258333333333334 0.02625 0.03166666666666667
11 0.7831250000000001 0.5208333333333334 0.02125 0.04833333333333334
11 0.739375 0.5391666666666667 0.02125 0.035
11 0.67 0.5308333333333334 0.0275 0.035
11 0.658125 0.5750000000000001 0.02625 0.030000000000000002
11 0.66625 0.5991666666666667 0.0325 0.03166666666666667
11 0.63625 0.5850000000000001 0.03 0.02666666666666667
11 0.635625 0.5533333333333333 0.02625 0.043333333333333335
11 0.6118750000000001 0.5766666666666667 0.02875 0.030000000000000002
11 0.5962500000000001 0.5641666666666667 0.035 0.03833333333333334
11 0.59 0.5375000000000001 0.03 0.04166666666666667
11 0.545 0.5416666666666667 0.0375 0.030000000000000002
11 0.5437500000000001 0.5125000000000001 0.0375 0.035
11 0.55625 0.48000000000000004 0.0325 0.04
11 0.58625 0.4741666666666667 0.0325 0.03166666666666667
11 0.608125 0.4566666666666667 0.02875 0.04666666666666667
11 0.623125 0.4741666666666667 0.02875 0.04833333333333334
11 0.64625 0.48750000000000004 0.025 0.03166666666666667
11 0.59875 0.5058333333333334 0.0375 0.03166666666666667
11 0.625 0.5333333333333333 0.0375 0.03333333333333333
11 0.6675 0.5 0.0275 0.030000000000000002
11 0.693125 0.515 0.03125 0.03666666666666667
27 0.661875 0.5516666666666667 0.03875 0.03333333333333333
11 0.75125 0.5 0.0225 0.043333333333333335
11 0.7312500000000001 0.5025000000000001 0.02 0.04833333333333334
11 0.7106250000000001 0.4783333333333334 0.02375 0.04
11 0.74125 0.46416666666666667 0.035 0.03166666666666667
11 0.7625000000000001 0.4416666666666667 0.0275 0.043333333333333335
11 0.7837500000000001 0.4733333333333334 0.0175 0.05333333333333334
11 0.66 0.46166666666666667 0.0325 0.03333333333333333
11 0.69875 0.39666666666666667 0.025 0.03333333333333333
11 0.7056250000000001 0.42333333333333334 0.02125 0.04
11 0.719375 0.44583333333333336 0.02125 0.04833333333333334
11 0.7025 0.4525 0.0225 0.03833333333333334
27 0.681875 0.4608333333333334 0.02375 0.045000000000000005
11 0.676875 0.4116666666666667 0.02125 0.04666666666666667
11 0.655625 0.4191666666666667 0.02125 0.03833333333333334
11 0.64875 0.39083333333333337 0.03 0.03166666666666667
11 0.68125 0.3791666666666667 0.0375 0.025
11 0.74 0.3433333333333334 0.0225 0.04666666666666667
11 0.76875 0.35833333333333334 0.035 0.04
11 0.769375 0.395 0.03125 0.03666666666666667
27 0.74 0.4133333333333334 0.0225 0.05
11 0.6875 0.35750000000000004 0.025 0.028333333333333335
11 0.676875 0.3216666666666667 0.03625 0.03333333333333333
11 0.6625 0.33916666666666667 0.03 0.028333333333333335
11 0.630625 0.3375 0.02375 0.05166666666666667
11 0.613125 0.3466666666666667 0.02125 0.05
11 0.62125 0.3866666666666667 0.025 0.05333333333333334
11 0.6 0.3866666666666667 0.0225 0.043333333333333335
27 0.601875 0.42833333333333334 0.03125 0.043333333333333335
11 0.561875 0.4058333333333334 0.02875 0.04166666666666667
11 0.57375 0.38 0.03 0.03666666666666667
11 0.548125 0.3666666666666667 0.03125 0.04
11 0.588125 0.3441666666666667 0.02875 0.04166666666666667
11 0.62375 0.2833333333333333 0.03 0.043333333333333335
11 0.646875 0.22166666666666668 0.03125 0.03333333333333333
11 0.659375 0.2566666666666667 0.02875 0.04
11 0.67875 0.2566666666666667 0.0225 0.04666666666666667
11 0.7000000000000001 0.26583333333333337 0.0275 0.04166666666666667
11 0.725625 0.26666666666666666 0.02875 0.04
11 0.72 0.2866666666666667 0.03 0.03666666666666667
11 0.754375 0.3175 0.03875 0.035
11 0.708125 0.33166666666666667 0.02125 0.03666666666666667
11 0.691875 0.3016666666666667 0.04125 0.030000000000000002
11 0.65 0.3041666666666667 0.025 0.04166666666666667
11 0.645625 0.2783333333333334 0.02625 0.04666666666666667
11 0.67125 0.2841666666666667 0.035 0.035
11 0.603125 0.2675 0.03875 0.04166666666666667
11 0.694375 0.21250000000000002 0.03375 0.028333333333333335
11 0.62125 0.20583333333333334 0.025 0.035
11 0.600625 0.19166666666666668 0.02625 0.043333333333333335
11 0.59375 0.23083333333333333 0.0325 0.035
11 0.5700000000000001 0.21083333333333334 0.0275 0.035
11 0.563125 0.23833333333333334 0.02625 0.03333333333333333
11 0.545625 0.24416666666666667 0.02375 0.04166666666666667
11 0.5275 0.195 0.03 0.03666666666666667
11 0.489375 0.17666666666666667 0.02875 0.023333333333333334
11 0.508125 0.15916666666666668 0.02125 0.035
11 0.56125 0.18833333333333335 0.0275 0.04
11 0.630625 0.22833333333333336 0.02125 0.043333333333333335
19 0.65 0.1991666666666667 0.0375 0.028333333333333335
19 0.46 0.39666666666666667 0.045 0.043333333333333335
