27 0.346875 0.08083333333333334 0.03625 0.06833333333333334
27 0.336875 0.14416666666666667 0.05375 0.055
27 0.4225 0.10166666666666667 0.0525 0.05666666666666667
27 0.403125 0.18500000000000003 0.04875 0.06333333333333334
27 0.279375 0.23333333333333334 0.03375 0.07
27 0.2475 0.24416666666666667 0.035 0.07833333333333334
27 0.366875 0.3466666666666667 0.04875 0.06666666666666667
27 0.36312500000000003 0.2891666666666667 0.04875 0.055
27 0.381875 0.2525 0.058750000000000004 0.04833333333333334
27 0.45 0.2575 0.0525 0.04833333333333334
27 0.48125 0.22083333333333335 0.0525 0.04166666666666667
27 0.62625 0.07916666666666668 0.04 0.058333333333333334
27 0.4925 0.27416666666666667 0.045 0.058333333333333334
27 0.526875 0.2733333333333334 0.02875 0.06333333333333334
27 0.5575 0.265 0.03 0.06333333333333334
27 0.6481250000000001 0.24583333333333335 0.04875 0.04166666666666667
27 0.6587500000000001 0.2866666666666667 0.045 0.05666666666666667
27 0.255625 0.4116666666666667 0.04625 0.08
27 0.296875 0.43333333333333335 0.04875 0.060000000000000005
27 0.28625 0.4766666666666667 0.0425 0.05333333333333334
27 0.18375 0.5483333333333333 0.045 0.07666666666666667
27 0.23500000000000001 0.5033333333333334 0.0475 0.05666666666666667
27 0.270625 0.5566666666666668 0.05625 0.05
27 0.26875 0.6033333333333334 0.055 0.05
27 0.3525 0.5675 0.035 0.07166666666666667
27 0.36562500000000003 0.5275000000000001 0.03375 0.07500000000000001
27 0.39687500000000003 0.5258333333333334 0.02875 0.07166666666666667
27 0.43375 0.49333333333333335 0.045 0.07
27 0.464375 0.4675 0.03625 0.058333333333333334
27 0.463125 0.5441666666666667 0.02875 0.07166666666666667
27 0.506875 0.5 0.051250000000000004 0.06333333333333334
27 0.4975 0.41750000000000004 0.035 0.07500000000000001
27 0.398125 0.6358333333333334 0.051250000000000004 0.04166666666666667
27 0.44625000000000004 0.6375000000000001 0.045 0.04833333333333334
27 0.39625 0.6741666666666667 0.0625 0.03833333333333334
27 0.390625 0.7233333333333334 0.03125 0.08
27 0.429375 0.7258333333333333 0.03875 0.065
27 0.49312500000000004 0.6933333333333334 0.051250000000000004 0.04666666666666667
27 0.465 0.7350000000000001 0.0475 0.043333333333333335
27 0.506875 0.7366666666666667 0.02375 0.06333333333333334
27 0.25625 0.8550000000000001 0.0525 0.06333333333333334
27 0.50625 0.6466666666666667 0.06 0.04666666666666667
27 0.5275 0.5950000000000001 0.035 0.06666666666666667
27 0.5475 0.6308333333333334 0.03 0.07833333333333334
27 0.5750000000000001 0.65 0.0525 0.043333333333333335
27 0.56125 0.6866666666666668 0.0575 0.04666666666666667
27 0.615 0.7150000000000001 0.05 0.06333333333333334
27 0.561875 0.7866666666666667 0.04875 0.05333333333333334
27 0.6 0.7975000000000001 0.0375 0.07166666666666667
27 0.665 0.6941666666666667 0.0425 0.07166666666666667
27 0.7368750000000001 0.7083333333333334 0.04625 0.04666666666666667
27 0.584375 0.5775 0.06125 0.04166666666666667
27 0.656875 0.5241666666666667 0.03625 0.07833333333333334
27 0.6793750000000001 0.56 0.02375 0.06666666666666667
27 0.7837500000000001 0.52 0.045 0.05666666666666667
27 0.776875 0.4866666666666667 0.051250000000000004 0.04
27 0.69125 0.4441666666666667 0.055 0.05166666666666667
27 0.790625 0.3816666666666667 0.04625 0.05
27 0.7312500000000001 0.27166666666666667 0.0475 0.04666666666666667
27 0.775625 0.27666666666666667 0.03375 0.060000000000000005
27 0.796875 0.2566666666666667 0.03625 0.043333333333333335
27 0.7975 0.33083333333333337 0.035 0.055
27 0.8250000000000001 0.36000000000000004 0.04 0.04666666666666667
27 0.63 0.33166666666666667 0.035 0.07
27 0.5975 0.35333333333333333 0.0525 0.043333333333333335
27 0.48625 0.33166666666666667 0.04 0.07333333333333333
27 0.5325 0.33 0.0375 0.06333333333333334
27 0.6012500000000001 0.39666666666666667 0.05 0.05333333333333334
27 0.579375 0.49000000000000005 0.03125 0.07
27 0.709375 0.35500000000000004 0.03125 0.07666666666666667
11 0.22062500000000002 0.27416666666666667 0.03875 0.06833333333333334
11 0.33 0.265 0.0525 0.06333333333333334
11 0.473125 0.11166666666666668 0.04125 0.06333333333333334
11 0.49625 0.14666666666666667 0.0375 0.06333333333333334
11 0.571875 0.18166666666666667 0.03125 0.06333333333333334
11 0.52375 0.22666666666666668 0.04 0.05666666666666667
11 0.661875 0.10916666666666668 0.03625 0.07833333333333334
11 0.620625 0.22083333333333335 0.04875 0.045000000000000005
11 0.69125 0.21166666666666667 0.0425 0.05333333333333334
11 0.59375 0.27416666666666667 0.045 0.058333333333333334
11 0.55625 0.30333333333333334 0.0425 0.05
11 0.585 0.32666666666666666 0.0325 0.060000000000000005
11 0.556875 0.36250000000000004 0.04125 0.065
11 0.536875 0.40750000000000003 0.04875 0.055
11 0.579375 0.4108333333333334 0.05375 0.05166666666666667
11 0.56875 0.4491666666666667 0.0475 0.05166666666666667
11 0.526875 0.455 0.03125 0.06666666666666667
11 0.553125 0.48833333333333334 0.04125 0.04
11 0.6118750000000001 0.4633333333333334 0.02625 0.06333333333333334
11 0.65625 0.43333333333333335 0.0525 0.04666666666666667
11 0.638125 0.395 0.03375 0.06666666666666667
11 0.6587500000000001 0.37833333333333335 0.0275 0.060000000000000005
11 0.750625 0.4066666666666667 0.05625 0.043333333333333335
11 0.803125 0.455 0.04125 0.04
11 0.75 0.44833333333333336 0.045 0.04666666666666667
11 0.728125 0.48000000000000004 0.043750000000000004 0.05333333333333334
11 0.6875 0.49750000000000005 0.0425 0.05166666666666667
11 0.73375 0.5341666666666667 0.0475 0.05166666666666667
11 0.659375 0.6208333333333333 0.043750000000000004 0.06833333333333334
11 0.7000000000000001 0.5783333333333334 0.03 0.06333333333333334
11 0.70125 0.6566666666666667 0.0275 0.06333333333333334
11 0.7225 0.6791666666666667 0.035 0.045000000000000005
11 0.6775 0.7841666666666667 0.035 0.06833333333333334
11 0.634375 0.7558333333333334 0.04625 0.04166666666666667
11 0.56875 0.7250000000000001 0.0375 0.060000000000000005
11 0.535 0.7191666666666667 0.0325 0.06833333333333334
11 0.319375 0.8891666666666668 0.051250000000000004 0.045000000000000005
11 0.30312500000000003 0.8158333333333334 0.04125 0.065
11 0.426875 0.7816666666666667 0.03625 0.060000000000000005
11 0.31125 0.6183333333333334 0.04 0.06333333333333334
11 0.390625 0.5750000000000001 0.043750000000000004 0.04666666666666667
11 0.3175 0.5433333333333333 0.04 0.08
11 0.2725 0.5141666666666667 0.0425 0.045000000000000005
18 0.425 0.44333333333333336 0.03 0.05666666666666667
11 0.6175 0.5525 0.05 0.04166666666666667
11 0.803125 0.5616666666666666 0.043750000000000004 0.060000000000000005
11 0.8143750000000001 0.2391666666666667 0.051250000000000004 0.045000000000000005
