18 0.12375 0.39583333333333337 0.0325 0.04833333333333334
18 0.18125 0.4841666666666667 0.0225 0.055
18 0.150625 0.5125000000000001 0.02875 0.045000000000000005
18 0.114375 0.5008333333333334 0.02875 0.058333333333333334
18 0.085 0.5158333333333334 0.0225 0.04166666666666667
18 0.150625 0.5841666666666667 0.03125 0.04166666666666667
18 0.096875 0.6166666666666667 0.03375 0.04666666666666667
18 0.21937500000000001 0.6575000000000001 0.03625 0.05166666666666667
18 0.25 0.7025 0.0325 0.03833333333333334
18 0.32 0.7033333333333334 0.0175 0.04666666666666667
18 0.34875 0.7083333333333334 0.03 0.04666666666666667
18 0.30375 0.7525000000000001 0.0375 0.055
18 0.23750000000000002 0.7333333333333334 0.03 0.04666666666666667
18 0.20750000000000002 0.7616666666666667 0.0275 0.043333333333333335
18 0.23125 0.8075000000000001 0.03 0.045000000000000005
18 0.136875 0.775 0.03875 0.04666666666666667
18 0.10625 0.7508333333333334 0.035 0.05166666666666667
18 0.1125 0.7091666666666667 0.025 0.04166666666666667
18 0.136875 0.7266666666666667 0.01625 0.043333333333333335
18 0.085625 0.6908333333333334 0.02875 0.045000000000000005
18 0.13375 0.66 0.03 0.04666666666666667
18 0.1825 0.7658333333333334 0.0225 0.03833333333333334
18 0.2475 0.8583333333333334 0.025 0.043333333333333335
18 0.27187500000000003 0.8891666666666668 0.03125 0.028333333333333335
18 0.32875 0.8433333333333334 0.0225 0.043333333333333335
18 0.35875 0.8141666666666667 0.0325 0.028333333333333335
18 0.443125 0.7250000000000001 0.02625 0.04666666666666667
18 0.435625 0.8883333333333334 0.03625 0.043333333333333335
18 0.41625 0.8975000000000001 0.0275 0.04833333333333334
18 0.374375 0.905 0.03125 0.03666666666666667
18 0.5025000000000001 0.905 0.035 0.05
18 0.535625 0.9408333333333334 0.03625 0.03833333333333334
18 0.628125 0.7683333333333334 0.03375 0.04666666666666667
18 0.6975 0.5875 0.0375 0.05166666666666667
18 0.838125 0.4566666666666667 0.03375 0.04
24 0.290625 0.49083333333333334 0.06875 0.085
