22 0.240625 0.0125 0.02625 0.025
22 0.23750000000000002 0.09000000000000001 0.0175 0.04666666666666667
22 0.293125 0.1575 0.03375 0.04166666666666667
22 0.240625 0.16833333333333333 0.01625 0.04666666666666667
22 0.21125 0.17833333333333334 0.0175 0.05333333333333334
22 0.23 0.1875 0.0225 0.05166666666666667
22 0.2575 0.23833333333333334 0.0175 0.06333333333333334
22 0.2925 0.2733333333333334 0.025 0.05333333333333334
22 0.37625000000000003 0.19166666666666668 0.04 0.02
22 0.39437500000000003 0.21416666666666667 0.043750000000000004 0.03166666666666667
22 0.39875 0.24250000000000002 0.0475 0.025
22 0.128125 0.34833333333333333 0.02875 0.05
22 0.27187500000000003 0.3775 0.03875 0.03833333333333334
22 0.36562500000000003 0.32083333333333336 0.04125 0.04166666666666667
22 0.31375000000000003 0.36250000000000004 0.045 0.04833333333333334
22 0.34750000000000003 0.3725 0.04 0.05166666666666667
22 0.324375 0.39666666666666667 0.043750000000000004 0.04666666666666667
22 0.22125 0.5641666666666667 0.04 0.035
22 0.358125 0.5633333333333334 0.03125 0.04666666666666667
22 0.448125 0.5183333333333333 0.03875 0.04666666666666667
22 0.583125 0.2991666666666667 0.04875 0.03833333333333334
22 0.436875 0.33416666666666667 0.02375 0.04833333333333334
22 0.444375 0.3825 0.03625 0.04833333333333334
22 0.455625 0.1716666666666667 0.03625 0.043333333333333335
11 0.4825 0.2066666666666667 0.0475 0.06333333333333334
18 0.515625 0.7741666666666667 0.03625 0.058333333333333334
