13 0.36 0.29000000000000004 0.055 0.08666666666666667
13 0.206875 0.5325000000000001 0.058750000000000004 0.08166666666666667
13 0.2975 0.5633333333333334 0.06 0.08666666666666667
13 0.240625 0.6541666666666667 0.07875 0.08166666666666667
13 0.4975 0.8125 0.06 0.03166666666666667
7 0.8043750000000001 0.6558333333333334 0.09125 0.09833333333333334
7 0.581875 0.6266666666666667 0.10625 0.11
7 0.479375 0.3175 0.08125 0.065
2 0.443125 0.28500000000000003 0.02375 0.03333333333333333
7 0.88375 0.07333333333333333 0.0775 0.07
13 0.8512500000000001 0.015833333333333335 0.0525 0.035
7 0.96375 0.3325 0.06 0.085
