23 0.42875 0.22166666666666668 0.04 0.060000000000000005
18 0.371875 0.2625 0.03625 0.04166666666666667
23 0.22312500000000002 0.375 0.043750000000000004 0.05666666666666667
23 0.395 0.5158333333333334 0.04 0.07166666666666667
18 0.27187500000000003 0.5166666666666667 0.03625 0.043333333333333335
18 0.440625 0.5925 0.03125 0.04166666666666667
23 0.4225 0.5575 0.05 0.04833333333333334
11 0.591875 0.8458333333333334 0.051250000000000004 0.03833333333333334
11 0.6218750000000001 0.9008333333333334 0.03875 0.058333333333333334
11 0.734375 0.7183333333333334 0.04625 0.043333333333333335
11 0.776875 0.7416666666666667 0.04125 0.06333333333333334
11 0.813125 0.3975 0.02625 0.065
