20 0.615625 0.2841666666666667 0.04125 0.058333333333333334
11 0.47375 0.1391666666666667 0.0625 0.07166666666666667
11 0.2125 0.4166666666666667 0.0625 0.06333333333333334
11 0.281875 0.4133333333333334 0.03875 0.08666666666666667
11 0.380625 0.4033333333333334 0.06375 0.06333333333333334
11 0.429375 0.4675 0.04625 0.08166666666666667
11 0.33875 0.4608333333333334 0.0525 0.06833333333333334
11 0.3825 0.4691666666666667 0.04 0.07833333333333334
11 0.403125 0.5225000000000001 0.07625 0.058333333333333334
11 0.395 0.5633333333333334 0.07 0.05
11 0.22187500000000002 0.5108333333333334 0.06125 0.07166666666666667
11 0.263125 0.5275000000000001 0.05375 0.07500000000000001
11 0.315 0.5291666666666667 0.065 0.07833333333333334
11 0.356875 0.6225 0.06875 0.065
11 0.398125 0.6833333333333333 0.058750000000000004 0.08333333333333334
11 0.77 0.7566666666666667 0.06 0.060000000000000005
11 0.701875 0.615 0.06375 0.060000000000000005
