21 0.24625 0.37000000000000005 0.085 0.07666666666666667
11 0.81625 0.7308333333333333 0.05 0.065
19 0.505 0.4566666666666667 0.05 0.060000000000000005
19 0.29 0.4633333333333334 0.04 0.06666666666666667
18 0.25 0.6058333333333333 0.02 0.03166666666666667
26 0.3025 0.5841666666666667 0.035 0.03833333333333334
26 0.41500000000000004 0.6133333333333334 0.0225 0.04
26 0.42375 0.66 0.0325 0.04
26 0.410625 0.8158333333333334 0.03625 0.04833333333333334
26 0.258125 0.8408333333333334 0.02875 0.04833333333333334
26 0.50875 0.6516666666666667 0.035 0.02666666666666667
19 0.61125 0.7341666666666667 0.0475 0.05166666666666667
26 0.504375 0.3691666666666667 0.02375 0.04166666666666667
26 0.478125 0.4341666666666667 0.02375 0.045000000000000005
