1 0.379367 0.348416 0.036194 0.071069
1 0.461648 0.956199 0.040538 0.087603
1 0.311082 0.084727 0.059841 0.077275
1 0.396499 0.028550 0.046331 0.051892
1 0.393604 0.071190 0.055014 0.033278
1 0.526797 0.082754 0.054049 0.054151
1 0.325559 0.207406 0.071422 0.054151
1 0.263305 0.221224 0.069493 0.060353
1 0.387330 0.220098 0.050190 0.069378
1 0.395293 0.171815 0.051637 0.039483
1 0.332314 0.387335 0.063701 0.036097
1 0.353307 0.441764 0.056461 0.064867
1 0.445722 0.369285 0.063701 0.050764
1 0.211911 0.483785 0.075767 0.033841
1 0.164860 0.467710 0.062736 0.035537
1 0.070514 0.497039 0.048739 0.052455
1 0.120219 0.438099 0.037158 0.054147
1 0.314701 0.637768 0.049707 0.034969
1 0.360546 0.634383 0.041983 0.084605
1 0.368268 0.548368 0.040053 0.081786
1 0.481674 0.665406 0.082521 0.049633
1 0.482880 0.712221 0.065630 0.048509
1 0.552856 0.570929 0.056947 0.060353
1 0.644065 0.607872 0.065633 0.041739
1 0.598218 0.587286 0.042468 0.078399
1 0.787392 0.714476 0.069493 0.034969
1 0.673744 0.764112 0.047775 0.080091
1 0.806695 0.672737 0.065633 0.051892
1 0.936993 0.618872 0.070458 0.069378
1 0.930960 0.458403 0.041983 0.083478
1 0.848922 0.373176 0.053567 0.081222
1 0.785461 0.377746 0.042468 0.050764
1 0.877636 0.219758 0.042468 0.080091
1 0.736721 0.197535 0.066595 0.041175
1 0.722726 0.035657 0.055979 0.046817
1 0.782323 0.027987 0.053567 0.050764
1 0.937717 0.077903 0.048743 0.045686
1 0.821895 0.114001 0.060324 0.040044
1 0.400602 0.869249 0.036194 0.079531
1 0.418215 0.911553 0.061771 0.052455
1 0.449101 0.858307 0.038606 0.066559
1 0.168719 0.851539 0.056947 0.037228
1 0.442828 0.608945 0.049222 0.039483
1 0.704869 0.865018 0.030884 0.077836
1 0.736237 0.869813 0.031852 0.088552
1 0.757230 0.813465 0.066113 0.038920
1 0.828171 0.819951 0.034264 0.074453
1 0.932168 0.749449 0.047292 0.053019
1 0.895249 0.850353 0.049707 0.064300
1 0.909485 0.956168 0.063701 0.071630
2 0.316631 0.504034 0.055496 0.063172
2 0.350895 0.143389 0.050672 0.063736
2 0.943025 0.267194 0.047775 0.077836
2 0.986111 0.173563 0.027778 0.057530
2 0.764228 0.420613 0.049222 0.065431
2 0.857367 0.729705 0.055014 0.041739
2 0.961606 0.843641 0.053084 0.066555
2 0.984905 0.705169 0.030190 0.072761
2 0.596047 0.651306 0.041986 0.064300
0 0.157624 0.271866 0.081304 0.094216
1 0.064964 0.626488 0.049225 0.074453
1 0.074857 0.557956 0.046813 0.056966
1 0.168237 0.636019 0.057912 0.057530
