7 0.140625 0.4341666666666667 0.11375 0.12166666666666667
7 0.343125 0.3975 0.06125 0.11833333333333335
7 0.55625 0.14583333333333334 0.0925 0.10833333333333334
7 0.59375 0.24583333333333335 0.0725 0.13833333333333334
7 0.76125 0.5708333333333334 0.105 0.085
7 0.664375 0.6208333333333333 0.06875 0.12833333333333335
7 0.68125 0.7108333333333334 0.10250000000000001 0.07166666666666667
7 0.5925 0.6175 0.09 0.065
7 0.35000000000000003 0.5033333333333334 0.0625 0.09666666666666668
7 0.371875 0.6025 0.10875 0.14500000000000002
