18 0.7075 0.255 0.025 0.043333333333333335
12 0.803125 0.21250000000000002 0.01875 0.015000000000000001
12 0.789375 0.2325 0.02375 0.018333333333333333
12 0.7625000000000001 0.26666666666666666 0.0125 0.023333333333333334
12 0.7575000000000001 0.27666666666666667 0.0125 0.016666666666666666
12 0.745 0.27166666666666667 0.01 0.023333333333333334
23 0.7975 0.36583333333333334 0.04 0.03833333333333334
23 0.771875 0.4066666666666667 0.043750000000000004 0.043333333333333335
23 0.743125 0.4025 0.03375 0.04833333333333334
23 0.7106250000000001 0.5258333333333334 0.03375 0.06166666666666667
23 0.65625 0.5375000000000001 0.04 0.04833333333333334
