23 0.3275 0.20333333333333334 0.0625 0.05666666666666667
23 0.381875 0.2325 0.043750000000000004 0.058333333333333334
19 0.52625 0.2891666666666667 0.0575 0.08166666666666667
19 0.3575 0.4525 0.0425 0.07166666666666667
23 0.244375 0.445 0.051250000000000004 0.06333333333333334
23 0.533125 0.755 0.04875 0.06333333333333334
18 0.235625 0.8533333333333334 0.03125 0.03333333333333333
18 0.38 0.6458333333333334 0.0425 0.045000000000000005
25 0.225625 0.48000000000000004 0.058750000000000004 0.07333333333333333
26 0.39437500000000003 0.32833333333333337 0.03125 0.043333333333333335
26 0.311875 0.12083333333333333 0.03125 0.03833333333333334
26 0.5975 0.3591666666666667 0.025 0.05166666666666667
26 0.608125 0.8266666666666668 0.02375 0.043333333333333335
