27 0.441875 0.085 0.06125 0.05
27 0.50125 0.12833333333333335 0.06 0.05
27 0.551875 0.18583333333333335 0.03375 0.06166666666666667
27 0.595 0.19833333333333333 0.045 0.05333333333333334
27 0.55 0.24083333333333334 0.0475 0.04833333333333334
27 0.5525 0.2966666666666667 0.035 0.05666666666666667
27 0.445625 0.2783333333333334 0.043750000000000004 0.060000000000000005
27 0.483125 0.31833333333333336 0.03375 0.060000000000000005
27 0.514375 0.3216666666666667 0.04625 0.05
27 0.444375 0.3433333333333334 0.051250000000000004 0.05
27 0.491875 0.36250000000000004 0.05375 0.035
27 0.484375 0.405 0.04125 0.05
27 0.5 0.4425 0.0325 0.058333333333333334
27 0.63 0.38083333333333336 0.0575 0.03833333333333334
27 0.7275 0.40750000000000003 0.0375 0.055
27 0.668125 0.4166666666666667 0.04875 0.05
27 0.325 0.43500000000000005 0.0475 0.05666666666666667
27 0.36625 0.42083333333333334 0.0475 0.06166666666666667
27 0.416875 0.42750000000000005 0.05625 0.045000000000000005
27 0.434375 0.5108333333333334 0.043750000000000004 0.058333333333333334
27 0.39625 0.49750000000000005 0.0475 0.058333333333333334
27 0.340625 0.49000000000000005 0.02625 0.05666666666666667
27 0.364375 0.5158333333333334 0.03625 0.04833333333333334
27 0.29875 0.5075000000000001 0.035 0.06833333333333334
27 0.22375 0.5275000000000001 0.0525 0.06833333333333334
27 0.226875 0.5750000000000001 0.05375 0.05333333333333334
27 0.259375 0.5733333333333334 0.02875 0.06666666666666667
27 0.30062500000000003 0.5700000000000001 0.05375 0.04
27 0.29625 0.6075 0.0425 0.04833333333333334
27 0.275 0.6408333333333334 0.03 0.065
27 0.306875 0.6591666666666667 0.03375 0.03166666666666667
27 0.27187500000000003 0.7008333333333334 0.04625 0.055
27 0.27125 0.7508333333333334 0.0475 0.05166666666666667
27 0.416875 0.5741666666666667 0.03625 0.058333333333333334
27 0.45437500000000003 0.5741666666666667 0.03875 0.05166666666666667
27 0.39125 0.6191666666666668 0.0275 0.065
27 0.33875 0.615 0.0375 0.04
27 0.35875 0.6125 0.0375 0.058333333333333334
27 0.346875 0.66 0.03875 0.04
27 0.354375 0.7075 0.03625 0.055
27 0.39187500000000003 0.7216666666666667 0.03625 0.05333333333333334
27 0.395 0.7658333333333334 0.0425 0.03833333333333334
27 0.4375 0.7416666666666667 0.05 0.04
27 0.39125 0.7975000000000001 0.06 0.04166666666666667
27 0.4325 0.8116666666666668 0.0525 0.043333333333333335
27 0.343125 0.7933333333333333 0.03875 0.04666666666666667
27 0.35375 0.8325 0.0375 0.05166666666666667
27 0.4925 0.7691666666666667 0.0475 0.045000000000000005
27 0.48812500000000003 0.8358333333333334 0.04125 0.058333333333333334
27 0.531875 0.8375 0.04625 0.04166666666666667
27 0.5906250000000001 0.7975000000000001 0.03625 0.03833333333333334
27 0.538125 0.7791666666666667 0.04125 0.055
27 0.5725 0.7466666666666667 0.0275 0.05666666666666667
27 0.6118750000000001 0.7783333333333334 0.03625 0.05
27 0.60875 0.7325 0.05 0.04833333333333334
27 0.6425 0.7191666666666667 0.0475 0.05166666666666667
27 0.701875 0.7608333333333334 0.03875 0.06833333333333334
27 0.68125 0.7108333333333334 0.045 0.04833333333333334
27 0.536875 0.6791666666666667 0.04125 0.04166666666666667
27 0.539375 0.7050000000000001 0.04875 0.03666666666666667
27 0.560625 0.6683333333333333 0.04125 0.06333333333333334
27 0.5806250000000001 0.6408333333333334 0.05375 0.045000000000000005
27 0.5906250000000001 0.6866666666666668 0.03375 0.07
27 0.6175 0.6666666666666667 0.04 0.06666666666666667
27 0.68625 0.6483333333333334 0.05 0.06333333333333334
27 0.696875 0.5950000000000001 0.03875 0.07
27 0.6275000000000001 0.6075 0.0475 0.03833333333333334
27 0.596875 0.6108333333333333 0.04125 0.055
27 0.474375 0.7250000000000001 0.04125 0.06333333333333334
27 0.431875 0.685 0.043750000000000004 0.05333333333333334
27 0.513125 0.635 0.04125 0.06666666666666667
27 0.4675 0.6183333333333334 0.04 0.05333333333333334
27 0.50125 0.5591666666666667 0.035 0.065
27 0.536875 0.5883333333333334 0.02875 0.05666666666666667
27 0.535 0.5158333333333334 0.055 0.04833333333333334
27 0.574375 0.5533333333333333 0.03875 0.05333333333333334
27 0.603125 0.5191666666666667 0.043750000000000004 0.05166666666666667
27 0.644375 0.5141666666666667 0.04875 0.058333333333333334
27 0.6375000000000001 0.5608333333333334 0.035 0.06166666666666667
27 0.61 0.46166666666666667 0.0475 0.05
27 0.574375 0.46416666666666667 0.04125 0.06166666666666667
27 0.838125 0.3408333333333334 0.043750000000000004 0.065
11 0.68125 0.23 0.04 0.06666666666666667
11 0.6950000000000001 0.505 0.055 0.05
11 0.66125 0.6016666666666667 0.05 0.05
11 0.83125 0.6841666666666667 0.04 0.055
11 0.533125 0.4566666666666667 0.04625 0.05666666666666667
11 0.4975 0.7341666666666667 0.06 0.05166666666666667
11 0.351875 0.5741666666666667 0.03625 0.05166666666666667
11 0.339375 0.2866666666666667 0.04125 0.07333333333333333
11 0.489375 0.27 0.04125 0.060000000000000005
27 0.339375 0.8808333333333334 0.04875 0.058333333333333334
27 0.539375 0.8941666666666668 0.043750000000000004 0.065
