21 0.29125 0.4866666666666667 0.0775 0.09333333333333334
20 0.20500000000000002 0.5408333333333334 0.055 0.085
21 0.375625 0.5341666666666667 0.07125000000000001 0.07500000000000001
21 0.1875 0.5966666666666667 0.0525 0.09333333333333334
18 0.215625 0.7783333333333334 0.02875 0.05333333333333334
18 0.186875 0.6641666666666667 0.03625 0.045000000000000005
21 0.33375 0.8508333333333334 0.0575 0.115
21 0.403125 0.79 0.07875 0.11
18 0.24375 0.9441666666666667 0.035 0.035
21 0.439375 0.9241666666666667 0.06875 0.095
21 0.47625 0.8033333333333333 0.07 0.10333333333333335
19 0.500625 0.8708333333333333 0.07375 0.065
21 0.725625 0.5025000000000001 0.06625 0.095
11 0.880625 0.28583333333333333 0.058750000000000004 0.055
