24 0.201875 0.22 0.04625 0.08
24 0.30312500000000003 0.29750000000000004 0.051250000000000004 0.09166666666666667
24 0.229375 0.3166666666666667 0.058750000000000004 0.08666666666666667
25 0.264375 0.25916666666666666 0.07875 0.09166666666666667
28 0.15625 0.27666666666666667 0.0625 0.09000000000000001
21 0.22125 0.4708333333333334 0.075 0.11166666666666668
28 0.24375 0.5458333333333334 0.0675 0.07166666666666667
11 0.335 0.4891666666666667 0.0425 0.07833333333333334
28 0.324375 0.6175 0.06875 0.095
24 0.25625 0.62 0.0675 0.08333333333333334
24 0.195625 0.6666666666666667 0.04875 0.12333333333333334
24 0.330625 0.755 0.058750000000000004 0.09000000000000001
21 0.2575 0.8091666666666667 0.0725 0.10500000000000001
24 0.390625 0.8191666666666667 0.07625 0.085
24 0.411875 0.7733333333333334 0.07375 0.09666666666666668
24 0.49125 0.8933333333333334 0.0625 0.08
24 0.55 0.8541666666666667 0.055 0.09166666666666667
25 0.494375 0.7041666666666667 0.07125000000000001 0.10500000000000001
25 0.743125 0.9733333333333334 0.06625 0.043333333333333335
21 0.63875 0.8625 0.0775 0.085
28 0.671875 0.5316666666666667 0.06375 0.10666666666666667
24 0.72375 0.5466666666666667 0.0625 0.07666666666666667
24 0.844375 0.6108333333333333 0.05375 0.07166666666666667
24 0.89625 0.5308333333333334 0.065 0.07833333333333334
28 0.779375 0.6475000000000001 0.04875 0.10166666666666667
23 0.728125 0.6025 0.04875 0.06166666666666667
23 0.756875 0.4633333333333334 0.05625 0.05666666666666667
21 0.805 0.5408333333333334 0.07 0.09833333333333334
24 0.77875 0.5833333333333334 0.0475 0.06666666666666667
24 0.761875 0.3141666666666667 0.07875 0.085
25 0.86375 0.14666666666666667 0.06 0.11333333333333334
24 0.740625 0.09416666666666668 0.07125000000000001 0.09166666666666667
24 0.65625 0.12333333333333334 0.06 0.08333333333333334
24 0.589375 0.1975 0.07625 0.085
28 0.53 0.18666666666666668 0.075 0.10666666666666667
18 0.42625 0.8791666666666668 0.0325 0.03166666666666667
