11 0.21625 0.37083333333333335 0.065 0.07500000000000001
11 0.28500000000000003 0.36750000000000005 0.0625 0.065
11 0.2325 0.5033333333333334 0.055 0.09333333333333334
11 0.3125 0.5233333333333333 0.0625 0.08333333333333334
11 0.375 0.5016666666666667 0.0525 0.09000000000000001
11 0.4025 0.455 0.055 0.08333333333333334
11 0.4 0.3983333333333334 0.065 0.06333333333333334
11 0.371875 0.5866666666666667 0.04875 0.09000000000000001
11 0.555625 0.49333333333333335 0.051250000000000004 0.09666666666666668
11 0.465 0.5833333333333334 0.0575 0.07
11 0.570625 0.5741666666666667 0.06875 0.06166666666666667
11 0.769375 0.44583333333333336 0.04875 0.08833333333333333
11 0.541875 0.7908333333333334 0.07125000000000001 0.07166666666666667
11 0.40750000000000003 0.8358333333333334 0.0675 0.07166666666666667
11 0.30125 0.9016666666666667 0.08 0.07333333333333333
11 0.26937500000000003 0.9625 0.05625 0.05166666666666667
18 0.805 0.3866666666666667 0.0375 0.04666666666666667
