21 0.285625 0.4241666666666667 0.06125 0.10166666666666667
31 0.215625 0.39333333333333337 0.03125 0.05
20 0.091875 0.5775 0.03625 0.04833333333333334
18 0.061875 0.5633333333333334 0.02375 0.04666666666666667
21 0.289375 0.6425000000000001 0.07375 0.07500000000000001
24 0.2725 0.7150000000000001 0.0625 0.09000000000000001
24 0.328125 0.7191666666666667 0.07375 0.08833333333333333
24 0.319375 0.8133333333333334 0.06375 0.07
24 0.345625 0.7866666666666667 0.04625 0.07
24 0.3725 0.7625000000000001 0.0675 0.058333333333333334
24 0.3675 0.8591666666666667 0.065 0.085
24 0.351875 0.9383333333333334 0.04625 0.08
21 0.385625 0.9133333333333334 0.07125000000000001 0.08
24 0.446875 0.9458333333333334 0.06125 0.08833333333333333
20 0.495 0.9700000000000001 0.035 0.043333333333333335
24 0.449375 0.8433333333333334 0.06375 0.07
24 0.41375 0.8358333333333334 0.0525 0.08833333333333333
24 0.439375 0.7425 0.07125000000000001 0.08166666666666667
24 0.520625 0.77 0.051250000000000004 0.06666666666666667
21 0.5493750000000001 0.7925000000000001 0.06875 0.09833333333333334
21 0.47750000000000004 0.7250000000000001 0.05 0.07666666666666667
24 0.52 0.6783333333333333 0.055 0.08666666666666667
21 0.440625 0.5916666666666667 0.07875 0.11
24 0.408125 0.5383333333333333 0.06625 0.08
24 0.34625 0.33166666666666667 0.0725 0.07666666666666667
24 0.48562500000000003 0.4425 0.07625 0.07500000000000001
31 0.335625 0.3841666666666667 0.04625 0.021666666666666667
24 0.35375 0.4108333333333334 0.075 0.10500000000000001
21 0.465625 0.2991666666666667 0.07125000000000001 0.08833333333333333
24 0.441875 0.24083333333333334 0.06375 0.07166666666666667
24 0.3725 0.135 0.0725 0.060000000000000005
24 0.54 0.2366666666666667 0.0525 0.08333333333333334
24 0.604375 0.5366666666666667 0.058750000000000004 0.09666666666666668
24 0.5493750000000001 0.5341666666666667 0.06875 0.095
21 0.645625 0.7541666666666668 0.07375 0.09833333333333334
21 0.69125 0.7308333333333333 0.0425 0.08833333333333333
20 0.6225 0.8241666666666667 0.0425 0.04833333333333334
24 0.6525 0.8991666666666667 0.0675 0.08166666666666667
24 0.733125 0.7666666666666667 0.07375 0.09666666666666668
24 0.7225 0.6808333333333334 0.0675 0.06166666666666667
24 0.836875 0.6133333333333334 0.06375 0.08
24 0.7125 0.5758333333333334 0.0725 0.09166666666666667
24 0.74125 0.20583333333333334 0.065 0.095
21 0.780625 0.14250000000000002 0.07375 0.07833333333333334
18 0.69375 0.30000000000000004 0.04 0.05
20 0.623125 0.3816666666666667 0.04875 0.05666666666666667
