18 0.34750000000000003 0.2575 0.0325 0.04166666666666667
18 0.2275 0.2316666666666667 0.0275 0.04
18 0.3675 0.3225 0.03 0.045000000000000005
18 0.21375 0.6316666666666667 0.0325 0.05333333333333334
18 0.241875 0.7000000000000001 0.01875 0.05333333333333334
18 0.46625 0.13833333333333334 0.0325 0.030000000000000002
18 0.491875 0.22416666666666668 0.03625 0.045000000000000005
18 0.61875 0.09166666666666667 0.0325 0.05333333333333334
11 0.57125 0.8841666666666668 0.0575 0.10166666666666667
11 0.589375 0.5208333333333334 0.043750000000000004 0.085
11 0.5625 0.5433333333333333 0.0475 0.08333333333333334
11 0.483125 0.6591666666666667 0.05375 0.07500000000000001
11 0.411875 0.7433333333333334 0.06125 0.06333333333333334
11 0.315625 0.5983333333333334 0.058750000000000004 0.060000000000000005
11 0.29812500000000003 0.7016666666666667 0.06625 0.07333333333333333
11 0.301875 0.77 0.06375 0.05666666666666667
11 0.33625 0.8283333333333334 0.05 0.07333333333333333
11 0.245625 0.8125 0.03875 0.08166666666666667
11 0.15875 0.7083333333333334 0.05 0.08666666666666667
11 0.25625 0.6041666666666667 0.0525 0.085
11 0.41625 0.48583333333333334 0.0625 0.058333333333333334
11 0.434375 0.42833333333333334 0.05625 0.05333333333333334
11 0.3575 0.48833333333333334 0.065 0.06333333333333334
11 0.3075 0.5016666666666667 0.0375 0.07666666666666667
11 0.23875000000000002 0.4716666666666667 0.055 0.09666666666666668
11 0.314375 0.4441666666666667 0.058750000000000004 0.058333333333333334
11 0.365 0.41000000000000003 0.0425 0.09333333333333334
11 0.33437500000000003 0.35000000000000003 0.06875 0.05333333333333334
11 0.0575 0.4591666666666667 0.0575 0.06166666666666667
11 0.884375 0.25916666666666666 0.03875 0.095
