27 0.535 0.4758333333333334 0.0575 0.065
27 0.650625 0.49083333333333334 0.04625 0.065
27 0.685 0.2816666666666667 0.0475 0.05666666666666667
27 0.855 0.5033333333333334 0.04 0.09000000000000001
27 0.79625 0.7308333333333333 0.045 0.07500000000000001
27 0.495 0.9558333333333334 0.055 0.055
11 0.28875 0.05916666666666667 0.05 0.04166666666666667
11 0.546875 0.5266666666666667 0.03125 0.060000000000000005
11 0.78125 0.2066666666666667 0.0375 0.05666666666666667
23 0.5925 0.36333333333333334 0.05 0.05333333333333334
23 0.735 0.33166666666666667 0.04 0.043333333333333335
23 0.71375 0.5075000000000001 0.0375 0.05166666666666667
23 0.31375000000000003 0.805 0.05 0.05666666666666667
23 0.41875 0.81 0.0375 0.05666666666666667
24 0.3875 0.6991666666666667 0.0625 0.07833333333333334
18 0.17 0.48333333333333334 0.03 0.043333333333333335
26 0.41875 0.43333333333333335 0.0325 0.03666666666666667
26 0.560625 0.6208333333333333 0.03625 0.03166666666666667
23 0.34125 0.1716666666666667 0.045 0.05
