19 0.3775 0.16583333333333333 0.035 0.04833333333333334
11 0.320625 0.15416666666666667 0.03125 0.03833333333333334
11 0.34375 0.14333333333333334 0.03 0.043333333333333335
11 0.354375 0.18500000000000003 0.02625 0.03333333333333333
11 0.38 0.19833333333333333 0.0275 0.043333333333333335
11 0.42375 0.19833333333333333 0.03 0.03666666666666667
11 0.44875 0.21333333333333335 0.0375 0.03333333333333333
11 0.47250000000000003 0.18500000000000003 0.0225 0.04666666666666667
11 0.45 0.1875 0.025 0.03833333333333334
11 0.5175 0.17083333333333334 0.03 0.028333333333333335
11 0.49125 0.16 0.0275 0.04
11 0.2975 0.22583333333333336 0.02 0.05166666666666667
11 0.33625 0.25916666666666666 0.0275 0.045000000000000005
11 0.34750000000000003 0.21250000000000002 0.0325 0.035
11 0.385625 0.2541666666666667 0.02625 0.055
11 0.406875 0.22916666666666669 0.03375 0.03166666666666667
11 0.431875 0.24583333333333335 0.03125 0.04166666666666667
11 0.415625 0.2758333333333334 0.02625 0.03166666666666667
11 0.39875 0.29250000000000004 0.035 0.03166666666666667
11 0.466875 0.2941666666666667 0.02625 0.05166666666666667
11 0.478125 0.265 0.02875 0.03666666666666667
11 0.501875 0.2775 0.02625 0.04166666666666667
11 0.45125 0.32916666666666666 0.0225 0.05166666666666667
11 0.43 0.3175 0.025 0.04166666666666667
11 0.395 0.32666666666666666 0.0225 0.04666666666666667
11 0.410625 0.3516666666666667 0.02125 0.05
11 0.376875 0.35583333333333333 0.01875 0.05166666666666667
11 0.31125 0.2775 0.0275 0.045000000000000005
11 0.288125 0.26 0.03125 0.04
11 0.27625 0.2758333333333334 0.0275 0.04166666666666667
11 0.29625 0.325 0.0325 0.04
11 0.288125 0.3616666666666667 0.02875 0.04666666666666667
11 0.268125 0.30583333333333335 0.03375 0.04833333333333334
11 0.24625 0.3141666666666667 0.0275 0.04166666666666667
11 0.2525 0.36000000000000004 0.03 0.04
11 0.22375 0.34750000000000003 0.0225 0.05166666666666667
11 0.35000000000000003 0.29750000000000004 0.0325 0.04166666666666667
11 0.2 0.4316666666666667 0.035 0.03333333333333333
11 0.23500000000000001 0.47500000000000003 0.035 0.03666666666666667
11 0.2 0.47750000000000004 0.0325 0.028333333333333335
11 0.198125 0.5041666666666667 0.03625 0.028333333333333335
11 0.175625 0.4841666666666667 0.02625 0.028333333333333335
11 0.400625 0.4808333333333334 0.02625 0.055
11 0.424375 0.445 0.03875 0.03333333333333333
11 0.37625000000000003 0.5875 0.0275 0.045000000000000005
11 0.319375 0.6016666666666667 0.02375 0.043333333333333335
11 0.425 0.6375000000000001 0.025 0.04166666666666667
11 0.426875 0.5958333333333333 0.03875 0.03166666666666667
11 0.39375 0.6591666666666667 0.035 0.045000000000000005
11 0.34 0.6925 0.0225 0.04833333333333334
11 0.40875 0.7241666666666667 0.0225 0.045000000000000005
11 0.3825 0.7841666666666667 0.03 0.04166666666666667
11 0.22875 0.6941666666666667 0.0325 0.03166666666666667
11 0.485 0.7350000000000001 0.025 0.04666666666666667
11 0.51125 0.7191666666666667 0.0275 0.03833333333333334
11 0.5387500000000001 0.7266666666666667 0.0325 0.04666666666666667
11 0.389375 0.8350000000000001 0.03625 0.030000000000000002
11 0.46625 0.8675 0.025 0.045000000000000005
11 0.540625 0.8525 0.03375 0.028333333333333335
11 0.5625 0.7966666666666667 0.0225 0.043333333333333335
11 0.5875 0.7816666666666667 0.0325 0.030000000000000002
11 0.606875 0.7583333333333334 0.03625 0.030000000000000002
11 0.65625 0.7716666666666667 0.0325 0.03333333333333333
11 0.595 0.7275 0.025 0.03833333333333334
22 0.5725 0.7391666666666667 0.02 0.015000000000000001
11 0.6075 0.6975 0.0275 0.03833333333333334
11 0.5775 0.7108333333333334 0.02 0.03833333333333334
11 0.5493750000000001 0.6891666666666667 0.03125 0.025
11 0.531875 0.6633333333333333 0.02125 0.03666666666666667
11 0.501875 0.6625000000000001 0.03625 0.035
11 0.5387500000000001 0.6391666666666667 0.0325 0.035
11 0.566875 0.6233333333333334 0.02875 0.04
11 0.6475 0.6125 0.0325 0.035
11 0.67875 0.6191666666666668 0.035 0.04166666666666667
11 0.6481250000000001 0.6525000000000001 0.01875 0.04833333333333334
11 0.676875 0.6666666666666667 0.03375 0.04
11 0.6675 0.6975 0.035 0.035
11 0.729375 0.6816666666666668 0.03625 0.03333333333333333
11 0.7075 0.7641666666666667 0.03 0.035
11 0.623125 0.6066666666666667 0.02875 0.03666666666666667
27 0.5775 0.6658333333333334 0.03 0.035
11 0.55125 0.5966666666666667 0.0225 0.05333333333333334
27 0.525 0.6091666666666667 0.0375 0.03833333333333334
19 0.48 0.6583333333333333 0.0325 0.043333333333333335
11 0.49062500000000003 0.5791666666666667 0.03875 0.035
11 0.499375 0.6008333333333333 0.03375 0.04166666666666667
11 0.5775 0.5733333333333334 0.03 0.03666666666666667
11 0.5806250000000001 0.54 0.02375 0.043333333333333335
11 0.610625 0.5483333333333333 0.03625 0.030000000000000002
11 0.644375 0.5466666666666667 0.03625 0.02666666666666667
11 0.68625 0.5641666666666667 0.0325 0.035
11 0.6431250000000001 0.5791666666666667 0.03375 0.035
27 0.603125 0.5783333333333334 0.02375 0.03333333333333333
11 0.7275 0.5783333333333334 0.0325 0.03666666666666667
11 0.721875 0.6141666666666667 0.02125 0.04833333333333334
11 0.706875 0.535 0.02875 0.04666666666666667
11 0.7425 0.4683333333333334 0.035 0.03666666666666667
11 0.685 0.47250000000000003 0.0325 0.03833333333333334
11 0.676875 0.5191666666666667 0.03125 0.05166666666666667
11 0.640625 0.5083333333333334 0.02375 0.04666666666666667
11 0.61875 0.5066666666666667 0.025 0.04666666666666667
11 0.705 0.41250000000000003 0.035 0.028333333333333335
11 0.654375 0.43333333333333335 0.03625 0.030000000000000002
11 0.61875 0.43500000000000005 0.04 0.03333333333333333
11 0.76125 0.35750000000000004 0.0325 0.03833333333333334
11 0.729375 0.3775 0.03125 0.035
11 0.70875 0.36583333333333334 0.02 0.045000000000000005
11 0.685625 0.3816666666666667 0.03875 0.03666666666666667
11 0.66125 0.39583333333333337 0.03 0.04166666666666667
11 0.6325000000000001 0.40166666666666667 0.025 0.04666666666666667
11 0.668125 0.3516666666666667 0.03875 0.043333333333333335
11 0.725 0.3016666666666667 0.0275 0.043333333333333335
11 0.745625 0.3166666666666667 0.02375 0.043333333333333335
11 0.640625 0.32083333333333336 0.03125 0.03166666666666667
11 0.63875 0.35250000000000004 0.03 0.035
11 0.61375 0.3816666666666667 0.025 0.05
11 0.6775 0.24083333333333334 0.02 0.04833333333333334
11 0.646875 0.26083333333333336 0.03375 0.03833333333333334
11 0.629375 0.23750000000000002 0.02625 0.03833333333333334
11 0.63 0.20333333333333334 0.02 0.043333333333333335
11 0.66 0.21583333333333335 0.0225 0.04833333333333334
11 0.600625 0.18333333333333335 0.02125 0.043333333333333335
11 0.578125 0.17666666666666667 0.02625 0.04
11 0.564375 0.19583333333333336 0.02625 0.035
11 0.54 0.20583333333333334 0.03 0.035
11 0.589375 0.21583333333333335 0.02375 0.035
11 0.584375 0.255 0.01875 0.03666666666666667
11 0.606875 0.27416666666666667 0.04125 0.035
11 0.605 0.24416666666666667 0.0225 0.03833333333333334
11 0.543125 0.2391666666666667 0.02875 0.03833333333333334
11 0.56625 0.24500000000000002 0.0275 0.04666666666666667
11 0.561875 0.29083333333333333 0.03125 0.03166666666666667
27 0.5925 0.3016666666666667 0.0325 0.043333333333333335
11 0.6118750000000001 0.3325 0.02375 0.04166666666666667
11 0.58625 0.34833333333333333 0.03 0.043333333333333335
11 0.591875 0.3241666666666667 0.02625 0.04166666666666667
11 0.534375 0.26583333333333337 0.02625 0.045000000000000005
11 0.510625 0.2025 0.02375 0.04166666666666667
11 0.52375 0.23083333333333333 0.025 0.03833333333333334
11 0.496875 0.22916666666666669 0.02625 0.045000000000000005
11 0.541875 0.3066666666666667 0.03625 0.03666666666666667
11 0.535 0.26166666666666666 0.025 0.03666666666666667
11 0.498125 0.32083333333333336 0.03125 0.04166666666666667
11 0.509375 0.3041666666666667 0.02875 0.028333333333333335
11 0.544375 0.35750000000000004 0.04125 0.03833333333333334
11 0.5437500000000001 0.39416666666666667 0.0275 0.045000000000000005
11 0.509375 0.35333333333333333 0.03625 0.03333333333333333
11 0.48375 0.35000000000000003 0.0325 0.04
11 0.463125 0.395 0.02375 0.05333333333333334
11 0.4325 0.4008333333333334 0.0275 0.04833333333333334
11 0.40125 0.39666666666666667 0.035 0.030000000000000002
11 0.50875 0.4683333333333334 0.03 0.043333333333333335
11 0.42562500000000003 0.5091666666666667 0.02625 0.06166666666666667
11 0.455 0.5233333333333333 0.0325 0.03333333333333333
11 0.48562500000000003 0.5383333333333333 0.02375 0.043333333333333335
11 0.4325 0.5658333333333334 0.04 0.028333333333333335
