11 0.360344 0.237172 0.059412 0.128363
11 0.317843 0.050953 0.088354 0.079702
4 0.141729 0.335105 0.071749 0.115740
4 0.194505 0.447035 0.080053 0.087326
4 0.272481 0.460895 0.049810 0.116435
4 0.361723 0.488963 0.106141 0.068614
4 0.214073 0.547528 0.084796 0.108116
4 0.362908 0.681288 0.064634 0.108119
4 0.454225 0.768960 0.094283 0.076930
4 0.727289 0.661883 0.064040 0.131681
4 0.647535 0.456044 0.095468 0.099800
4 0.515006 0.372184 0.072340 0.094256
4 0.433176 0.554458 0.094874 0.077625
4 0.309838 0.295255 0.064040 0.112277
4 0.426357 0.272730 0.051587 0.104653
4 0.530126 0.112634 0.083607 0.089407
4 0.394038 0.407876 0.085387 0.082474
8 0.365875 0.332334 0.039729 0.097719
8 0.428433 0.348619 0.090131 0.048516
8 0.784510 0.501093 0.093097 0.072081
8 0.451855 0.485500 0.080050 0.042277
14 0.707168 0.162639 0.056334 0.083743
14 0.576368 0.194520 0.027177 0.069884
