11 0.525625 0.16166666666666668 0.04625 0.08
11 0.455625 0.29583333333333334 0.05375 0.08833333333333333
11 0.358125 0.2866666666666667 0.04625 0.08333333333333334
11 0.185625 0.24166666666666667 0.04625 0.043333333333333335
18 0.218125 0.265 0.02875 0.03666666666666667
18 0.203125 0.3225 0.03625 0.04833333333333334
11 0.22875 0.36083333333333334 0.035 0.07166666666666667
18 0.2575 0.35000000000000003 0.025 0.02666666666666667
11 0.184375 0.3825 0.03375 0.06833333333333334
11 0.356875 0.47000000000000003 0.06625 0.07
11 0.330625 0.5900000000000001 0.04875 0.09666666666666668
11 0.29625 0.6433333333333334 0.0525 0.05
11 0.33187500000000003 0.6966666666666667 0.05375 0.060000000000000005
11 0.306875 0.7316666666666667 0.043750000000000004 0.07666666666666667
11 0.07875 0.6683333333333333 0.0475 0.06666666666666667
11 0.310625 0.8058333333333334 0.04625 0.055
11 0.3675 0.8108333333333334 0.065 0.058333333333333334
11 0.23125 0.8400000000000001 0.06 0.05666666666666667
11 0.304375 0.8783333333333334 0.04625 0.07666666666666667
11 0.2275 0.9541666666666667 0.0425 0.07833333333333334
11 0.46187500000000004 0.9641666666666667 0.051250000000000004 0.065
11 0.496875 0.8683333333333334 0.06625 0.07
11 0.48125 0.7366666666666667 0.075 0.05666666666666667
11 0.38125000000000003 0.7308333333333333 0.05 0.07500000000000001
11 0.4425 0.6691666666666667 0.0625 0.055
11 0.39187500000000003 0.66 0.05625 0.05666666666666667
11 0.60875 0.7575000000000001 0.0525 0.06166666666666667
11 0.4 0.5225000000000001 0.0425 0.08833333333333333
11 0.494375 0.455 0.043750000000000004 0.08666666666666667
11 0.54875 0.44833333333333336 0.0475 0.08
11 0.65125 0.4891666666666667 0.065 0.065
11 0.44375000000000003 0.4116666666666667 0.0475 0.08
11 0.389375 0.39416666666666667 0.06375 0.058333333333333334
11 0.645625 0.3425 0.06375 0.09166666666666667
11 0.4925 0.3591666666666667 0.0475 0.085
11 0.805 0.045000000000000005 0.0575 0.043333333333333335
11 0.6925 0.020833333333333336 0.0425 0.045000000000000005
11 0.92125 0.4841666666666667 0.0475 0.05166666666666667
11 0.96875 0.525 0.04 0.05
11 0.9712500000000001 0.37000000000000005 0.035 0.060000000000000005
11 0.731875 0.7958333333333334 0.06375 0.058333333333333334
18 0.714375 0.8583333333333334 0.02625 0.04
11 0.70625 0.7108333333333334 0.0475 0.09833333333333334
11 0.67875 0.9825 0.06 0.03166666666666667
