7 0.389375 0.24833333333333335 0.10875 0.06666666666666667
7 0.451875 0.3466666666666667 0.08625000000000001 0.12333333333333334
7 0.419375 0.3983333333333334 0.09375 0.08666666666666667
7 0.36 0.35500000000000004 0.065 0.14666666666666667
7 0.21875 0.33166666666666667 0.0975 0.08333333333333334
7 0.248125 0.42250000000000004 0.08375 0.13833333333333334
19 0.229375 0.4766666666666667 0.03375 0.060000000000000005
19 0.36062500000000003 0.4866666666666667 0.04875 0.06333333333333334
7 0.279375 0.5058333333333334 0.11625 0.07833333333333334
19 0.35125 0.6233333333333334 0.0575 0.07
20 0.310625 0.6191666666666668 0.02625 0.045000000000000005
7 0.30312500000000003 0.7275 0.04875 0.125
7 0.348125 0.76 0.04875 0.14666666666666667
7 0.395 0.75 0.0525 0.16
20 0.721875 0.8383333333333334 0.04875 0.06666666666666667
20 0.44375000000000003 0.2833333333333333 0.0425 0.04666666666666667
20 0.75 0.21000000000000002 0.0425 0.05333333333333334
20 0.501875 0.08083333333333334 0.03625 0.06166666666666667
20 0.349375 0.8866666666666667 0.051250000000000004 0.05333333333333334
