11 0.19625 0.325 0.0325 0.043333333333333335
23 0.45937500000000003 0.26 0.04625 0.043333333333333335
28 0.82625 0.23333333333333334 0.04 0.043333333333333335
26 0.64875 0.2066666666666667 0.0225 0.03666666666666667
23 0.7175 0.26416666666666666 0.025 0.03833333333333334
26 0.84 0.3175 0.0225 0.021666666666666667
25 0.7887500000000001 0.3433333333333334 0.035 0.060000000000000005
23 0.7425 0.28500000000000003 0.025 0.04
25 0.74875 0.3666666666666667 0.04 0.05333333333333334
25 0.7156250000000001 0.36583333333333334 0.043750000000000004 0.05166666666666667
26 0.70125 0.39916666666666667 0.03 0.028333333333333335
11 0.63875 0.5175000000000001 0.035 0.058333333333333334
25 0.64875 0.4033333333333334 0.0525 0.07
