1 0.285626 0.385433 0.041839 0.096810
1 0.243358 0.278147 0.058064 0.069862
1 0.232258 0.083037 0.081970 0.040917
1 0.891027 0.609984 0.072580 0.062877
1 0.619491 0.387928 0.060626 0.047905
18 0.039281 0.917868 0.063187 0.111779
18 0.416696 0.894915 0.087093 0.097803
18 0.740742 0.841022 0.094781 0.069858
18 0.887183 0.788127 0.064893 0.103790
18 0.640840 0.766171 0.067457 0.099800
18 0.575517 0.718267 0.070019 0.099800
18 0.668971 0.586964 0.071650 0.072772
18 0.469337 0.587252 0.096359 0.068727
18 0.579038 0.599958 0.078568 0.089520
18 0.455749 0.478383 0.092898 0.086632
18 0.620792 0.461924 0.077084 0.088367
18 0.765082 0.449218 0.085982 0.105689
18 0.915797 0.380200 0.074121 0.105115
18 0.901464 0.204627 0.083016 0.080858
18 0.793248 0.330531 0.075110 0.088941
18 0.711467 0.314360 0.086477 0.065838
18 0.754211 0.241588 0.058307 0.092408
18 0.820426 0.177194 0.075107 0.069884
18 0.696148 0.192497 0.067697 0.097028
18 0.493797 0.245055 0.063249 0.091251
18 0.543458 0.300500 0.087463 0.061219
18 0.131838 0.111641 0.077582 0.102801
18 0.219301 0.200005 0.079555 0.076235
18 0.134802 0.366917 0.096359 0.077392
18 0.033430 0.423518 0.066860 0.091255
18 0.397933 0.219642 0.054354 0.083168
18 0.645994 0.082763 0.077087 0.061219
18 0.719374 0.039736 0.077579 0.074503
18 0.284774 0.617861 0.054354 0.096450
18 0.264267 0.681393 0.095369 0.071037
18 0.407322 0.643274 0.075110 0.088367
18 0.219054 0.564727 0.060286 0.086057
18 0.539012 0.634032 0.077582 0.064107
18 0.554577 0.383956 0.066215 0.089520
11 0.315532 0.274136 0.067261 0.052943
18 0.544143 0.216782 0.075356 0.073638
18 0.659088 0.346300 0.055836 0.102226
