11 0.3625 0.19666666666666668 0.0375 0.043333333333333335
11 0.5231250000000001 0.2816666666666667 0.02375 0.05333333333333334
11 0.2775 0.34833333333333333 0.0475 0.043333333333333335
11 0.326875 0.51 0.04125 0.043333333333333335
11 0.320625 0.5475 0.03375 0.05166666666666667
11 0.248125 0.5391666666666667 0.02375 0.045000000000000005
11 0.44875 0.6925 0.0275 0.045000000000000005
11 0.43125 0.7333333333333334 0.035 0.04
11 0.54625 0.5616666666666666 0.0375 0.03333333333333333
11 0.6175 0.8125 0.035 0.03166666666666667
11 0.7175 0.3691666666666667 0.0325 0.03833333333333334
11 0.615625 0.18416666666666667 0.02625 0.028333333333333335
11 0.583125 0.18416666666666667 0.02625 0.05166666666666667
22 0.450625 0.36750000000000005 0.02875 0.03166666666666667
18 0.395 0.3275 0.0225 0.028333333333333335
18 0.22062500000000002 0.42750000000000005 0.02625 0.025
18 0.273125 0.3841666666666667 0.02625 0.035
18 0.6900000000000001 0.31583333333333335 0.02 0.028333333333333335
18 0.68375 0.32666666666666666 0.0175 0.02666666666666667
18 0.6587500000000001 0.33666666666666667 0.02 0.03333333333333333
18 0.67875 0.29750000000000004 0.0175 0.035
18 0.538125 0.21666666666666667 0.02375 0.030000000000000002
18 0.489375 0.2066666666666667 0.02625 0.023333333333333334
18 0.6743750000000001 0.5241666666666667 0.02625 0.03166666666666667
18 0.7325 0.5216666666666667 0.02 0.03333333333333333
18 0.7175 0.52 0.0225 0.04
18 0.693125 0.5083333333333334 0.01625 0.02
18 0.69625 0.5375000000000001 0.025 0.035
18 0.740625 0.5708333333333334 0.02125 0.03166666666666667
18 0.716875 0.5708333333333334 0.02875 0.025
18 0.675 0.6266666666666667 0.02 0.02666666666666667
18 0.661875 0.6266666666666667 0.02625 0.030000000000000002
18 0.58125 0.7166666666666667 0.0175 0.04
18 0.6118750000000001 0.7558333333333334 0.01375 0.028333333333333335
18 0.62 0.7666666666666667 0.02 0.02666666666666667
18 0.693125 0.7466666666666667 0.01625 0.023333333333333334
18 0.649375 0.77 0.02125 0.03333333333333333
18 0.544375 0.7333333333333334 0.02625 0.030000000000000002
18 0.511875 0.7658333333333334 0.02125 0.03166666666666667
18 0.481875 0.7775000000000001 0.01625 0.028333333333333335
18 0.471875 0.7533333333333334 0.01875 0.023333333333333334
18 0.563125 0.8416666666666667 0.02375 0.030000000000000002
18 0.52625 0.8750000000000001 0.02 0.023333333333333334
18 0.515 0.8591666666666667 0.0225 0.028333333333333335
18 0.500625 0.8516666666666667 0.02125 0.02666666666666667
18 0.48875 0.8750000000000001 0.02 0.02
18 0.46875 0.8925000000000001 0.025 0.021666666666666667
18 0.455625 0.8775000000000001 0.02625 0.025
18 0.441875 0.8583333333333334 0.02125 0.023333333333333334
18 0.458125 0.8358333333333334 0.02375 0.025
18 0.43 0.8425 0.025 0.035
18 0.42125 0.8083333333333333 0.02 0.03333333333333333
18 0.3825 0.8466666666666667 0.025 0.03666666666666667
18 0.380625 0.8041666666666667 0.02375 0.028333333333333335
18 0.39375 0.6966666666666667 0.0225 0.02666666666666667
18 0.438125 0.5900000000000001 0.02375 0.030000000000000002
18 0.45875 0.5741666666666667 0.0275 0.035
18 0.650625 0.5541666666666667 0.02125 0.028333333333333335
18 0.654375 0.535 0.01625 0.03666666666666667
18 0.34625 0.68 0.0225 0.02666666666666667
18 0.336875 0.7100000000000001 0.02375 0.023333333333333334
18 0.3025 0.7208333333333333 0.0225 0.028333333333333335
18 0.26687500000000003 0.6916666666666668 0.02625 0.023333333333333334
18 0.234375 0.6408333333333334 0.01875 0.035
18 0.30625 0.615 0.02 0.030000000000000002
18 0.318125 0.5866666666666667 0.02375 0.02666666666666667
18 0.27 0.5533333333333333 0.0225 0.03666666666666667
18 0.27625 0.52 0.0225 0.03666666666666667
18 0.20500000000000002 0.5583333333333333 0.0275 0.03333333333333333
18 0.224375 0.5458333333333334 0.02625 0.028333333333333335
19 0.510625 0.6958333333333334 0.03625 0.04833333333333334
19 0.381875 0.6816666666666668 0.03875 0.05666666666666667
19 0.46875 0.7275 0.0325 0.05166666666666667
19 0.7212500000000001 0.6575000000000001 0.0275 0.055
18 0.6225 0.20750000000000002 0.0275 0.03166666666666667
18 0.68625 0.4341666666666667 0.0225 0.028333333333333335
18 0.563125 0.41250000000000003 0.02625 0.03166666666666667
18 0.6275000000000001 0.2525 0.03 0.03833333333333334
18 0.55125 0.26916666666666667 0.0225 0.04166666666666667
27 0.33 0.20833333333333334 0.0325 0.05333333333333334
18 0.6575 0.8125 0.0275 0.028333333333333335
18 0.609375 0.8441666666666667 0.02625 0.021666666666666667
