15 0.506684 0.213287 0.118235 0.092503
12 0.225425 0.760875 0.046561 0.038985
12 0.295299 0.708907 0.043900 0.028203
12 0.182193 0.662883 0.020109 0.055231
12 0.187219 0.485838 0.026141 0.062277
12 0.436052 0.421404 0.027815 0.053270
12 0.527375 0.499547 0.042225 0.042696
12 0.508810 0.287053 0.025805 0.058756
12 0.546509 0.410045 0.019437 0.049352
12 0.823157 0.253563 0.048593 0.052881
12 0.864177 0.422188 0.039546 0.035253
12 0.685387 0.091206 0.023125 0.058752
12 0.577309 0.034998 0.038204 0.040342
12 0.668464 0.148198 0.020109 0.045045
12 0.693431 0.257874 0.019773 0.052095
12 0.643697 0.289012 0.043567 0.028203
12 0.649897 0.313689 0.038537 0.023499
12 0.375730 0.283136 0.043903 0.024285
12 0.335179 0.240442 0.027146 0.036817
12 0.405053 0.110595 0.042225 0.033296
12 0.571945 0.132139 0.018768 0.045828
12 0.216209 0.254347 0.021114 0.046613
12 0.079477 0.268840 0.041892 0.023107
