27 0.2525 0.19166666666666668 0.0425 0.07
27 0.316875 0.0775 0.04125 0.045000000000000005
27 0.356875 0.05 0.03125 0.06333333333333334
27 0.441875 0.07500000000000001 0.03125 0.05333333333333334
27 0.47375 0.01916666666666667 0.0525 0.03833333333333334
27 0.301875 0.3041666666666667 0.03625 0.058333333333333334
27 0.395625 0.3166666666666667 0.03625 0.06666666666666667
27 0.47250000000000003 0.3433333333333334 0.0375 0.060000000000000005
27 0.285625 0.3491666666666667 0.04125 0.06833333333333334
27 0.414375 0.38583333333333336 0.051250000000000004 0.05166666666666667
27 0.455 0.3816666666666667 0.0425 0.04666666666666667
27 0.538125 0.35500000000000004 0.04875 0.05333333333333334
27 0.48625 0.4083333333333334 0.0425 0.04666666666666667
27 0.41000000000000003 0.4525 0.0375 0.058333333333333334
27 0.336875 0.4608333333333334 0.03375 0.04833333333333334
27 0.39625 0.4966666666666667 0.0475 0.05
27 0.29875 0.5358333333333334 0.035 0.055
27 0.4425 0.5733333333333334 0.0325 0.05
27 0.45437500000000003 0.54 0.05625 0.05
27 0.3275 0.6658333333333334 0.04 0.065
27 0.21937500000000001 0.7791666666666667 0.03125 0.065
27 0.43625 0.8108333333333334 0.05 0.058333333333333334
27 0.435 0.7408333333333333 0.045 0.07166666666666667
27 0.49 0.7275 0.025 0.07166666666666667
27 0.5231250000000001 0.7041666666666667 0.043750000000000004 0.055
27 0.500625 0.6566666666666667 0.051250000000000004 0.043333333333333335
27 0.670625 0.7366666666666667 0.03625 0.05666666666666667
27 0.6687500000000001 0.6875 0.0475 0.035
27 0.6275000000000001 0.6691666666666667 0.0475 0.035
27 0.56125 0.6233333333333334 0.0425 0.030000000000000002
27 0.579375 0.6458333333333334 0.04125 0.04166666666666667
27 0.62375 0.5508333333333334 0.045 0.04833333333333334
27 0.556875 0.5475 0.03625 0.06166666666666667
27 0.7418750000000001 0.5883333333333334 0.03375 0.05666666666666667
27 0.705 0.55 0.04 0.04666666666666667
27 0.675625 0.5166666666666667 0.04125 0.04666666666666667
27 0.515 0.49750000000000005 0.05 0.045000000000000005
27 0.536875 0.4716666666666667 0.03875 0.04
27 0.60375 0.42750000000000005 0.0425 0.045000000000000005
27 0.665625 0.39416666666666667 0.02125 0.055
27 0.68125 0.4366666666666667 0.03 0.06333333333333334
27 0.70375 0.4633333333333334 0.0275 0.06666666666666667
27 0.779375 0.4683333333333334 0.03875 0.05
27 0.726875 0.34750000000000003 0.04625 0.03833333333333334
27 0.761875 0.3225 0.03875 0.04833333333333334
27 0.765625 0.2775 0.051250000000000004 0.05166666666666667
27 0.65375 0.3416666666666667 0.045 0.05
27 0.62125 0.26833333333333337 0.0325 0.060000000000000005
27 0.658125 0.24500000000000002 0.04125 0.06666666666666667
27 0.689375 0.2066666666666667 0.04625 0.03666666666666667
27 0.503125 0.23583333333333334 0.03375 0.065
27 0.5325 0.24583333333333335 0.04 0.058333333333333334
27 0.52875 0.19666666666666668 0.0475 0.03333333333333333
27 0.533125 0.15666666666666668 0.05625 0.04
27 0.608125 0.06416666666666668 0.051250000000000004 0.04166666666666667
27 0.565625 0.029166666666666667 0.05375 0.04166666666666667
11 0.308125 0.17083333333333334 0.051250000000000004 0.04833333333333334
11 0.390625 0.20833333333333334 0.04875 0.06333333333333334
11 0.421875 0.11583333333333334 0.051250000000000004 0.058333333333333334
11 0.429375 0.27416666666666667 0.02875 0.06166666666666667
11 0.37125 0.28750000000000003 0.045 0.055
11 0.339375 0.38 0.04625 0.04666666666666667
11 0.146875 0.48333333333333334 0.051250000000000004 0.06666666666666667
11 0.30875 0.4733333333333334 0.035 0.060000000000000005
11 0.33375 0.5175000000000001 0.0275 0.06833333333333334
11 0.36625 0.5 0.0375 0.06666666666666667
11 0.358125 0.43833333333333335 0.02875 0.07
11 0.38375000000000004 0.4316666666666667 0.035 0.06666666666666667
11 0.39625 0.5825 0.0475 0.045000000000000005
11 0.395 0.6775 0.04 0.06833333333333334
11 0.51375 0.375 0.04 0.06666666666666667
11 0.516875 0.4425 0.03125 0.06833333333333334
11 0.54625 0.4083333333333334 0.05 0.04666666666666667
11 0.57875 0.45 0.035 0.05
11 0.64625 0.42000000000000004 0.0425 0.05
11 0.6118750000000001 0.4566666666666667 0.03125 0.04666666666666667
11 0.58875 0.4916666666666667 0.0375 0.04666666666666667
11 0.6168750000000001 0.505 0.03875 0.04
11 0.59375 0.5308333333333334 0.0325 0.04166666666666667
11 0.498125 0.5425 0.03125 0.06166666666666667
11 0.5125 0.5608333333333334 0.045 0.04166666666666667
11 0.476875 0.5908333333333333 0.03375 0.058333333333333334
11 0.50625 0.6133333333333334 0.0275 0.05
11 0.5475 0.5983333333333334 0.05 0.043333333333333335
11 0.55375 0.6758333333333334 0.0375 0.05166666666666667
11 0.5625 0.7358333333333333 0.035 0.04833333333333334
11 0.63875 0.7666666666666667 0.045 0.03666666666666667
11 0.638125 0.7216666666666667 0.03125 0.060000000000000005
11 0.6 0.6558333333333334 0.035 0.04833333333333334
11 0.625 0.5991666666666667 0.045 0.04833333333333334
11 0.588125 0.5816666666666667 0.03875 0.05666666666666667
11 0.66625 0.63 0.0375 0.05
11 0.656875 0.5566666666666668 0.03125 0.07
11 0.7025 0.5808333333333334 0.0425 0.04833333333333334
11 0.704375 0.615 0.03625 0.04
11 0.721875 0.6808333333333334 0.04125 0.055
11 0.8 0.6758333333333334 0.035 0.055
11 0.7993750000000001 0.7783333333333334 0.02875 0.060000000000000005
11 0.780625 0.61 0.04625 0.04
11 0.74375 0.5 0.0275 0.05333333333333334
11 0.7781250000000001 0.5175000000000001 0.03125 0.055
11 0.738125 0.45833333333333337 0.04125 0.04
11 0.733125 0.41500000000000004 0.03375 0.05333333333333334
11 0.7993750000000001 0.37083333333333335 0.03375 0.055
11 0.7975 0.3241666666666667 0.035 0.05166666666666667
27 0.6062500000000001 0.7358333333333333 0.035 0.055
11 0.59 0.2341666666666667 0.045 0.06833333333333334
11 0.620625 0.16583333333333333 0.043750000000000004 0.04833333333333334
11 0.668125 0.1716666666666667 0.04125 0.05666666666666667
11 0.654375 0.13333333333333333 0.04875 0.04
11 0.6875 0.11833333333333335 0.03 0.06333333333333334
11 0.668125 0.095 0.04125 0.05333333333333334
11 0.633125 0.08416666666666667 0.04125 0.06166666666666667
11 0.64625 0.28833333333333333 0.035 0.07333333333333333
11 0.68125 0.29250000000000004 0.04 0.04833333333333334
11 0.6225 0.3166666666666667 0.045 0.04
24 0.5925 0.3975 0.065 0.07166666666666667
23 0.6775 0.8258333333333334 0.0375 0.055
11 0.5325 0.9400000000000001 0.05 0.043333333333333335
11 0.42312500000000003 0.8583333333333334 0.03875 0.05
11 0.46 0.7308333333333333 0.04 0.07166666666666667
26 0.503125 0.35000000000000003 0.02375 0.06333333333333334
11 0.43625 0.4625 0.045 0.055
11 0.445 0.5016666666666667 0.035 0.05
11 0.478125 0.49000000000000005 0.02625 0.060000000000000005
11 0.44 0.4191666666666667 0.035 0.04833333333333334
