19 0.354375 0.14 0.03875 0.03666666666666667
19 0.435625 0.15333333333333335 0.03625 0.05
19 0.48875 0.19583333333333336 0.04 0.06833333333333334
19 0.463125 0.1991666666666667 0.03375 0.065
19 0.436875 0.2541666666666667 0.03375 0.05166666666666667
19 0.4575 0.27 0.0375 0.05333333333333334
27 0.416875 0.3275 0.04125 0.03833333333333334
19 0.6218750000000001 0.18416666666666667 0.03875 0.055
19 0.57375 0.20083333333333334 0.0375 0.06833333333333334
19 0.5425 0.22333333333333336 0.035 0.05
19 0.5825 0.25583333333333336 0.035 0.05166666666666667
19 0.665 0.30000000000000004 0.06 0.05
19 0.641875 0.33416666666666667 0.03375 0.05166666666666667
19 0.5575 0.3466666666666667 0.0375 0.060000000000000005
19 0.66 0.39666666666666667 0.0375 0.05
19 0.5806250000000001 0.4475 0.04625 0.065
19 0.5525 0.48583333333333334 0.045 0.06166666666666667
19 0.638125 0.4625 0.04125 0.058333333333333334
19 0.765 0.3825 0.0275 0.07833333333333334
19 0.750625 0.4541666666666667 0.04625 0.05166666666666667
19 0.71625 0.4541666666666667 0.0225 0.055
24 0.6375000000000001 0.43000000000000005 0.0475 0.06333333333333334
24 0.6793750000000001 0.5033333333333334 0.03625 0.05666666666666667
24 0.65 0.5275000000000001 0.0325 0.04833333333333334
24 0.669375 0.5583333333333333 0.03625 0.07666666666666667
24 0.583125 0.5816666666666667 0.04875 0.05666666666666667
24 0.65 0.6525000000000001 0.045 0.045000000000000005
24 0.729375 0.7233333333333334 0.03125 0.06333333333333334
19 0.673125 0.7425 0.03375 0.05166666666666667
19 0.650625 0.7291666666666667 0.03125 0.04166666666666667
19 0.66 0.8033333333333333 0.0325 0.05666666666666667
19 0.578125 0.6975 0.043750000000000004 0.06833333333333334
19 0.603125 0.7116666666666667 0.03875 0.05666666666666667
19 0.53125 0.7341666666666667 0.035 0.06833333333333334
19 0.595625 0.8033333333333333 0.03375 0.060000000000000005
19 0.568125 0.8308333333333334 0.03625 0.03833333333333334
19 0.526875 0.8283333333333334 0.03875 0.043333333333333335
19 0.5437500000000001 0.8475 0.0375 0.05166666666666667
19 0.475625 0.7958333333333334 0.03625 0.07166666666666667
19 0.449375 0.8883333333333334 0.03375 0.06666666666666667
19 0.494375 0.7541666666666668 0.043750000000000004 0.04833333333333334
19 0.558125 0.7125 0.03125 0.04833333333333334
19 0.5 0.6483333333333334 0.04 0.04
19 0.49625 0.6866666666666668 0.03 0.04666666666666667
19 0.47375 0.6991666666666667 0.0325 0.055
19 0.43375 0.68 0.0425 0.05
19 0.455 0.6366666666666667 0.0425 0.043333333333333335
19 0.450625 0.6041666666666667 0.02625 0.045000000000000005
19 0.37625000000000003 0.7116666666666667 0.035 0.05
19 0.374375 0.6183333333333334 0.04125 0.060000000000000005
19 0.358125 0.6441666666666667 0.03375 0.06166666666666667
19 0.319375 0.7050000000000001 0.03125 0.05666666666666667
19 0.31125 0.775 0.025 0.05
19 0.32875 0.5625 0.035 0.055
19 0.305 0.6041666666666667 0.035 0.05166666666666667
19 0.3025 0.6458333333333334 0.0375 0.058333333333333334
19 0.3425 0.4966666666666667 0.0425 0.05
19 0.295 0.4658333333333334 0.05 0.05166666666666667
19 0.243125 0.32333333333333336 0.05375 0.043333333333333335
19 0.28875 0.3408333333333334 0.035 0.05166666666666667
