11 0.43375 0.3766666666666667 0.045 0.07
20 0.384375 0.10750000000000001 0.04125 0.04166666666666667
20 0.38 0.15916666666666668 0.035 0.055
23 0.42 0.2316666666666667 0.0525 0.060000000000000005
24 0.42125 0.17916666666666667 0.05 0.07500000000000001
24 0.500625 0.275 0.05375 0.06666666666666667
24 0.34500000000000003 0.3175 0.0675 0.055
24 0.361875 0.35250000000000004 0.04625 0.07833333333333334
24 0.2125 0.4591666666666667 0.0525 0.08166666666666667
24 0.36625 0.45083333333333336 0.055 0.07166666666666667
24 0.42625 0.5008333333333334 0.055 0.07166666666666667
24 0.4425 0.4658333333333334 0.0625 0.07500000000000001
24 0.5906250000000001 0.39416666666666667 0.06875 0.07500000000000001
24 0.2675 0.6075 0.0625 0.07500000000000001
24 0.286875 0.6466666666666667 0.058750000000000004 0.060000000000000005
24 0.373125 0.7225 0.058750000000000004 0.085
24 0.425 0.6766666666666667 0.065 0.07666666666666667
24 0.41000000000000003 0.64 0.065 0.07666666666666667
20 0.18937500000000002 0.6658333333333334 0.043750000000000004 0.05166666666666667
21 0.208125 0.7766666666666667 0.058750000000000004 0.08333333333333334
19 0.4425 0.8883333333333334 0.05 0.06666666666666667
24 0.478125 0.8408333333333334 0.05375 0.065
24 0.539375 0.7666666666666667 0.05375 0.07
24 0.546875 0.6725000000000001 0.06125 0.07166666666666667
19 0.494375 0.6683333333333333 0.04625 0.06666666666666667
19 0.7106250000000001 0.6708333333333334 0.05625 0.06166666666666667
21 0.683125 0.5683333333333334 0.06875 0.09000000000000001
21 0.7156250000000001 0.385 0.07375 0.08666666666666667
24 0.618125 0.5433333333333333 0.05625 0.08
24 0.6431250000000001 0.48250000000000004 0.06625 0.06833333333333334
