20 0.114375 0.21500000000000002 0.03125 0.05666666666666667
20 0.165625 0.4 0.04125 0.05666666666666667
20 0.171875 0.5116666666666667 0.03375 0.04666666666666667
20 0.045 0.5691666666666667 0.03 0.05166666666666667
20 0.209375 0.6383333333333334 0.02625 0.060000000000000005
20 0.32875 0.6616666666666667 0.035 0.04
20 0.20625000000000002 0.7033333333333334 0.0475 0.06666666666666667
20 0.24 0.7491666666666668 0.0375 0.05166666666666667
20 0.176875 0.7558333333333334 0.03875 0.07500000000000001
20 0.18625 0.8191666666666667 0.035 0.055
20 0.166875 0.8741666666666668 0.03625 0.055
20 0.23500000000000001 0.8783333333333334 0.025 0.05
19 0.21937500000000001 0.8300000000000001 0.04125 0.07
18 0.27625 0.7325 0.035 0.045000000000000005
20 0.273125 0.7025 0.043750000000000004 0.025
18 0.355 0.765 0.035 0.043333333333333335
18 0.28875 0.8175 0.035 0.035
20 0.324375 0.8933333333333334 0.02125 0.060000000000000005
20 0.36 0.9016666666666667 0.035 0.05
20 0.39687500000000003 0.8983333333333334 0.03625 0.03666666666666667
20 0.395625 0.8675 0.043750000000000004 0.03833333333333334
20 0.385625 0.8325 0.06125 0.05166666666666667
20 0.33875 0.8291666666666667 0.0325 0.04833333333333334
20 0.431875 0.9708333333333334 0.03875 0.055
20 0.49 0.9441666666666667 0.04 0.058333333333333334
20 0.535625 0.9700000000000001 0.03875 0.04666666666666667
20 0.564375 0.8841666666666668 0.03625 0.06166666666666667
20 0.59375 0.8975000000000001 0.0325 0.058333333333333334
20 0.625 0.9441666666666667 0.0425 0.05166666666666667
20 0.49875 0.8333333333333334 0.04 0.04666666666666667
20 0.470625 0.8116666666666668 0.03125 0.05
21 0.43062500000000004 0.8108333333333334 0.058750000000000004 0.06166666666666667
20 0.6025 0.7383333333333334 0.04 0.05
20 0.66125 0.7283333333333334 0.0425 0.05666666666666667
20 0.70875 0.7208333333333333 0.04 0.06833333333333334
20 0.7225 0.79 0.0325 0.04666666666666667
19 0.58875 0.6983333333333334 0.0525 0.06666666666666667
20 0.641875 0.5666666666666667 0.04625 0.05
20 0.8275 0.34 0.04 0.05666666666666667
20 0.756875 0.3141666666666667 0.04625 0.04833333333333334
20 0.748125 0.3441666666666667 0.04625 0.045000000000000005
20 0.758125 0.39666666666666667 0.04625 0.06333333333333334
20 0.7781250000000001 0.4416666666666667 0.03875 0.05666666666666667
20 0.8 0.49833333333333335 0.0375 0.05666666666666667
20 0.76125 0.48500000000000004 0.0375 0.043333333333333335
20 0.771875 0.5325000000000001 0.03375 0.055
20 0.80625 0.5641666666666667 0.0475 0.04833333333333334
20 0.81125 0.615 0.035 0.05333333333333334
20 0.7775 0.6183333333333334 0.035 0.05
20 0.7425 0.6041666666666667 0.05 0.045000000000000005
20 0.781875 0.6725000000000001 0.03375 0.055
20 0.90125 0.7675000000000001 0.0425 0.058333333333333334
19 0.713125 0.53 0.04125 0.08
20 0.813125 0.7141666666666667 0.04125 0.058333333333333334
20 0.44 0.7425 0.0375 0.035
20 0.136875 0.4783333333333334 0.051250000000000004 0.06666666666666667
