1 0.559767 0.574500 0.093501 0.080298
1 0.195417 0.454407 0.086128 0.048960
1 0.136502 0.606422 0.080766 0.059538
1 0.056237 0.690598 0.054292 0.091659
1 0.036967 0.786368 0.054625 0.059931
1 0.137842 0.812808 0.039879 0.072856
1 0.140691 0.923305 0.070377 0.068938
1 0.194477 0.961690 0.063340 0.043088
1 0.254633 0.973205 0.052278 0.039563
1 0.281945 0.955598 0.031167 0.065377
1 0.407283 0.968683 0.041220 0.062634
1 0.462412 0.927221 0.028820 0.070506
1 0.484364 0.962668 0.061998 0.041910
1 0.542004 0.967761 0.061998 0.057581
1 0.540496 0.888796 0.040887 0.054834
1 0.535472 0.823381 0.028820 0.088523
1 0.455375 0.861768 0.066355 0.040735
1 0.599480 0.830669 0.065683 0.038778
1 0.585571 0.864942 0.061998 0.061102
1 0.722305 0.663181 0.058646 0.073638
1 0.803069 0.581904 0.041220 0.066981
1 0.794860 0.473601 0.079760 0.055620
1 0.572837 0.681981 0.049932 0.069724
1 0.439457 0.660849 0.054625 0.075166
1 0.355842 0.639091 0.037535 0.073248
1 0.342270 0.580142 0.065350 0.048570
1 0.236704 0.547630 0.051945 0.078338
1 0.361036 0.788325 0.035861 0.066981
1 0.433592 0.766430 0.059651 0.046610
1 0.253293 0.396437 0.037535 0.074423
1 0.147560 0.276031 0.066692 0.031728
1 0.035461 0.208032 0.067697 0.088519
1 0.094777 0.202157 0.062334 0.068156
1 0.257148 0.123074 0.053287 0.059534
1 0.221623 0.092130 0.040551 0.058752
1 0.366567 0.108150 0.064345 0.048567
1 0.384160 0.020389 0.060657 0.040778
1 0.342102 0.043325 0.030162 0.066977
1 0.165490 0.055467 0.064345 0.041128
1 0.641371 0.323228 0.067025 0.037603
1 0.604560 0.382492 0.059651 0.059927
1 0.748780 0.297927 0.074734 0.058363
1 0.648576 0.180809 0.045910 0.049745
1 0.694824 0.166904 0.051945 0.054056
1 0.880820 0.068785 0.034519 0.083434
1 0.896068 0.167335 0.030162 0.068152
1 0.843621 0.021975 0.036530 0.043951
1 0.860879 0.737719 0.065350 0.077948
1 0.874116 0.782959 0.058982 0.029767
1 0.720795 0.945513 0.040551 0.063452
1 0.907462 0.972952 0.036530 0.054096
13 0.398571 0.228714 0.101880 0.095573
17 0.912650 0.840818 0.083315 0.090309
