11 0.323125 0.15833333333333335 0.03875 0.02666666666666667
11 0.233125 0.33916666666666667 0.02125 0.045000000000000005
11 0.254375 0.3891666666666667 0.02375 0.035
11 0.36625 0.3666666666666667 0.035 0.030000000000000002
11 0.435625 0.3241666666666667 0.02875 0.03166666666666667
11 0.28875 0.33916666666666667 0.025 0.045000000000000005
11 0.286875 0.2966666666666667 0.02375 0.043333333333333335
11 0.263125 0.2816666666666667 0.02125 0.043333333333333335
11 0.295625 0.24750000000000003 0.03375 0.028333333333333335
11 0.35875 0.22666666666666668 0.0375 0.03333333333333333
11 0.33375 0.21666666666666667 0.0275 0.03333333333333333
11 0.38875 0.22666666666666668 0.0275 0.04666666666666667
11 0.379375 0.275 0.03375 0.03333333333333333
11 0.44375000000000003 0.2941666666666667 0.035 0.035
11 0.45875 0.26916666666666667 0.0325 0.03833333333333334
11 0.47125 0.24916666666666668 0.0175 0.035
11 0.489375 0.24000000000000002 0.02125 0.043333333333333335
11 0.503125 0.27 0.02375 0.043333333333333335
11 0.535 0.275 0.0375 0.030000000000000002
11 0.52 0.25583333333333336 0.0225 0.04166666666666667
11 0.564375 0.255 0.02625 0.05666666666666667
11 0.484375 0.32583333333333336 0.03125 0.03166666666666667
11 0.509375 0.36833333333333335 0.03375 0.03666666666666667
11 0.45937500000000003 0.34 0.01875 0.043333333333333335
11 0.4525 0.38083333333333336 0.0325 0.028333333333333335
11 0.35625 0.16666666666666669 0.0225 0.05
11 0.40125 0.15333333333333335 0.035 0.030000000000000002
11 0.429375 0.16583333333333333 0.02625 0.04166666666666667
11 0.436875 0.2 0.02625 0.05
11 0.41625 0.22333333333333336 0.0325 0.02666666666666667
11 0.4625 0.22916666666666669 0.0275 0.035
11 0.484375 0.19416666666666668 0.02125 0.055
11 0.4675 0.18916666666666668 0.025 0.045000000000000005
11 0.508125 0.1625 0.03125 0.025
11 0.47125 0.1575 0.025 0.028333333333333335
11 0.51125 0.18500000000000003 0.02 0.030000000000000002
11 0.525 0.20083333333333334 0.0225 0.03833333333333334
11 0.50625 0.20500000000000002 0.025 0.02666666666666667
11 0.54125 0.17 0.025 0.04
11 0.54625 0.21000000000000002 0.0275 0.043333333333333335
11 0.5650000000000001 0.16583333333333333 0.02 0.03166666666666667
11 0.595 0.19833333333333333 0.02 0.04
11 0.635 0.19666666666666668 0.02 0.03666666666666667
11 0.6481250000000001 0.21833333333333335 0.02625 0.05
11 0.604375 0.23500000000000001 0.02375 0.04
11 0.59 0.26 0.0225 0.043333333333333335
11 0.588125 0.2316666666666667 0.02375 0.023333333333333334
11 0.563125 0.20750000000000002 0.01375 0.035
11 0.61375 0.29083333333333333 0.0275 0.03833333333333334
11 0.593125 0.29500000000000004 0.01875 0.02666666666666667
11 0.571875 0.3091666666666667 0.03375 0.028333333333333335
11 0.601875 0.33166666666666667 0.02375 0.05
11 0.574375 0.33666666666666667 0.03125 0.03333333333333333
11 0.548125 0.335 0.02625 0.05333333333333334
11 0.555625 0.3816666666666667 0.02875 0.04
11 0.581875 0.3566666666666667 0.03125 0.02666666666666667
11 0.588125 0.3841666666666667 0.03375 0.025
11 0.5775 0.41500000000000004 0.0325 0.043333333333333335
11 0.606875 0.4083333333333334 0.03375 0.03666666666666667
11 0.615 0.37583333333333335 0.025 0.04166666666666667
11 0.639375 0.38 0.02875 0.03333333333333333
11 0.665625 0.37000000000000005 0.02375 0.03333333333333333
11 0.6775 0.21250000000000002 0.03 0.028333333333333335
11 0.73 0.23750000000000002 0.0275 0.03833333333333334
11 0.678125 0.2366666666666667 0.01875 0.03333333333333333
11 0.701875 0.24916666666666668 0.02375 0.04166666666666667
11 0.6218750000000001 0.24916666666666668 0.02625 0.03166666666666667
11 0.645 0.27 0.02 0.03333333333333333
11 0.6743750000000001 0.2625 0.03375 0.025
11 0.705 0.2758333333333334 0.02 0.04166666666666667
11 0.719375 0.28500000000000003 0.02625 0.02666666666666667
11 0.704375 0.30000000000000004 0.02375 0.02
11 0.67875 0.2841666666666667 0.0275 0.025
11 0.6587500000000001 0.28750000000000003 0.0175 0.045000000000000005
11 0.63625 0.3091666666666667 0.035 0.028333333333333335
11 0.675625 0.3066666666666667 0.02625 0.023333333333333334
11 0.696875 0.3175 0.02875 0.021666666666666667
11 0.7212500000000001 0.32583333333333336 0.0175 0.03833333333333334
11 0.743125 0.33 0.03125 0.03333333333333333
11 0.76 0.32083333333333336 0.02 0.03833333333333334
11 0.7418750000000001 0.2941666666666667 0.02875 0.035
11 0.6950000000000001 0.34 0.025 0.023333333333333334
11 0.6687500000000001 0.33333333333333337 0.0225 0.04
11 0.65125 0.33083333333333337 0.02 0.045000000000000005
11 0.628125 0.3383333333333334 0.02875 0.03666666666666667
11 0.7625000000000001 0.35333333333333333 0.02 0.03333333333333333
11 0.75125 0.36583333333333334 0.0225 0.028333333333333335
11 0.72875 0.3616666666666667 0.025 0.03333333333333333
11 0.725 0.3816666666666667 0.025 0.02666666666666667
11 0.703125 0.36083333333333334 0.02125 0.025
11 0.6825 0.35833333333333334 0.02 0.04
11 0.76 0.3975 0.0325 0.03833333333333334
11 0.711875 0.3975 0.02625 0.025
11 0.688125 0.4 0.02125 0.030000000000000002
11 0.6793750000000001 0.41500000000000004 0.02375 0.03333333333333333
11 0.66125 0.41583333333333333 0.02 0.04833333333333334
11 0.725 0.4191666666666667 0.0275 0.021666666666666667
11 0.74375 0.4133333333333334 0.0225 0.03333333333333333
11 0.74 0.4441666666666667 0.02 0.021666666666666667
11 0.7418750000000001 0.4633333333333334 0.02375 0.02666666666666667
11 0.76375 0.4691666666666667 0.025 0.03833333333333334
11 0.771875 0.5 0.02125 0.043333333333333335
11 0.743125 0.5133333333333334 0.01875 0.043333333333333335
11 0.72375 0.4891666666666667 0.025 0.028333333333333335
11 0.7212500000000001 0.45333333333333337 0.0225 0.03666666666666667
11 0.676875 0.45 0.02625 0.02666666666666667
11 0.686875 0.4675 0.02125 0.03166666666666667
11 0.699375 0.4891666666666667 0.02375 0.025
11 0.709375 0.5108333333333334 0.02375 0.03166666666666667
11 0.690625 0.5191666666666667 0.02125 0.04166666666666667
11 0.655 0.47000000000000003 0.0225 0.043333333333333335
11 0.6475 0.45083333333333336 0.02 0.03833333333333334
11 0.67375 0.48583333333333334 0.025 0.03833333333333334
11 0.67125 0.5216666666666667 0.025 0.04666666666666667
11 0.701875 0.5608333333333334 0.03125 0.028333333333333335
11 0.678125 0.5541666666666667 0.02375 0.03833333333333334
11 0.65375 0.5558333333333334 0.0225 0.03833333333333334
11 0.75125 0.5933333333333334 0.0225 0.05
11 0.77 0.5700000000000001 0.025 0.04
11 0.689375 0.5883333333333334 0.03375 0.03333333333333333
11 0.690625 0.635 0.02875 0.03666666666666667
11 0.723125 0.6391666666666667 0.02375 0.04833333333333334
11 0.75625 0.6425000000000001 0.0325 0.03833333333333334
11 0.70375 0.6866666666666668 0.025 0.043333333333333335
11 0.693125 0.6625000000000001 0.03375 0.028333333333333335
11 0.646875 0.5933333333333334 0.03375 0.03666666666666667
11 0.675 0.6216666666666667 0.0275 0.04666666666666667
11 0.74625 0.7008333333333334 0.0275 0.035
11 0.63125 0.635 0.0375 0.03333333333333333
11 0.625 0.6591666666666667 0.0325 0.03833333333333334
11 0.594375 0.6766666666666667 0.03875 0.03333333333333333
11 0.65375 0.665 0.03 0.030000000000000002
11 0.634375 0.6916666666666668 0.02625 0.03333333333333333
11 0.658125 0.7108333333333334 0.02375 0.03833333333333334
11 0.60875 0.7016666666666667 0.035 0.02666666666666667
11 0.64375 0.75 0.0275 0.04
11 0.584375 0.7633333333333334 0.03875 0.02666666666666667
18 0.68 0.7566666666666667 0.0175 0.02666666666666667
11 0.608125 0.8208333333333334 0.03375 0.035
11 0.601875 0.8583333333333334 0.02125 0.04
11 0.61 0.8791666666666668 0.0275 0.035
11 0.510625 0.8325 0.02875 0.03833333333333334
11 0.476875 0.8966666666666667 0.03625 0.02666666666666667
11 0.49562500000000004 0.7275 0.03125 0.03833333333333334
11 0.48812500000000003 0.76 0.03375 0.03333333333333333
11 0.451875 0.7350000000000001 0.02125 0.04666666666666667
11 0.541875 0.7166666666666667 0.03375 0.03333333333333333
27 0.516875 0.7025 0.02375 0.05166666666666667
27 0.4825 0.6775 0.0225 0.05166666666666667
11 0.46 0.67 0.025 0.060000000000000005
11 0.5725 0.6466666666666667 0.0275 0.043333333333333335
11 0.563125 0.68 0.02375 0.05
11 0.5337500000000001 0.6683333333333333 0.0375 0.02666666666666667
11 0.539375 0.6416666666666667 0.03375 0.030000000000000002
11 0.503125 0.6416666666666667 0.03375 0.03333333333333333
11 0.524375 0.6233333333333334 0.03125 0.03666666666666667
11 0.596875 0.6041666666666667 0.03375 0.03833333333333334
11 0.558125 0.6025 0.02625 0.045000000000000005
11 0.494375 0.5991666666666667 0.03125 0.03833333333333334
11 0.555625 0.5633333333333334 0.03875 0.03666666666666667
11 0.588125 0.5583333333333333 0.02125 0.04666666666666667
11 0.5231250000000001 0.5508333333333334 0.02875 0.04166666666666667
11 0.5425 0.5208333333333334 0.03 0.03833333333333334
11 0.566875 0.5158333333333334 0.02125 0.04166666666666667
11 0.598125 0.5125000000000001 0.03875 0.028333333333333335
11 0.49312500000000004 0.515 0.02625 0.04666666666666667
11 0.639375 0.5208333333333334 0.03125 0.03166666666666667
11 0.61875 0.5491666666666667 0.0275 0.04833333333333334
11 0.6062500000000001 0.535 0.035 0.02666666666666667
11 0.63 0.49250000000000005 0.0275 0.028333333333333335
11 0.6075 0.4916666666666667 0.035 0.02666666666666667
11 0.579375 0.47000000000000003 0.02375 0.04666666666666667
11 0.555 0.48000000000000004 0.0375 0.030000000000000002
11 0.526875 0.465 0.02375 0.05
11 0.595625 0.46416666666666667 0.02125 0.04166666666666667
11 0.485 0.43583333333333335 0.035 0.035
11 0.4675 0.4108333333333334 0.04 0.03833333333333334
11 0.44 0.4491666666666667 0.04 0.028333333333333335
11 0.60875 0.4366666666666667 0.03 0.02666666666666667
11 0.633125 0.4525 0.02125 0.045000000000000005
11 0.615625 0.465 0.02375 0.030000000000000002
11 0.62875 0.4166666666666667 0.025 0.03666666666666667
11 0.370625 0.44333333333333336 0.02875 0.043333333333333335
11 0.335 0.4491666666666667 0.0275 0.05166666666666667
11 0.3725 0.47500000000000003 0.035 0.03666666666666667
11 0.364375 0.5208333333333334 0.02375 0.045000000000000005
11 0.323125 0.4841666666666667 0.02375 0.045000000000000005
11 0.4325 0.5658333333333334 0.025 0.055
11 0.41375 0.5691666666666667 0.0225 0.055
11 0.39937500000000004 0.5991666666666667 0.03375 0.035
11 0.39437500000000003 0.6216666666666667 0.03375 0.02666666666666667
11 0.36375 0.6083333333333334 0.0275 0.04666666666666667
11 0.31875000000000003 0.6275000000000001 0.0325 0.028333333333333335
11 0.38375000000000004 0.6491666666666667 0.0325 0.035
11 0.38625 0.6791666666666667 0.0375 0.03833333333333334
11 0.245625 0.645 0.02125 0.043333333333333335
11 0.2775 0.5766666666666667 0.0275 0.04
11 0.230625 0.5475 0.03375 0.028333333333333335
11 0.26875 0.4691666666666667 0.0325 0.03833333333333334
11 0.274375 0.4941666666666667 0.03375 0.028333333333333335
11 0.27625 0.525 0.0225 0.04
11 0.31 0.7916666666666667 0.035 0.03666666666666667
