22 0.160625 0.14250000000000002 0.03875 0.025
22 0.19625 0.2566666666666667 0.0275 0.060000000000000005
22 0.225 0.35333333333333333 0.045 0.030000000000000002
22 0.444375 0.3691666666666667 0.03875 0.03166666666666667
22 0.359375 0.2041666666666667 0.04125 0.03833333333333334
22 0.42625 0.2275 0.02 0.04833333333333334
22 0.37875000000000003 0.1625 0.04 0.025
22 0.39187500000000003 0.14083333333333334 0.02875 0.05166666666666667
22 0.43062500000000004 0.11583333333333334 0.02125 0.045000000000000005
22 0.5375 0.01 0.0375 0.023333333333333334
22 0.536875 0.21500000000000002 0.02875 0.04666666666666667
22 0.53125 0.28750000000000003 0.045 0.035
22 0.625 0.11166666666666668 0.045 0.03333333333333333
22 0.595625 0.2 0.02375 0.05
22 0.67125 0.28750000000000003 0.0225 0.065
22 0.501875 0.5216666666666667 0.04625 0.03333333333333333
22 0.50375 0.555 0.0325 0.043333333333333335
22 0.50375 0.7475 0.025 0.058333333333333334
22 0.61375 0.6208333333333333 0.0375 0.04833333333333334
22 0.6218750000000001 0.6666666666666667 0.02625 0.06333333333333334
22 0.703125 0.5758333333333334 0.04125 0.04166666666666667
22 0.885 0.4625 0.0375 0.045000000000000005
22 0.7475 0.3458333333333334 0.0475 0.04166666666666667
22 0.806875 0.3216666666666667 0.04125 0.03666666666666667
22 0.7731250000000001 0.2775 0.02125 0.055
22 0.765 0.14833333333333334 0.05 0.03666666666666667
22 0.735 0.04166666666666667 0.0225 0.05
22 0.791875 0.0175 0.051250000000000004 0.025
11 0.59125 0.5 0.05 0.08666666666666667
22 0.12625 0.53 0.0225 0.06333333333333334
18 0.45375 0.115 0.035 0.04666666666666667
