11 0.453125 0.29250000000000004 0.06125 0.06833333333333334
11 0.5593750000000001 0.33083333333333337 0.058750000000000004 0.07166666666666667
11 0.626875 0.36500000000000005 0.058750000000000004 0.07
11 0.9556250000000001 0.7291666666666667 0.04625 0.055
11 0.810625 0.8475 0.04125 0.07166666666666667
11 0.678125 0.7208333333333333 0.06875 0.07166666666666667
11 0.576875 0.8275 0.03875 0.09166666666666667
11 0.570625 0.9691666666666667 0.06625 0.055
11 0.4975 0.935 0.055 0.07
11 0.470625 0.6608333333333334 0.043750000000000004 0.095
11 0.373125 0.5966666666666667 0.04875 0.09666666666666668
11 0.2775 0.5033333333333334 0.075 0.08333333333333334
11 0.24375 0.5733333333333334 0.035 0.08666666666666667
11 0.29812500000000003 0.5900000000000001 0.05625 0.07333333333333333
11 0.3275 0.5633333333333334 0.0525 0.09000000000000001
11 0.095625 0.37000000000000005 0.04625 0.07
11 0.155625 0.315 0.06375 0.060000000000000005
18 0.690625 0.77 0.03625 0.05333333333333334
