21 0.358125 0.15583333333333335 0.051250000000000004 0.055
21 0.355625 0.27666666666666667 0.051250000000000004 0.05666666666666667
21 0.17125 0.4425 0.0325 0.06166666666666667
21 0.450625 0.24333333333333335 0.04625 0.07666666666666667
21 0.671875 0.2816666666666667 0.03625 0.07333333333333333
21 0.670625 0.3841666666666667 0.04875 0.07500000000000001
21 0.70125 0.525 0.05 0.07333333333333333
21 0.646875 0.5733333333333334 0.04625 0.06333333333333334
21 0.561875 0.5900000000000001 0.07375 0.06666666666666667
21 0.763125 0.6633333333333333 0.03375 0.07333333333333333
21 0.6900000000000001 0.7158333333333334 0.0375 0.04166666666666667
21 0.66625 0.76 0.05 0.05666666666666667
21 0.695625 0.7841666666666667 0.03875 0.05166666666666667
21 0.58375 0.8566666666666667 0.04 0.060000000000000005
21 0.520625 0.8358333333333334 0.051250000000000004 0.06166666666666667
21 0.55125 0.8066666666666668 0.0475 0.08333333333333334
21 0.5625 0.6708333333333334 0.0425 0.058333333333333334
11 0.564375 0.4091666666666667 0.03875 0.04833333333333334
19 0.599375 0.34500000000000003 0.03625 0.05666666666666667
19 0.608125 0.38583333333333336 0.03375 0.04833333333333334
19 0.728125 0.305 0.043750000000000004 0.05
19 0.64875 0.28500000000000003 0.0375 0.04666666666666667
24 0.728125 0.3616666666666667 0.02875 0.05
24 0.68375 0.2966666666666667 0.0375 0.05
24 0.726875 0.39333333333333337 0.03625 0.04666666666666667
19 0.7725 0.45083333333333336 0.03 0.06833333333333334
19 0.729375 0.5433333333333333 0.04125 0.060000000000000005
19 0.625 0.4733333333333334 0.0425 0.05
19 0.610625 0.5208333333333334 0.03875 0.065
19 0.626875 0.5700000000000001 0.03625 0.05666666666666667
19 0.67375 0.6566666666666667 0.045 0.043333333333333335
19 0.63 0.6875 0.0375 0.04166666666666667
19 0.596875 0.6858333333333334 0.03375 0.045000000000000005
24 0.5543750000000001 0.635 0.05375 0.05
24 0.505 0.5683333333333334 0.0375 0.08666666666666667
19 0.6875 0.5741666666666667 0.0375 0.04166666666666667
19 0.76125 0.5925 0.03 0.058333333333333334
24 0.7275 0.5958333333333333 0.04 0.04166666666666667
24 0.701875 0.5800000000000001 0.04625 0.05666666666666667
19 0.71625 0.6508333333333334 0.0325 0.04833333333333334
24 0.633125 0.7116666666666667 0.043750000000000004 0.06333333333333334
19 0.634375 0.7958333333333334 0.03375 0.045000000000000005
19 0.601875 0.7358333333333333 0.03875 0.07166666666666667
19 0.53625 0.7358333333333333 0.0375 0.06166666666666667
19 0.496875 0.7341666666666667 0.04625 0.04833333333333334
24 0.46875 0.8458333333333334 0.0425 0.07500000000000001
19 0.59125 0.8766666666666667 0.0375 0.043333333333333335
21 0.36875 0.8541666666666667 0.0475 0.05166666666666667
24 0.28 0.7458333333333333 0.0325 0.04833333333333334
19 0.30312500000000003 0.6758333333333334 0.04875 0.045000000000000005
24 0.195 0.535 0.035 0.05
19 0.32625 0.39416666666666667 0.02 0.055
19 0.304375 0.3616666666666667 0.03875 0.05666666666666667
24 0.28875 0.3075 0.0425 0.065
24 0.225 0.3166666666666667 0.05 0.04666666666666667
19 0.491875 0.27166666666666667 0.04125 0.07
24 0.4225 0.1975 0.05 0.065
19 0.43 0.13583333333333333 0.05 0.025
19 0.44875 0.16583333333333333 0.0375 0.045000000000000005
24 0.5525 0.17750000000000002 0.05 0.045000000000000005
19 0.6475 0.20333333333333334 0.0375 0.05
19 0.68625 0.2225 0.0375 0.05166666666666667
19 0.619375 0.2325 0.043750000000000004 0.055
