7 0.595625 0.20916666666666667 0.08375 0.14500000000000002
7 0.9656250000000001 0.14416666666666667 0.06625 0.09833333333333334
7 0.805625 0.5291666666666667 0.07125000000000001 0.15833333333333335
7 0.39375 0.43250000000000005 0.0625 0.14166666666666666
7 0.186875 0.4691666666666667 0.09625 0.10500000000000001
7 0.37125 0.6308333333333334 0.07 0.16166666666666668
7 0.5125 0.6766666666666667 0.0675 0.14666666666666667
7 0.529375 0.7666666666666667 0.07625 0.12333333333333334
7 0.588125 0.765 0.06125 0.14666666666666667
7 0.27 0.7483333333333334 0.0825 0.12666666666666668
