18 0.12687500000000002 0.35333333333333333 0.03625 0.04666666666666667
18 0.194375 0.42500000000000004 0.03625 0.04666666666666667
18 0.12375 0.4083333333333334 0.0325 0.043333333333333335
20 0.139375 0.4691666666666667 0.03125 0.058333333333333334
18 0.111875 0.5575 0.03375 0.04833333333333334
18 0.134375 0.5425 0.03375 0.03833333333333334
18 0.19 0.6075 0.0275 0.045000000000000005
18 0.165625 0.6116666666666667 0.02375 0.04666666666666667
18 0.12625 0.5991666666666667 0.0325 0.04833333333333334
18 0.0975 0.6000000000000001 0.0275 0.05
18 0.14 0.6733333333333333 0.0325 0.04666666666666667
18 0.198125 0.6900000000000001 0.03375 0.05
18 0.215 0.6516666666666667 0.0375 0.05333333333333334
18 0.229375 0.6991666666666667 0.02875 0.04166666666666667
18 0.10875 0.6666666666666667 0.0325 0.043333333333333335
18 0.133125 0.7150000000000001 0.02875 0.04666666666666667
18 0.164375 0.7141666666666667 0.03125 0.04166666666666667
18 0.204375 0.7333333333333334 0.03125 0.03666666666666667
18 0.275625 0.6950000000000001 0.03375 0.043333333333333335
18 0.368125 0.7200000000000001 0.03625 0.04666666666666667
18 0.32 0.7191666666666667 0.0225 0.04166666666666667
18 0.4 0.8 0.0425 0.04666666666666667
18 0.354375 0.8308333333333334 0.03875 0.05166666666666667
18 0.4425 0.8550000000000001 0.03 0.04
18 0.481875 0.8066666666666668 0.03625 0.03666666666666667
18 0.10375000000000001 0.8150000000000001 0.0375 0.043333333333333335
18 0.18875 0.8475 0.0375 0.04166666666666667
18 0.1575 0.8683333333333334 0.025 0.043333333333333335
18 0.22375 0.7658333333333334 0.0275 0.045000000000000005
18 0.2525 0.7541666666666668 0.035 0.045000000000000005
18 0.278125 0.7891666666666667 0.03125 0.045000000000000005
18 0.2975 0.8266666666666668 0.0375 0.04
20 0.2625 0.8491666666666667 0.045 0.05166666666666667
18 0.31125 0.8741666666666668 0.035 0.04833333333333334
18 0.440625 0.9308333333333334 0.02125 0.04166666666666667
18 0.3875 0.9466666666666668 0.04 0.04666666666666667
18 0.33625 0.9208333333333334 0.0375 0.04833333333333334
18 0.309375 0.9450000000000001 0.02875 0.04666666666666667
18 0.32875 0.9825 0.035 0.03166666666666667
18 0.41875 0.885 0.03 0.05
18 0.47875 0.9816666666666667 0.035 0.023333333333333334
18 0.555 0.9516666666666668 0.0375 0.05
18 0.56625 0.8250000000000001 0.0375 0.043333333333333335
18 0.538125 0.8116666666666668 0.03875 0.043333333333333335
21 0.486875 0.6050000000000001 0.06875 0.09666666666666668
18 0.669375 0.8433333333333334 0.03625 0.05
18 0.618125 0.8133333333333334 0.03125 0.04666666666666667
18 0.645 0.8033333333333333 0.035 0.04666666666666667
18 0.626875 0.8608333333333333 0.02625 0.045000000000000005
18 0.725625 0.7866666666666667 0.03875 0.043333333333333335
18 0.69375 0.7016666666666667 0.045 0.05
18 0.7275 0.7033333333333334 0.025 0.043333333333333335
18 0.733125 0.5116666666666667 0.03125 0.05666666666666667
18 0.785625 0.6175 0.03375 0.04166666666666667
18 0.846875 0.6358333333333334 0.03625 0.055
18 0.821875 0.5975 0.03625 0.045000000000000005
18 0.84875 0.5483333333333333 0.0325 0.05333333333333334
19 0.806875 0.3491666666666667 0.043750000000000004 0.11833333333333335
18 0.843125 0.35000000000000003 0.03125 0.04666666666666667
18 0.62875 0.12000000000000001 0.04 0.04666666666666667
