7 0.51625 0.28 0.0775 0.14333333333333334
7 0.45 0.21333333333333335 0.0475 0.12000000000000001
7 0.37375 0.32916666666666666 0.10250000000000001 0.08166666666666667
19 0.2425 0.29083333333333333 0.07 0.085
7 0.306875 0.40750000000000003 0.08125 0.115
7 0.22312500000000002 0.43083333333333335 0.06625 0.12166666666666667
7 0.358125 0.5608333333333334 0.06875 0.155
7 0.2925 0.5341666666666667 0.0675 0.135
7 0.246875 0.7108333333333334 0.09875 0.115
7 0.7731250000000001 0.54 0.07125000000000001 0.12666666666666668
