11 0.239375 0.32 0.03125 0.043333333333333335
11 0.199375 0.3666666666666667 0.03375 0.05333333333333334
11 0.458125 0.37000000000000005 0.04125 0.04666666666666667
11 0.47625 0.49083333333333334 0.0375 0.04166666666666667
11 0.5725 0.42250000000000004 0.03 0.055
11 0.574375 0.4766666666666667 0.02875 0.060000000000000005
11 0.618125 0.5 0.02625 0.06333333333333334
11 0.59875 0.5516666666666667 0.035 0.03666666666666667
11 0.536875 0.5708333333333334 0.03375 0.04833333333333334
11 0.7275 0.3016666666666667 0.0325 0.043333333333333335
11 0.71875 0.3691666666666667 0.035 0.03833333333333334
11 0.694375 0.5675 0.03375 0.035
11 0.71 0.6083333333333334 0.035 0.04666666666666667
11 0.7475 0.6275000000000001 0.03 0.05166666666666667
11 0.629375 0.7733333333333334 0.02125 0.04666666666666667
11 0.5075000000000001 0.7375 0.035 0.04166666666666667
11 0.560625 0.8641666666666667 0.03625 0.04166666666666667
19 0.350625 0.23833333333333334 0.03625 0.04666666666666667
19 0.5125 0.4316666666666667 0.03 0.05333333333333334
19 0.44125000000000003 0.7941666666666667 0.0325 0.05166666666666667
19 0.59125 0.8383333333333334 0.0325 0.06333333333333334
19 0.725 0.5641666666666667 0.0325 0.03166666666666667
18 0.385625 0.1375 0.02375 0.025
18 0.5437500000000001 0.3891666666666667 0.025 0.028333333333333335
18 0.6012500000000001 0.4008333333333334 0.0175 0.03166666666666667
18 0.669375 0.4141666666666667 0.02875 0.03833333333333334
18 0.7475 0.42250000000000004 0.0275 0.05166666666666667
18 0.7425 0.3691666666666667 0.0225 0.04166666666666667
18 0.608125 0.5866666666666667 0.02625 0.030000000000000002
18 0.55625 0.6625000000000001 0.025 0.035
18 0.6075 0.635 0.0225 0.030000000000000002
18 0.6025 0.6641666666666667 0.0175 0.03166666666666667
18 0.678125 0.6383333333333334 0.02125 0.03333333333333333
18 0.761875 0.5908333333333333 0.02625 0.035
18 0.69875 0.5158333333333334 0.0175 0.035
18 0.709375 0.5366666666666667 0.02375 0.030000000000000002
18 0.5475 0.6908333333333334 0.0225 0.021666666666666667
18 0.539375 0.7083333333333334 0.02375 0.030000000000000002
18 0.6118750000000001 0.7633333333333334 0.03125 0.030000000000000002
18 0.46375 0.8650000000000001 0.02 0.030000000000000002
18 0.384375 0.7941666666666667 0.02625 0.03166666666666667
18 0.36125 0.7625000000000001 0.0225 0.03166666666666667
18 0.32375 0.6983333333333334 0.025 0.02666666666666667
18 0.339375 0.6791666666666667 0.02625 0.03166666666666667
18 0.289375 0.6708333333333334 0.02375 0.03166666666666667
18 0.28 0.6425000000000001 0.02 0.028333333333333335
18 0.265 0.7583333333333334 0.0275 0.03666666666666667
18 0.245 0.7783333333333334 0.0225 0.02666666666666667
18 0.25 0.5616666666666666 0.0125 0.03333333333333333
18 0.231875 0.5191666666666667 0.01875 0.03166666666666667
27 0.23125 0.42583333333333334 0.03 0.058333333333333334
18 0.711875 0.32083333333333336 0.02875 0.035
18 0.6175 0.24833333333333335 0.025 0.03333333333333333
11 0.619375 0.1691666666666667 0.02625 0.05166666666666667
18 0.6168750000000001 0.805 0.02125 0.03333333333333333
18 0.52875 0.8275 0.0225 0.025
18 0.318125 0.8383333333333334 0.02375 0.023333333333333334
18 0.2275 0.2841666666666667 0.0175 0.03166666666666667
18 0.358125 0.26 0.02625 0.023333333333333334
18 0.23750000000000002 0.35083333333333333 0.0225 0.03166666666666667
21 0.62875 0.3791666666666667 0.0525 0.058333333333333334
