11 0.595625 0.25083333333333335 0.02625 0.04833333333333334
11 0.480625 0.3416666666666667 0.03125 0.05666666666666667
11 0.40625 0.315 0.04 0.03333333333333333
11 0.346875 0.49000000000000005 0.02125 0.05
11 0.49312500000000004 0.5 0.03875 0.03666666666666667
11 0.380625 0.7008333333333334 0.03625 0.03833333333333334
11 0.345625 0.8583333333333334 0.02625 0.043333333333333335
11 0.641875 0.8025000000000001 0.03375 0.03833333333333334
11 0.765625 0.5366666666666667 0.02375 0.05666666666666667
11 0.745625 0.515 0.02875 0.043333333333333335
