19 0.419375 0.27 0.04125 0.060000000000000005
19 0.358125 0.325 0.04625 0.07
19 0.2125 0.5225000000000001 0.055 0.058333333333333334
23 0.218125 0.42333333333333334 0.043750000000000004 0.06333333333333334
26 0.239375 0.45583333333333337 0.02875 0.028333333333333335
26 0.3125 0.3866666666666667 0.0375 0.030000000000000002
26 0.335625 0.45083333333333336 0.02875 0.03833333333333334
18 0.28875 0.5 0.035 0.05333333333333334
20 0.33437500000000003 0.5533333333333333 0.03625 0.060000000000000005
26 0.311875 0.5850000000000001 0.02375 0.04666666666666667
26 0.33437500000000003 0.6050000000000001 0.02875 0.05
23 0.21125 0.6558333333333334 0.055 0.06166666666666667
19 0.41875 0.7866666666666667 0.0525 0.05666666666666667
19 0.5325 0.7316666666666667 0.0525 0.060000000000000005
19 0.6125 0.6283333333333334 0.0425 0.060000000000000005
19 0.628125 0.5866666666666667 0.05625 0.08333333333333334
19 0.680625 0.44833333333333336 0.04875 0.08
19 0.47375 0.6408333333333334 0.0425 0.065
19 0.50125 0.42500000000000004 0.0675 0.06666666666666667
26 0.44625000000000004 0.6566666666666667 0.04 0.04
26 0.70625 0.8150000000000001 0.0325 0.04666666666666667
26 0.47750000000000004 0.3725 0.03 0.04166666666666667
19 0.613125 0.18000000000000002 0.05375 0.06666666666666667
