18 0.5625 0.10583333333333333 0.0375 0.05166666666666667
11 0.48875 0.20500000000000002 0.0625 0.07666666666666667
11 0.61375 0.18583333333333335 0.0525 0.07166666666666667
11 0.56375 0.3816666666666667 0.045 0.09666666666666668
11 0.42625 0.32 0.0675 0.06666666666666667
11 0.29812500000000003 0.34500000000000003 0.04875 0.07
11 0.263125 0.4666666666666667 0.043750000000000004 0.08666666666666667
11 0.354375 0.54 0.043750000000000004 0.08
11 0.12875 0.6166666666666667 0.0375 0.08333333333333334
11 0.28500000000000003 0.7733333333333334 0.055 0.06666666666666667
11 0.4375 0.6658333333333334 0.055 0.08833333333333333
11 0.504375 0.8350000000000001 0.05375 0.07666666666666667
11 0.5962500000000001 0.7616666666666667 0.0575 0.08666666666666667
11 0.97875 0.4916666666666667 0.04 0.09666666666666668
