11 0.278125 0.3216666666666667 0.06625 0.06333333333333334
11 0.276875 0.44083333333333335 0.06875 0.058333333333333334
11 0.514375 0.26333333333333336 0.05375 0.07666666666666667
11 0.286875 0.54 0.05625 0.08
11 0.40875 0.5041666666666667 0.0475 0.07833333333333334
11 0.47125 0.51 0.055 0.08333333333333334
11 0.2575 0.7516666666666667 0.055 0.05
11 0.3025 0.775 0.04 0.08333333333333334
11 0.583125 0.39333333333333337 0.04875 0.09000000000000001
11 0.569375 0.47250000000000003 0.06125 0.07833333333333334
11 0.64375 0.5225000000000001 0.06 0.06833333333333334
11 0.816875 0.8041666666666667 0.05375 0.065
11 0.6925 0.8883333333333334 0.04 0.08666666666666667
