25 0.659375 0.11833333333333335 0.06125 0.05666666666666667
25 0.7106250000000001 0.31583333333333335 0.04625 0.07833333333333334
19 0.794375 0.32083333333333336 0.03625 0.04166666666666667
25 0.74 0.33416666666666667 0.0425 0.06833333333333334
26 0.7468750000000001 0.36333333333333334 0.01375 0.03333333333333333
25 0.719375 0.5283333333333333 0.04125 0.05333333333333334
23 0.74875 0.4991666666666667 0.0325 0.058333333333333334
25 0.646875 0.4141666666666667 0.051250000000000004 0.065
21 0.666875 0.39083333333333337 0.051250000000000004 0.07833333333333334
23 0.640625 0.3041666666666667 0.03625 0.05166666666666667
20 0.7125 0.4133333333333334 0.0225 0.04666666666666667
23 0.7175 0.6608333333333334 0.0475 0.05166666666666667
