23 0.306875 0.17916666666666667 0.04125 0.07166666666666667
20 0.400625 0.1575 0.03375 0.04833333333333334
28 0.251875 0.22583333333333336 0.07125000000000001 0.08833333333333333
20 0.383125 0.29333333333333333 0.043750000000000004 0.060000000000000005
20 0.409375 0.29333333333333333 0.03625 0.06666666666666667
20 0.253125 0.36833333333333335 0.043750000000000004 0.05333333333333334
18 0.228125 0.35583333333333333 0.03875 0.03833333333333334
18 0.20625000000000002 0.34500000000000003 0.035 0.043333333333333335
20 0.321875 0.5333333333333333 0.051250000000000004 0.060000000000000005
18 0.39187500000000003 0.4216666666666667 0.02375 0.04666666666666667
30 0.213125 0.5950000000000001 0.04625 0.05333333333333334
30 0.15 0.6191666666666668 0.045 0.058333333333333334
30 0.340625 0.7408333333333333 0.05375 0.065
30 0.225625 0.7741666666666667 0.043750000000000004 0.06166666666666667
18 0.42625 0.9541666666666667 0.02 0.058333333333333334
30 0.55375 0.3825 0.05 0.06166666666666667
20 0.69375 0.3425 0.0375 0.07166666666666667
18 0.46187500000000004 0.255 0.03875 0.05333333333333334
26 0.529375 0.16 0.04125 0.03666666666666667
30 0.81 0.04083333333333333 0.0375 0.055
