7 0.476875 0.47250000000000003 0.11125 0.09166666666666667
20 0.439375 0.08333333333333334 0.04125 0.04666666666666667
20 0.52125 0.14500000000000002 0.0475 0.05666666666666667
20 0.51125 0.18000000000000002 0.035 0.043333333333333335
20 0.480625 0.18000000000000002 0.03875 0.03666666666666667
20 0.4925 0.2066666666666667 0.045 0.05
20 0.48875 0.24750000000000003 0.04 0.04833333333333334
20 0.498125 0.29333333333333333 0.04875 0.06333333333333334
20 0.42375 0.16166666666666668 0.0425 0.05666666666666667
20 0.439375 0.19416666666666668 0.04125 0.06166666666666667
20 0.34125 0.14333333333333334 0.05 0.03333333333333333
20 0.34375 0.22166666666666668 0.0425 0.06666666666666667
20 0.356875 0.19333333333333336 0.051250000000000004 0.06333333333333334
20 0.39937500000000004 0.2066666666666667 0.04875 0.07
20 0.398125 0.2758333333333334 0.04875 0.065
20 0.433125 0.29250000000000004 0.04625 0.065
20 0.418125 0.3275 0.03625 0.055
20 0.403125 0.3791666666666667 0.05625 0.07500000000000001
20 0.356875 0.2941666666666667 0.04125 0.06166666666666667
20 0.375625 0.3241666666666667 0.03875 0.06166666666666667
20 0.336875 0.3416666666666667 0.04625 0.05
20 0.304375 0.3491666666666667 0.02875 0.065
19 0.299375 0.15000000000000002 0.03375 0.06666666666666667
19 0.318125 0.27416666666666667 0.06875 0.065
19 0.32937500000000003 0.47250000000000003 0.06375 0.085
20 0.1475 0.2516666666666667 0.045 0.060000000000000005
20 0.215 0.2775 0.04 0.06833333333333334
20 0.233125 0.3141666666666667 0.05375 0.058333333333333334
20 0.28125 0.275 0.03 0.05333333333333334
20 0.275625 0.31583333333333335 0.051250000000000004 0.04833333333333334
20 0.26937500000000003 0.3433333333333334 0.04875 0.04666666666666667
20 0.27125 0.3775 0.0375 0.058333333333333334
20 0.29375 0.40750000000000003 0.045 0.058333333333333334
30 0.335 0.37833333333333335 0.0375 0.05
20 0.11812500000000001 0.375 0.03625 0.06666666666666667
20 0.161875 0.4108333333333334 0.03875 0.03833333333333334
20 0.20375000000000001 0.40166666666666667 0.0375 0.04
20 0.19875 0.4216666666666667 0.0325 0.04
20 0.228125 0.4466666666666667 0.04625 0.06333333333333334
20 0.26937500000000003 0.48000000000000004 0.03375 0.060000000000000005
20 0.309375 0.5108333333333334 0.03125 0.04833333333333334
20 0.326875 0.5425 0.04125 0.05166666666666667
20 0.26625 0.5183333333333333 0.035 0.05666666666666667
20 0.243125 0.5466666666666667 0.04125 0.05
20 0.3 0.6083333333333334 0.045 0.04666666666666667
20 0.3325 0.6266666666666667 0.04 0.05666666666666667
18 0.28 0.5566666666666668 0.0275 0.05
30 0.08125 0.5783333333333334 0.0375 0.043333333333333335
20 0.1325 0.4991666666666667 0.035 0.065
20 0.198125 0.4966666666666667 0.02875 0.060000000000000005
20 0.370625 0.7033333333333334 0.03625 0.06333333333333334
20 0.29875 0.6725000000000001 0.0375 0.06166666666666667
20 0.2575 0.6141666666666667 0.0325 0.055
20 0.229375 0.6258333333333334 0.03875 0.065
20 0.22625 0.6791666666666667 0.045 0.07166666666666667
20 0.17625 0.6908333333333334 0.035 0.05166666666666667
20 0.1575 0.7266666666666667 0.04 0.04666666666666667
20 0.241875 0.7391666666666667 0.043750000000000004 0.06166666666666667
20 0.30625 0.7383333333333334 0.045 0.043333333333333335
19 0.32375 0.785 0.05 0.08666666666666667
23 0.3275 0.8441666666666667 0.0525 0.058333333333333334
20 0.259375 0.8791666666666668 0.03875 0.058333333333333334
20 0.34500000000000003 0.8825000000000001 0.045 0.055
20 0.354375 0.9383333333333334 0.051250000000000004 0.07666666666666667
20 0.384375 0.9275000000000001 0.03375 0.04833333333333334
19 0.4 0.8558333333333333 0.0725 0.07500000000000001
19 0.619375 0.9116666666666667 0.05375 0.07
20 0.530625 0.7883333333333333 0.04875 0.07333333333333333
20 0.5 0.8541666666666667 0.0525 0.045000000000000005
20 0.480625 0.795 0.05625 0.06666666666666667
20 0.560625 0.9708333333333334 0.04125 0.04833333333333334
20 0.593125 0.9366666666666668 0.03875 0.05333333333333334
20 0.629375 0.9725 0.051250000000000004 0.04166666666666667
18 0.670625 0.9441666666666667 0.03125 0.055
20 0.81 0.7725000000000001 0.0425 0.07500000000000001
20 0.819375 0.54 0.043750000000000004 0.060000000000000005
18 0.70375 0.5191666666666667 0.0325 0.058333333333333334
20 0.824375 0.31333333333333335 0.043750000000000004 0.05666666666666667
20 0.753125 0.2725 0.043750000000000004 0.058333333333333334
20 0.738125 0.29833333333333334 0.03875 0.04666666666666667
20 0.7125 0.2566666666666667 0.03 0.060000000000000005
19 0.958125 0.7708333333333334 0.04125 0.06833333333333334
