11 0.81 0.49833333333333335 0.03 0.05666666666666667
11 0.7000000000000001 0.5216666666666667 0.0325 0.04666666666666667
11 0.735625 0.6275000000000001 0.02375 0.04166666666666667
11 0.7075 0.7366666666666667 0.025 0.05
11 0.721875 0.7508333333333334 0.01875 0.05166666666666667
18 0.739375 0.755 0.01875 0.030000000000000002
18 0.730625 0.6733333333333333 0.02125 0.030000000000000002
11 0.6 0.7933333333333333 0.03 0.05333333333333334
11 0.5806250000000001 0.8908333333333334 0.03125 0.035
11 0.526875 0.9016666666666667 0.02875 0.043333333333333335
