11 0.2625 0.2341666666666667 0.0275 0.04166666666666667
11 0.290625 0.1875 0.03125 0.03166666666666667
11 0.379375 0.31583333333333335 0.03375 0.045000000000000005
11 0.39187500000000003 0.3541666666666667 0.03625 0.03833333333333334
11 0.328125 0.33416666666666667 0.03625 0.045000000000000005
11 0.486875 0.315 0.051250000000000004 0.03333333333333333
11 0.531875 0.2516666666666667 0.03625 0.05
11 0.45 0.19166666666666668 0.05 0.04666666666666667
11 0.555625 0.5508333333333334 0.03375 0.055
11 0.645625 0.6008333333333333 0.04125 0.06166666666666667
11 0.631875 0.45083333333333336 0.04125 0.055
18 0.65625 0.37833333333333335 0.02 0.03333333333333333
