19 0.319375 0.21333333333333335 0.03375 0.06666666666666667
11 0.25125000000000003 0.26916666666666667 0.025 0.05166666666666667
19 0.326875 0.445 0.04125 0.07
24 0.364375 0.45333333333333337 0.04625 0.05
19 0.40750000000000003 0.5258333333333334 0.035 0.055
19 0.283125 0.6391666666666667 0.03875 0.058333333333333334
27 0.243125 0.6441666666666667 0.03125 0.055
19 0.39 0.7000000000000001 0.0575 0.05
19 0.36125 0.7466666666666667 0.0425 0.04666666666666667
19 0.36312500000000003 0.7916666666666667 0.03375 0.04666666666666667
19 0.31125 0.795 0.035 0.05666666666666667
11 0.393125 0.8266666666666668 0.04125 0.05666666666666667
19 0.35625 0.8058333333333334 0.0325 0.03833333333333334
19 0.46625 0.8566666666666667 0.0375 0.03666666666666667
19 0.46 0.7908333333333334 0.045 0.04166666666666667
19 0.4925 0.7108333333333334 0.0425 0.05166666666666667
19 0.491875 0.7566666666666667 0.043750000000000004 0.05333333333333334
19 0.5475 0.7141666666666667 0.0425 0.045000000000000005
19 0.5543750000000001 0.8125 0.03625 0.04833333333333334
19 0.48875 0.8333333333333334 0.0375 0.04666666666666667
29 0.505625 0.8116666666666668 0.04125 0.05
19 0.5825 0.75 0.04 0.043333333333333335
19 0.6118750000000001 0.8091666666666667 0.02125 0.04833333333333334
19 0.589375 0.8116666666666668 0.043750000000000004 0.043333333333333335
19 0.64875 0.8066666666666668 0.03 0.04
19 0.67375 0.78 0.0275 0.05333333333333334
19 0.66125 0.7641666666666667 0.0325 0.05166666666666667
19 0.666875 0.7241666666666667 0.04125 0.05166666666666667
19 0.650625 0.685 0.03125 0.04666666666666667
19 0.73875 0.64 0.0425 0.03666666666666667
19 0.74125 0.5708333333333334 0.045 0.05166666666666667
19 0.6125 0.5883333333333334 0.0325 0.06666666666666667
19 0.5925 0.5791666666666667 0.03 0.06166666666666667
19 0.5175 0.5791666666666667 0.0275 0.05166666666666667
19 0.52125 0.6275000000000001 0.0425 0.06166666666666667
27 0.5575 0.6325000000000001 0.04 0.05166666666666667
27 0.4475 0.5841666666666667 0.0325 0.058333333333333334
27 0.47625 0.6066666666666667 0.035 0.03666666666666667
18 0.395 0.665 0.025 0.02666666666666667
11 0.605625 0.6225 0.03625 0.045000000000000005
11 0.641875 0.6308333333333334 0.03375 0.04166666666666667
27 0.624375 0.67 0.03875 0.05333333333333334
11 0.6175 0.7091666666666667 0.045 0.04833333333333334
25 0.683125 0.6966666666666667 0.043750000000000004 0.05
19 0.701875 0.6641666666666667 0.03875 0.04166666666666667
19 0.735 0.6083333333333334 0.0325 0.04666666666666667
25 0.660625 0.6483333333333334 0.06375 0.05
21 0.691875 0.56 0.043750000000000004 0.060000000000000005
27 0.6975 0.5166666666666667 0.0375 0.03666666666666667
27 0.719375 0.51 0.02875 0.03333333333333333
18 0.639375 0.5616666666666666 0.02125 0.03333333333333333
19 0.628125 0.5016666666666667 0.05375 0.05666666666666667
19 0.654375 0.5075000000000001 0.043750000000000004 0.058333333333333334
11 0.5525 0.4966666666666667 0.025 0.060000000000000005
25 0.728125 0.5383333333333333 0.03875 0.05
19 0.665 0.48500000000000004 0.0375 0.07
19 0.6975 0.44583333333333336 0.0425 0.058333333333333334
19 0.66625 0.45833333333333337 0.04 0.03333333333333333
19 0.740625 0.42583333333333334 0.03125 0.07833333333333334
19 0.663125 0.4025 0.02875 0.035
19 0.625 0.41250000000000003 0.0325 0.04833333333333334
19 0.5962500000000001 0.43000000000000005 0.035 0.04666666666666667
19 0.591875 0.3816666666666667 0.04125 0.05666666666666667
19 0.62375 0.3766666666666667 0.0425 0.043333333333333335
19 0.624375 0.41250000000000003 0.03125 0.045000000000000005
27 0.628125 0.4491666666666667 0.043750000000000004 0.04166666666666667
11 0.659375 0.43333333333333335 0.03625 0.03333333333333333
27 0.708125 0.3641666666666667 0.03375 0.04166666666666667
19 0.660625 0.3408333333333334 0.03375 0.04166666666666667
19 0.6843750000000001 0.3358333333333334 0.03625 0.04833333333333334
19 0.630625 0.3125 0.043750000000000004 0.05166666666666667
19 0.59375 0.3091666666666667 0.0425 0.04833333333333334
19 0.558125 0.32916666666666666 0.03375 0.035
19 0.64125 0.24416666666666667 0.0275 0.04833333333333334
24 0.680625 0.2866666666666667 0.043750000000000004 0.05
25 0.669375 0.23 0.03875 0.07666666666666667
19 0.603125 0.24833333333333335 0.04625 0.05666666666666667
24 0.615625 0.2041666666666667 0.04125 0.03833333333333334
18 0.7106250000000001 0.28750000000000003 0.02125 0.028333333333333335
19 0.555625 0.25083333333333335 0.03875 0.03166666666666667
19 0.54875 0.19666666666666668 0.03 0.04666666666666667
19 0.525625 0.2066666666666667 0.04125 0.03333333333333333
19 0.533125 0.17 0.06375 0.03666666666666667
18 0.613125 0.18083333333333335 0.02125 0.028333333333333335
27 0.57875 0.20833333333333334 0.035 0.04666666666666667
19 0.55375 0.2325 0.0375 0.04166666666666667
21 0.506875 0.2966666666666667 0.051250000000000004 0.06666666666666667
11 0.508125 0.24916666666666668 0.03875 0.035
11 0.464375 0.2391666666666667 0.03375 0.055
19 0.464375 0.20916666666666667 0.04625 0.058333333333333334
28 0.45687500000000003 0.165 0.04125 0.04666666666666667
19 0.405 0.18166666666666667 0.04 0.04
19 0.43875000000000003 0.19083333333333335 0.0275 0.045000000000000005
18 0.421875 0.2391666666666667 0.02875 0.025
24 0.339375 0.3041666666666667 0.03625 0.045000000000000005
19 0.491875 0.3641666666666667 0.043750000000000004 0.058333333333333334
27 0.498125 0.42000000000000004 0.03875 0.06333333333333334
11 0.4675 0.37833333333333335 0.04 0.03333333333333333
28 0.6743750000000001 0.5991666666666667 0.03625 0.045000000000000005
24 0.701875 0.38083333333333336 0.03625 0.03833333333333334
24 0.68875 0.3983333333333334 0.035 0.03333333333333333
11 0.56125 0.3891666666666667 0.03 0.04833333333333334
