19 0.36625 0.04416666666666667 0.0425 0.04833333333333334
19 0.381875 0.12666666666666668 0.05625 0.04666666666666667
19 0.354375 0.18583333333333335 0.043750000000000004 0.058333333333333334
19 0.38625 0.25 0.04 0.05333333333333334
19 0.44875 0.2783333333333334 0.0375 0.05666666666666667
19 0.574375 0.18916666666666668 0.04625 0.06166666666666667
19 0.589375 0.21833333333333335 0.04125 0.05666666666666667
19 0.660625 0.1275 0.03875 0.045000000000000005
19 0.788125 0.25083333333333335 0.043750000000000004 0.07833333333333334
19 0.553125 0.5616666666666666 0.051250000000000004 0.05666666666666667
19 0.44 0.7241666666666667 0.0525 0.058333333333333334
19 0.48 0.7333333333333334 0.05 0.05
19 0.586875 0.7466666666666667 0.06125 0.08
19 0.43062500000000004 0.9333333333333333 0.04875 0.08
18 0.301875 0.4475 0.02625 0.045000000000000005
18 0.385625 0.3891666666666667 0.03375 0.04833333333333334
18 0.494375 0.4625 0.02625 0.04166666666666667
18 0.440625 0.7566666666666667 0.03375 0.030000000000000002
18 0.576875 0.6258333333333334 0.02875 0.035
18 0.615625 0.6408333333333334 0.03125 0.03833333333333334
18 0.6675 0.5175000000000001 0.03 0.045000000000000005
18 0.660625 0.37583333333333335 0.03125 0.03166666666666667
18 0.44875 0.17 0.035 0.03333333333333333
18 0.275 0.33916666666666667 0.03 0.04166666666666667
26 0.30625 0.22833333333333336 0.0325 0.043333333333333335
26 0.5 0.385 0.0325 0.05
26 0.53 0.4066666666666667 0.025 0.05
26 0.319375 0.5891666666666667 0.02625 0.04833333333333334
26 0.38375000000000004 0.5516666666666667 0.0275 0.05333333333333334
26 0.255 0.7416666666666667 0.02 0.04666666666666667
26 0.521875 0.5800000000000001 0.03375 0.04
26 0.42 0.7791666666666667 0.0325 0.03833333333333334
26 0.65125 0.6458333333333334 0.0425 0.045000000000000005
26 0.658125 0.8875000000000001 0.03375 0.045000000000000005
26 0.726875 0.5008333333333334 0.03125 0.04833333333333334
