24 0.435625 0.4083333333333334 0.04625 0.05
18 0.4575 0.7741666666666667 0.03 0.028333333333333335
11 0.253125 0.24083333333333334 0.02375 0.045000000000000005
11 0.23500000000000001 0.2783333333333334 0.025 0.043333333333333335
11 0.24625 0.29500000000000004 0.025 0.02666666666666667
11 0.21875 0.3141666666666667 0.0225 0.045000000000000005
11 0.243125 0.33 0.03125 0.030000000000000002
11 0.245 0.35500000000000004 0.0325 0.04
11 0.2175 0.36250000000000004 0.0325 0.03166666666666667
11 0.26687500000000003 0.37833333333333335 0.03375 0.030000000000000002
11 0.21875 0.4116666666666667 0.03 0.05
11 0.2425 0.4083333333333334 0.025 0.03666666666666667
11 0.26375 0.4108333333333334 0.02 0.04833333333333334
11 0.308125 0.33666666666666667 0.03375 0.03333333333333333
11 0.308125 0.37000000000000005 0.04125 0.04666666666666667
11 0.340625 0.36083333333333334 0.02875 0.05166666666666667
11 0.36375 0.36000000000000004 0.03 0.060000000000000005
11 0.33375 0.3983333333333334 0.0325 0.05
11 0.348125 0.4366666666666667 0.02375 0.05
11 0.365 0.46 0.03 0.05
11 0.34375 0.5233333333333333 0.0325 0.05
11 0.405625 0.49250000000000005 0.02625 0.055
11 0.43375 0.49750000000000005 0.03 0.03833333333333334
11 0.445625 0.5158333333333334 0.02625 0.05166666666666667
11 0.410625 0.5508333333333334 0.04125 0.035
11 0.4375 0.5733333333333334 0.035 0.03666666666666667
11 0.375 0.5908333333333333 0.04 0.03833333333333334
11 0.395 0.6483333333333334 0.0375 0.04666666666666667
11 0.294375 0.7100000000000001 0.03875 0.03666666666666667
11 0.384375 0.7616666666666667 0.03875 0.03333333333333333
11 0.3825 0.7908333333333334 0.0325 0.028333333333333335
11 0.3975 0.8175 0.0375 0.035
11 0.435 0.8608333333333333 0.04 0.03166666666666667
11 0.451875 0.6608333333333334 0.02375 0.055
11 0.49062500000000003 0.6291666666666667 0.03375 0.03166666666666667
11 0.49625 0.6741666666666667 0.0225 0.045000000000000005
11 0.526875 0.7091666666666667 0.03875 0.03833333333333334
11 0.5675 0.7583333333333334 0.04 0.03666666666666667
11 0.600625 0.7583333333333334 0.03375 0.02666666666666667
11 0.618125 0.7783333333333334 0.03125 0.03666666666666667
11 0.62625 0.8125 0.0275 0.04166666666666667
11 0.623125 0.6758333333333334 0.02375 0.05166666666666667
11 0.605625 0.6158333333333333 0.04125 0.04166666666666667
11 0.644375 0.6358333333333334 0.03625 0.035
11 0.650625 0.6641666666666667 0.03625 0.035
11 0.64625 0.5725 0.025 0.04833333333333334
11 0.508125 0.5733333333333334 0.04125 0.03666666666666667
11 0.5575 0.5708333333333334 0.04 0.03833333333333334
11 0.54875 0.6433333333333334 0.0325 0.04666666666666667
11 0.52375 0.6508333333333334 0.0325 0.05166666666666667
11 0.5575 0.5375000000000001 0.03 0.03833333333333334
11 0.52875 0.5375000000000001 0.0375 0.04166666666666667
11 0.50875 0.49583333333333335 0.0225 0.05166666666666667
11 0.480625 0.4666666666666667 0.03875 0.030000000000000002
11 0.46875 0.49083333333333334 0.0375 0.03166666666666667
11 0.443125 0.44 0.02375 0.05
11 0.471875 0.43500000000000005 0.03375 0.04
11 0.504375 0.44 0.02375 0.05
11 0.53125 0.4241666666666667 0.0225 0.04833333333333334
11 0.561875 0.44 0.02125 0.05
11 0.55375 0.4891666666666667 0.02 0.04833333333333334
11 0.5825 0.49083333333333334 0.025 0.035
11 0.5825 0.5191666666666667 0.03 0.035
11 0.609375 0.5333333333333333 0.02625 0.04
11 0.594375 0.4716666666666667 0.02375 0.03666666666666667
11 0.61375 0.4591666666666667 0.0325 0.035
11 0.58625 0.43250000000000005 0.0275 0.028333333333333335
11 0.48562500000000003 0.39 0.03125 0.030000000000000002
11 0.46187500000000004 0.3241666666666667 0.03625 0.028333333333333335
11 0.4975 0.3375 0.03 0.03833333333333334
11 0.52875 0.34500000000000003 0.0325 0.030000000000000002
11 0.5175 0.3825 0.0225 0.04833333333333334
11 0.531875 0.3141666666666667 0.03125 0.03166666666666667
11 0.55125 0.31833333333333336 0.03 0.030000000000000002
11 0.55125 0.3741666666666667 0.03 0.045000000000000005
11 0.57375 0.39 0.0375 0.03666666666666667
11 0.578125 0.3408333333333334 0.03125 0.03833333333333334
11 0.39875 0.3416666666666667 0.025 0.04
11 0.401875 0.39416666666666667 0.03125 0.035
11 0.443125 0.3716666666666667 0.03875 0.043333333333333335
11 0.4025 0.30833333333333335 0.0375 0.030000000000000002
11 0.42625 0.32916666666666666 0.0275 0.04833333333333334
11 0.374375 0.29333333333333333 0.03125 0.02666666666666667
11 0.33625 0.3066666666666667 0.04 0.03333333333333333
11 0.33125 0.28 0.0375 0.02666666666666667
11 0.3175 0.25916666666666666 0.0325 0.025
11 0.345625 0.22083333333333335 0.02875 0.025
11 0.323125 0.20833333333333334 0.01875 0.04666666666666667
11 0.273125 0.24916666666666668 0.02875 0.025
11 0.28750000000000003 0.2016666666666667 0.0275 0.03666666666666667
11 0.34625 0.16583333333333333 0.0225 0.04833333333333334
11 0.3825 0.18416666666666667 0.02 0.035
11 0.390625 0.1975 0.03125 0.035
11 0.418125 0.2025 0.01875 0.03833333333333334
11 0.42812500000000003 0.17833333333333334 0.02875 0.043333333333333335
11 0.3825 0.14916666666666667 0.0275 0.025
11 0.446875 0.19666666666666668 0.03625 0.03333333333333333
11 0.444375 0.23500000000000001 0.02125 0.04666666666666667
11 0.47500000000000003 0.20833333333333334 0.0225 0.03333333333333333
11 0.471875 0.24333333333333335 0.02375 0.04
11 0.481875 0.2816666666666667 0.02375 0.04
11 0.455 0.27083333333333337 0.025 0.045000000000000005
11 0.4325 0.2891666666666667 0.03 0.03833333333333334
11 0.508125 0.2733333333333334 0.02125 0.05
11 0.5337500000000001 0.24166666666666667 0.02 0.03333333333333333
11 0.546875 0.26333333333333336 0.03125 0.030000000000000002
11 0.5775 0.25916666666666666 0.03 0.035
11 0.58875 0.21000000000000002 0.0225 0.043333333333333335
11 0.65625 0.20916666666666667 0.03 0.028333333333333335
11 0.606875 0.2541666666666667 0.02875 0.028333333333333335
11 0.638125 0.265 0.02625 0.02666666666666667
11 0.6793750000000001 0.26083333333333336 0.02875 0.03166666666666667
11 0.68375 0.2316666666666667 0.0375 0.03333333333333333
11 0.539375 0.19 0.03125 0.023333333333333334
11 0.50125 0.20583333333333334 0.03 0.025
11 0.49875 0.17250000000000001 0.025 0.03166666666666667
11 0.475625 0.17 0.02875 0.04
11 0.45 0.16583333333333333 0.025 0.035
11 0.52625 0.2841666666666667 0.0275 0.03166666666666667
11 0.613125 0.28500000000000003 0.03375 0.02666666666666667
11 0.61375 0.3041666666666667 0.03 0.028333333333333335
11 0.6012500000000001 0.32833333333333337 0.03 0.03333333333333333
11 0.63625 0.33333333333333337 0.04 0.04
11 0.66 0.28583333333333333 0.0225 0.035
11 0.71875 0.29083333333333333 0.035 0.045000000000000005
11 0.6793750000000001 0.3066666666666667 0.03125 0.03333333333333333
11 0.6025 0.39416666666666667 0.0175 0.05166666666666667
11 0.6225 0.39083333333333337 0.0175 0.04833333333333334
11 0.6431250000000001 0.38083333333333336 0.01875 0.04833333333333334
11 0.726875 0.325 0.02625 0.030000000000000002
11 0.70625 0.3741666666666667 0.025 0.04166666666666667
11 0.73625 0.35833333333333334 0.0175 0.043333333333333335
11 0.6687500000000001 0.3666666666666667 0.025 0.02666666666666667
11 0.665 0.3925 0.0275 0.025
11 0.68875 0.405 0.03 0.030000000000000002
11 0.716875 0.4141666666666667 0.02875 0.035
11 0.755 0.3875 0.0325 0.03833333333333334
11 0.7475 0.4266666666666667 0.02 0.03333333333333333
11 0.769375 0.42333333333333334 0.01625 0.030000000000000002
11 0.774375 0.4391666666666667 0.02125 0.03166666666666667
11 0.74125 0.4575 0.03 0.028333333333333335
11 0.69375 0.4475 0.0175 0.03833333333333334
11 0.675 0.4266666666666667 0.0275 0.030000000000000002
11 0.644375 0.45333333333333337 0.02875 0.05333333333333334
11 0.67125 0.4575 0.0275 0.04166666666666667
11 0.70625 0.48250000000000004 0.0275 0.03166666666666667
11 0.72875 0.48250000000000004 0.025 0.04833333333333334
11 0.7681250000000001 0.4758333333333334 0.02625 0.045000000000000005
11 0.658125 0.5016666666666667 0.02375 0.04
11 0.625625 0.48750000000000004 0.03625 0.03833333333333334
11 0.7468750000000001 0.5083333333333334 0.02125 0.05
11 0.719375 0.5166666666666667 0.03875 0.030000000000000002
11 0.7106250000000001 0.5475 0.02625 0.05166666666666667
11 0.748125 0.5508333333333334 0.01625 0.045000000000000005
11 0.72875 0.55 0.0225 0.04
11 0.775 0.5541666666666667 0.0225 0.045000000000000005
11 0.72875 0.5966666666666667 0.025 0.05333333333333334
11 0.755625 0.6083333333333334 0.03125 0.03666666666666667
11 0.685625 0.5741666666666667 0.03625 0.03833333333333334
11 0.6687500000000001 0.5533333333333333 0.0275 0.04
11 0.6900000000000001 0.6391666666666667 0.0275 0.04833333333333334
11 0.7262500000000001 0.645 0.025 0.05
11 0.7525000000000001 0.6575000000000001 0.0275 0.03833333333333334
11 0.7025 0.6875 0.0325 0.035
11 0.7325 0.6975 0.03 0.035
11 0.709375 0.7158333333333334 0.02375 0.04166666666666667
11 0.6875 0.7375 0.0325 0.04166666666666667
11 0.6525 0.7316666666666667 0.0375 0.03666666666666667
11 0.669375 0.7841666666666667 0.02875 0.05166666666666667
11 0.6481250000000001 0.79 0.02875 0.03333333333333333
11 0.239375 0.5166666666666667 0.02875 0.05
18 0.255625 0.4708333333333334 0.01875 0.035
18 0.356875 0.24583333333333335 0.02875 0.028333333333333335
