18 0.51625 0.16583333333333333 0.025 0.028333333333333335
18 0.55125 0.17083333333333334 0.0225 0.028333333333333335
21 0.54 0.22416666666666668 0.055 0.06166666666666667
24 0.565625 0.24750000000000003 0.04625 0.055
24 0.496875 0.3116666666666667 0.04875 0.06333333333333334
18 0.511875 0.35583333333333333 0.01625 0.03166666666666667
18 0.335 0.3441666666666667 0.0225 0.03166666666666667
18 0.330625 0.515 0.02375 0.04
18 0.305 0.43500000000000005 0.0275 0.03333333333333333
20 0.296875 0.49333333333333335 0.02375 0.05666666666666667
20 0.286875 0.6041666666666667 0.03625 0.045000000000000005
20 0.251875 0.675 0.02625 0.02
20 0.4175 0.6841666666666667 0.0275 0.035
18 0.28625 0.6533333333333333 0.0225 0.04
24 0.3 0.6783333333333333 0.0375 0.060000000000000005
18 0.34625 0.7458333333333333 0.025 0.021666666666666667
18 0.384375 0.7958333333333334 0.02375 0.018333333333333333
18 0.30375 0.7575000000000001 0.02 0.03166666666666667
19 0.3525 0.7150000000000001 0.0425 0.04
19 0.309375 0.8258333333333334 0.02375 0.028333333333333335
20 0.42875 0.8758333333333334 0.0275 0.03166666666666667
24 0.4525 0.8591666666666667 0.0425 0.055
18 0.4425 0.7983333333333333 0.0275 0.023333333333333334
18 0.483125 0.8875000000000001 0.02125 0.028333333333333335
21 0.525625 0.8833333333333334 0.051250000000000004 0.06333333333333334
19 0.551875 0.8125 0.043750000000000004 0.05166666666666667
24 0.540625 0.8433333333333334 0.043750000000000004 0.04666666666666667
19 0.49312500000000004 0.7441666666666668 0.03375 0.05166666666666667
19 0.534375 0.7191666666666667 0.03625 0.03833333333333334
19 0.609375 0.6625000000000001 0.03125 0.04833333333333334
18 0.479375 0.7291666666666667 0.02625 0.03833333333333334
21 0.56625 0.7383333333333334 0.0375 0.06666666666666667
18 0.586875 0.7400000000000001 0.02375 0.03666666666666667
18 0.635 0.7166666666666667 0.0275 0.03666666666666667
18 0.661875 0.8250000000000001 0.02125 0.02666666666666667
21 0.58875 0.6833333333333333 0.05 0.06666666666666667
21 0.726875 0.6766666666666667 0.04875 0.07333333333333333
19 0.726875 0.62 0.03625 0.043333333333333335
18 0.693125 0.6216666666666667 0.02625 0.03666666666666667
21 0.72375 0.5675 0.0475 0.055
18 0.664375 0.5991666666666667 0.02125 0.035
18 0.654375 0.5841666666666667 0.02375 0.035
18 0.693125 0.6758333333333334 0.01625 0.03166666666666667
21 0.61875 0.5433333333333333 0.05 0.06333333333333334
21 0.66125 0.5366666666666667 0.045 0.06333333333333334
21 0.678125 0.5675 0.03875 0.065
18 0.698125 0.5725 0.02125 0.03166666666666667
18 0.733125 0.5383333333333333 0.02125 0.03333333333333333
18 0.7275 0.515 0.025 0.02666666666666667
18 0.74 0.5025000000000001 0.02 0.025
18 0.7262500000000001 0.4791666666666667 0.025 0.025
18 0.685625 0.49083333333333334 0.02875 0.021666666666666667
24 0.700625 0.5166666666666667 0.03625 0.06333333333333334
21 0.743125 0.43583333333333335 0.03875 0.07500000000000001
21 0.641875 0.4841666666666667 0.04875 0.07166666666666667
18 0.646875 0.4266666666666667 0.02875 0.043333333333333335
18 0.634375 0.43333333333333335 0.02625 0.030000000000000002
20 0.5775 0.5800000000000001 0.04 0.04
24 0.558125 0.6241666666666668 0.04875 0.055
24 0.551875 0.5025000000000001 0.04125 0.06166666666666667
21 0.53625 0.49250000000000005 0.0525 0.07500000000000001
21 0.42875 0.4691666666666667 0.065 0.07500000000000001
20 0.749375 0.3516666666666667 0.02625 0.043333333333333335
20 0.628125 0.35500000000000004 0.02875 0.030000000000000002
