7 0.29812500000000003 0.25833333333333336 0.11875000000000001 0.11333333333333334
7 0.276875 0.4525 0.06625 0.15166666666666667
7 0.16125 0.4266666666666667 0.10250000000000001 0.11333333333333334
7 0.144375 0.4966666666666667 0.11875000000000001 0.07333333333333333
7 0.21125 0.6008333333333333 0.07 0.09833333333333334
7 0.254375 0.7025 0.09875 0.135
7 0.531875 0.7675000000000001 0.08625000000000001 0.10833333333333334
7 0.485 0.9258333333333334 0.0775 0.10500000000000001
7 0.645 0.8616666666666667 0.1075 0.11
7 0.83375 0.5083333333333334 0.095 0.12000000000000001
