24 0.20500000000000002 0.3433333333333334 0.06 0.10666666666666667
24 0.38625 0.38583333333333336 0.075 0.085
24 0.29875 0.5141666666666667 0.0575 0.10166666666666667
24 0.28125 0.4791666666666667 0.04 0.07166666666666667
24 0.37375 0.5925 0.07 0.07500000000000001
24 0.255 0.7641666666666667 0.06 0.095
24 0.373125 0.8275 0.05375 0.10500000000000001
24 0.228125 0.8700000000000001 0.06875 0.08666666666666667
24 0.296875 0.8808333333333334 0.04875 0.07166666666666667
24 0.504375 0.8600000000000001 0.06125 0.05
24 0.48625 0.8083333333333333 0.0625 0.09000000000000001
24 0.5856250000000001 0.7633333333333334 0.07375 0.10333333333333335
24 0.524375 0.7441666666666668 0.06125 0.07166666666666667
24 0.56 0.7025 0.0625 0.07833333333333334
24 0.464375 0.7016666666666667 0.058750000000000004 0.08666666666666667
24 0.693125 0.7591666666666668 0.043750000000000004 0.07500000000000001
24 0.62625 0.7333333333333334 0.05 0.08333333333333334
24 0.779375 0.66 0.058750000000000004 0.07333333333333333
24 0.693125 0.6075 0.06125 0.07833333333333334
24 0.69875 0.5216666666666667 0.07 0.07333333333333333
24 0.8175 0.5208333333333334 0.055 0.10166666666666667
24 0.759375 0.335 0.06625 0.09000000000000001
24 0.775625 0.22333333333333336 0.05375 0.07333333333333333
24 0.514375 0.10583333333333333 0.04625 0.07833333333333334
24 0.429375 0.1675 0.06875 0.06833333333333334
21 0.46187500000000004 0.07083333333333333 0.07125000000000001 0.09833333333333334
21 0.5375 0.19833333333333333 0.08750000000000001 0.11333333333333334
21 0.67 0.29583333333333334 0.045 0.10166666666666667
21 0.735 0.6541666666666667 0.065 0.095
21 0.6218750000000001 0.6525000000000001 0.04125 0.09833333333333334
21 0.514375 0.6858333333333334 0.04875 0.11166666666666668
21 0.72 0.7291666666666667 0.0725 0.09166666666666667
21 0.57625 0.8391666666666667 0.0825 0.10166666666666667
30 0.748125 0.4991666666666667 0.05375 0.04833333333333334
20 0.770625 0.4516666666666667 0.03875 0.060000000000000005
20 0.729375 0.4108333333333334 0.04625 0.06166666666666667
20 0.600625 0.3216666666666667 0.03875 0.05333333333333334
20 0.625 0.2816666666666667 0.0475 0.060000000000000005
20 0.7875 0.17833333333333334 0.0375 0.05
20 0.513125 0.015000000000000001 0.04125 0.030000000000000002
20 0.4025 0.7100000000000001 0.045 0.060000000000000005
20 0.74 0.7858333333333334 0.035 0.05166666666666667
21 0.3525 0.8875000000000001 0.0725 0.08166666666666667
18 0.21 0.7808333333333334 0.03 0.04166666666666667
24 0.1775 0.61 0.0675 0.07
30 0.129375 0.5825 0.03625 0.045000000000000005
20 0.33125 0.8216666666666668 0.0425 0.04
18 0.43875000000000003 0.9766666666666667 0.0425 0.03666666666666667
18 0.7000000000000001 0.8125 0.04 0.04166666666666667
18 0.550625 0.15083333333333335 0.03125 0.04833333333333334
