3 0.531852 0.904563 0.076968 0.087344
3 0.458279 0.959314 0.060474 0.076693
3 0.514873 0.976248 0.050774 0.047505
8 0.657005 0.793783 0.087962 0.077120
3 0.634367 0.948022 0.058210 0.095017
12 0.372948 0.966938 0.081808 0.049101
12 0.342889 0.365935 0.092162 0.055723
12 0.492808 0.348887 0.024620 0.059881
12 0.563191 0.679892 0.021462 0.053228
12 0.613374 0.725216 0.039768 0.045742
12 0.714688 0.704426 0.045448 0.075681
12 0.738044 0.597556 0.032824 0.071523
12 0.674920 0.391302 0.022724 0.051563
