11 0.286875 0.11666666666666667 0.06375 0.07333333333333333
11 0.418125 0.095 0.04625 0.08
11 0.23500000000000001 0.27166666666666667 0.04 0.08666666666666667
11 0.28500000000000003 0.28 0.06 0.06666666666666667
11 0.373125 0.29250000000000004 0.058750000000000004 0.07166666666666667
11 0.4175 0.3116666666666667 0.05 0.08666666666666667
11 0.474375 0.25916666666666666 0.06125 0.06166666666666667
11 0.595625 0.195 0.051250000000000004 0.07333333333333333
11 0.70875 0.24916666666666668 0.0525 0.07500000000000001
11 0.890625 0.14250000000000002 0.04875 0.07166666666666667
11 0.13125 0.39333333333333337 0.0375 0.09000000000000001
11 0.1925 0.36500000000000005 0.06 0.08
11 0.260625 0.40750000000000003 0.043750000000000004 0.085
11 0.23875000000000002 0.49333333333333335 0.06 0.07
11 0.30312500000000003 0.4141666666666667 0.04875 0.07833333333333334
11 0.348125 0.40750000000000003 0.058750000000000004 0.07500000000000001
11 0.39187500000000003 0.37083333333333335 0.043750000000000004 0.07500000000000001
11 0.45 0.3816666666666667 0.0675 0.05666666666666667
11 0.49125 0.34833333333333333 0.07 0.06333333333333334
11 0.4375 0.4441666666666667 0.0425 0.08833333333333333
11 0.39375 0.43583333333333335 0.05 0.06166666666666667
11 0.37125 0.4683333333333334 0.0475 0.07666666666666667
11 0.326875 0.47250000000000003 0.05625 0.058333333333333334
11 0.30375 0.5308333333333334 0.04 0.08166666666666667
11 0.34125 0.5216666666666667 0.0425 0.08
11 0.3675 0.5533333333333333 0.05 0.07
11 0.51 0.5166666666666667 0.045 0.1
11 0.64 0.455 0.065 0.08
11 0.703125 0.46166666666666667 0.04625 0.08666666666666667
11 0.16625 0.6741666666666667 0.055 0.06833333333333334
11 0.25375000000000003 0.7208333333333333 0.055 0.06833333333333334
11 0.26875 0.6616666666666667 0.0425 0.08333333333333334
11 0.299375 0.62 0.03875 0.08
11 0.33125 0.6508333333333334 0.0425 0.085
11 0.375625 0.7275 0.058750000000000004 0.06166666666666667
11 0.315 0.7175 0.06 0.06166666666666667
11 0.308125 0.7808333333333334 0.05375 0.07500000000000001
11 0.435 0.6916666666666668 0.07 0.07
11 0.48625 0.6775 0.0625 0.06166666666666667
11 0.525 0.6408333333333334 0.055 0.058333333333333334
11 0.570625 0.6333333333333334 0.05625 0.07333333333333333
11 0.6575 0.655 0.045 0.07666666666666667
11 0.765 0.63 0.055 0.08
11 0.853125 0.65 0.04125 0.07333333333333333
11 0.805 0.7608333333333334 0.05 0.085
11 0.503125 0.7408333333333333 0.04125 0.07166666666666667
11 0.5437500000000001 0.7108333333333334 0.045 0.085
11 0.5750000000000001 0.7191666666666667 0.05 0.06166666666666667
11 0.61125 0.6866666666666668 0.0475 0.06333333333333334
11 0.604375 0.745 0.043750000000000004 0.07666666666666667
11 0.650625 0.7250000000000001 0.04625 0.07666666666666667
11 0.5625 0.7883333333333333 0.0375 0.07333333333333333
11 0.6525 0.8008333333333334 0.05 0.07833333333333334
11 0.52 0.8591666666666667 0.055 0.06166666666666667
11 0.504375 0.91 0.058750000000000004 0.06333333333333334
11 0.479375 0.9675 0.06625 0.045000000000000005
11 0.574375 0.8541666666666667 0.04625 0.08166666666666667
11 0.605 0.8150000000000001 0.0475 0.07
11 0.6225 0.9108333333333334 0.0475 0.07500000000000001
11 0.6575 0.8858333333333334 0.0625 0.06833333333333334
11 0.763125 0.9683333333333334 0.06625 0.05333333333333334
11 0.8025 0.9583333333333334 0.0525 0.04
11 0.80375 0.9016666666666667 0.05 0.07666666666666667
18 0.291875 0.9341666666666667 0.03625 0.04833333333333334
18 0.77375 0.8383333333333334 0.0375 0.05666666666666667
18 0.821875 0.5683333333333334 0.04125 0.030000000000000002
