14 0.778437 0.566022 0.049534 0.034519
14 0.448266 0.402903 0.042460 0.067009
14 0.619278 0.345710 0.030662 0.051443
14 0.726014 0.171759 0.031845 0.078514
14 0.713630 0.207971 0.036560 0.069713
14 0.406989 0.670597 0.050713 0.039255
14 0.844692 0.802715 0.049142 0.030085
14 0.722660 0.884736 0.051599 0.023972
14 0.629905 0.903301 0.029895 0.036664
14 0.488829 0.965347 0.048324 0.034783
14 0.871311 0.964876 0.017202 0.049822
14 0.884824 0.932680 0.020477 0.046532
14 0.910010 0.931974 0.020068 0.052645
14 0.896497 0.977099 0.032352 0.037603
14 0.922705 0.968871 0.027438 0.056874
14 0.967342 0.955240 0.020882 0.043716
14 0.761563 0.981028 0.036036 0.037944
14 0.751120 0.950774 0.046276 0.030081
14 0.689899 0.947250 0.040953 0.031490
14 0.673312 0.963937 0.026617 0.037603
14 0.638709 0.960646 0.034397 0.029143
14 0.567557 0.980656 0.019655 0.047618
