11 0.3425 0.22166666666666668 0.03 0.05
11 0.5025000000000001 0.23833333333333334 0.03 0.04666666666666667
11 0.27125 0.3175 0.03 0.035
24 0.45687500000000003 0.18333333333333335 0.04125 0.04666666666666667
11 0.660625 0.19166666666666668 0.03875 0.023333333333333334
11 0.67875 0.25 0.035 0.04
11 0.3075 0.39 0.045 0.05666666666666667
11 0.338125 0.42583333333333334 0.04125 0.028333333333333335
11 0.3925 0.4441666666666667 0.045 0.045000000000000005
11 0.339375 0.52 0.03375 0.06666666666666667
11 0.208125 0.43333333333333335 0.03125 0.04
11 0.18125 0.4241666666666667 0.0225 0.04833333333333334
11 0.181875 0.4741666666666667 0.02625 0.045000000000000005
11 0.183125 0.5075000000000001 0.03125 0.028333333333333335
11 0.283125 0.63 0.03375 0.03333333333333333
11 0.41125 0.5466666666666667 0.0275 0.05333333333333334
19 0.305625 0.6191666666666668 0.02875 0.04833333333333334
25 0.435 0.7991666666666667 0.045 0.055
23 0.44375000000000003 0.8358333333333334 0.0375 0.035
11 0.39125 0.8133333333333334 0.04 0.05
24 0.54125 0.8758333333333334 0.0275 0.045000000000000005
24 0.52625 0.7591666666666668 0.045 0.04166666666666667
24 0.528125 0.7941666666666667 0.03875 0.04833333333333334
19 0.455 0.7041666666666667 0.0225 0.045000000000000005
25 0.59 0.6958333333333334 0.045 0.058333333333333334
24 0.636875 0.7908333333333334 0.03875 0.04166666666666667
24 0.70625 0.7150000000000001 0.025 0.04666666666666667
11 0.68125 0.6958333333333334 0.03 0.045000000000000005
11 0.669375 0.625 0.04875 0.043333333333333335
11 0.700625 0.48583333333333334 0.04625 0.035
11 0.6481250000000001 0.5208333333333334 0.03375 0.055
11 0.550625 0.49583333333333335 0.03375 0.05166666666666667
11 0.41875 0.48000000000000004 0.035 0.05
25 0.678125 0.5141666666666667 0.03875 0.065
18 0.576875 0.5841666666666667 0.02125 0.028333333333333335
25 0.603125 0.24583333333333335 0.04625 0.045000000000000005
