15 0.661246 0.545315 0.132353 0.096806
15 0.263824 0.276022 0.067006 0.144085
15 0.314225 0.265246 0.050405 0.158712
15 0.401986 0.341481 0.085982 0.119898
17 0.393979 0.458263 0.090131 0.094256
17 0.320749 0.537615 0.099026 0.067228
17 0.188220 0.312026 0.072344 0.110891
17 0.556155 0.146039 0.088344 0.074158
18 0.241587 0.404272 0.099620 0.073463
12 0.332607 0.419589 0.030834 0.035344
12 0.473142 0.330531 0.053368 0.048512
12 0.762512 0.241821 0.047439 0.038810
12 0.417403 0.125386 0.041509 0.041582
12 0.247516 0.678447 0.051590 0.038814
12 0.507831 0.500677 0.052773 0.074158
16 0.632650 0.381817 0.107921 0.109505
16 0.364809 0.175067 0.081239 0.117650
16 0.455235 0.735666 0.099620 0.136395
