27 0.319375 0.3375 0.043750000000000004 0.07833333333333334
27 0.533125 0.28500000000000003 0.058750000000000004 0.05333333333333334
27 0.46625 0.3916666666666667 0.0575 0.06333333333333334
27 0.6531250000000001 0.14416666666666667 0.04875 0.06166666666666667
27 0.69625 0.24166666666666667 0.0575 0.05666666666666667
27 0.7837500000000001 0.17750000000000002 0.0575 0.058333333333333334
27 0.27875 0.9025000000000001 0.055 0.055
21 0.28250000000000003 0.7541666666666668 0.0675 0.085
26 0.36375 0.17333333333333334 0.04 0.03333333333333333
26 0.56875 0.12416666666666668 0.0375 0.03833333333333334
26 0.42562500000000003 0.085 0.03375 0.030000000000000002
26 0.700625 0.09666666666666668 0.02375 0.05666666666666667
26 0.68375 0.375 0.0375 0.03333333333333333
26 0.641875 0.3666666666666667 0.043750000000000004 0.04
26 0.38625 0.8216666666666668 0.04 0.030000000000000002
19 0.23625000000000002 0.52 0.0525 0.07666666666666667
26 0.08625000000000001 0.5191666666666667 0.025 0.045000000000000005
26 0.176875 0.2941666666666667 0.03875 0.045000000000000005
11 0.785625 0.36583333333333334 0.06125 0.05166666666666667
11 0.683125 0.16666666666666669 0.02625 0.07333333333333333
26 0.706875 0.18166666666666667 0.02375 0.05
18 0.58 0.3075 0.0325 0.035
