24 0.5325 0.045000000000000005 0.06 0.08666666666666667
24 0.59875 0.125 0.0675 0.10666666666666667
24 0.544375 0.14166666666666666 0.06375 0.08333333333333334
24 0.43 0.115 0.0725 0.08666666666666667
24 0.44125000000000003 0.19 0.0625 0.10333333333333335
24 0.476875 0.22333333333333336 0.06625 0.09666666666666668
24 0.499375 0.32666666666666666 0.06375 0.07666666666666667
24 0.465625 0.3825 0.06875 0.09166666666666667
24 0.36125 0.20916666666666667 0.0725 0.08833333333333333
20 0.3275 0.265 0.0425 0.06666666666666667
21 0.414375 0.28500000000000003 0.08375 0.11
19 0.28500000000000003 0.4741666666666667 0.0525 0.07833333333333334
24 0.38125000000000003 0.445 0.07 0.11333333333333334
24 0.415625 0.5066666666666667 0.06875 0.07333333333333333
24 0.185625 0.46 0.07625 0.07
24 0.089375 0.49583333333333335 0.06375 0.095
24 0.165 0.5433333333333333 0.0625 0.10333333333333335
24 0.10875 0.6141666666666667 0.06 0.085
24 0.173125 0.6375000000000001 0.06875 0.09166666666666667
24 0.465 0.6891666666666667 0.07 0.085
24 0.285625 0.7741666666666667 0.07125000000000001 0.10166666666666667
24 0.316875 0.7566666666666667 0.06625 0.08333333333333334
24 0.40375 0.8233333333333334 0.08750000000000001 0.09333333333333334
24 0.8043750000000001 0.375 0.07375 0.1
18 0.8425 0.7166666666666667 0.0325 0.06333333333333334
18 0.65375 0.8816666666666667 0.0375 0.04666666666666667
18 0.314375 0.6433333333333334 0.03375 0.05333333333333334
18 0.16875 0.4083333333333334 0.0375 0.07
18 0.280625 0.27166666666666667 0.03375 0.04666666666666667
