0 0.607594 0.164720 0.040426 0.084900
17 0.548306 0.352019 0.055440 0.073350
17 0.459373 0.418727 0.055438 0.076236
17 0.538296 0.697104 0.073148 0.062376
17 0.494792 0.639061 0.041577 0.091830
17 0.386802 0.799618 0.055824 0.090675
17 0.482472 0.857085 0.048511 0.086634
1 0.370633 0.455979 0.056594 0.054867
11 0.394695 0.367035 0.045429 0.058335
11 0.457833 0.483412 0.037728 0.069306
11 0.488439 0.359238 0.031184 0.068151
11 0.524435 0.788068 0.043119 0.083745
11 0.450711 0.287623 0.039653 0.061221
17 0.481510 0.187417 0.056594 0.076815
