18 0.39125 0.2316666666666667 0.025 0.03333333333333333
18 0.39687500000000003 0.3408333333333334 0.02125 0.035
18 0.283125 0.3175 0.02875 0.03833333333333334
18 0.293125 0.36250000000000004 0.02375 0.03166666666666667
18 0.25375000000000003 0.2675 0.02 0.03166666666666667
11 0.24 0.30333333333333334 0.03 0.04666666666666667
11 0.231875 0.3491666666666667 0.03375 0.04166666666666667
11 0.218125 0.40166666666666667 0.02875 0.043333333333333335
11 0.214375 0.45833333333333337 0.03625 0.03666666666666667
18 0.19875 0.41583333333333333 0.0225 0.035
18 0.201875 0.4766666666666667 0.02375 0.030000000000000002
11 0.215 0.5941666666666667 0.03 0.04833333333333334
11 0.234375 0.6666666666666667 0.03125 0.04
18 0.32375 0.6133333333333334 0.0225 0.03333333333333333
24 0.388125 0.6183333333333334 0.043750000000000004 0.05666666666666667
18 0.29125 0.7075 0.02 0.04166666666666667
18 0.305 0.7216666666666667 0.0175 0.030000000000000002
18 0.264375 0.7116666666666667 0.02125 0.03333333333333333
11 0.276875 0.76 0.02625 0.04666666666666667
11 0.35125 0.7725000000000001 0.0375 0.03166666666666667
18 0.3225 0.7583333333333334 0.0225 0.030000000000000002
18 0.3725 0.7283333333333334 0.0225 0.02
18 0.39437500000000003 0.7191666666666667 0.01875 0.03166666666666667
18 0.41500000000000004 0.6716666666666667 0.025 0.03333333333333333
18 0.369375 0.7966666666666667 0.02125 0.030000000000000002
18 0.33125 0.8225 0.02 0.021666666666666667
18 0.385625 0.8316666666666667 0.02375 0.02666666666666667
18 0.37375 0.8466666666666667 0.0225 0.03333333333333333
18 0.42812500000000003 0.78 0.02625 0.03333333333333333
18 0.466875 0.7683333333333334 0.03125 0.030000000000000002
18 0.496875 0.8233333333333334 0.02875 0.03333333333333333
18 0.525 0.8083333333333333 0.0225 0.023333333333333334
18 0.5175 0.8233333333333334 0.0225 0.02
18 0.50875 0.8458333333333334 0.025 0.028333333333333335
18 0.5075000000000001 0.8691666666666668 0.0275 0.028333333333333335
18 0.4625 0.7400000000000001 0.0275 0.03666666666666667
18 0.419375 0.7141666666666667 0.02375 0.03833333333333334
18 0.4375 0.6758333333333334 0.0275 0.03166666666666667
23 0.49625 0.7316666666666667 0.0375 0.05
19 0.440625 0.6483333333333334 0.03875 0.05
18 0.4325 0.6208333333333333 0.0275 0.028333333333333335
18 0.451875 0.64 0.01875 0.030000000000000002
18 0.591875 0.8 0.02375 0.03333333333333333
18 0.640625 0.7625000000000001 0.04125 0.028333333333333335
18 0.66125 0.7258333333333333 0.0275 0.035
18 0.69125 0.7258333333333333 0.03 0.028333333333333335
18 0.68 0.7041666666666667 0.02 0.028333333333333335
18 0.688125 0.6658333333333334 0.02625 0.028333333333333335
18 0.606875 0.7108333333333334 0.02625 0.035
24 0.61875 0.7400000000000001 0.05 0.05
18 0.57625 0.6508333333333334 0.0275 0.03833333333333334
18 0.70125 0.6025 0.02 0.035
18 0.750625 0.5258333333333334 0.01625 0.035
18 0.7368750000000001 0.4816666666666667 0.01625 0.03333333333333333
18 0.69875 0.48333333333333334 0.025 0.030000000000000002
18 0.635 0.4591666666666667 0.025 0.03166666666666667
18 0.7175 0.43083333333333335 0.0275 0.03833333333333334
24 0.629375 0.5116666666666667 0.043750000000000004 0.060000000000000005
11 0.753125 0.4733333333333334 0.02875 0.05666666666666667
24 0.651875 0.38083333333333336 0.043750000000000004 0.055
18 0.70625 0.31333333333333335 0.0275 0.030000000000000002
19 0.57625 0.17666666666666667 0.0275 0.043333333333333335
18 0.585 0.2016666666666667 0.025 0.023333333333333334
