11 0.62625 0.2066666666666667 0.025 0.03333333333333333
11 0.514375 0.28583333333333333 0.02375 0.035
11 0.49312500000000004 0.3516666666666667 0.03125 0.02666666666666667
11 0.660625 0.5775 0.02375 0.03833333333333334
11 0.52375 0.5908333333333333 0.0275 0.03833333333333334
11 0.5325 0.6616666666666667 0.0225 0.04
11 0.564375 0.6858333333333334 0.02625 0.035
11 0.6218750000000001 0.6933333333333334 0.03375 0.023333333333333334
11 0.5175 0.8216666666666668 0.025 0.04
11 0.545 0.8441666666666667 0.0225 0.04166666666666667
11 0.463125 0.8541666666666667 0.02125 0.035
11 0.280625 0.4525 0.02625 0.028333333333333335
