18 0.30312500000000003 0.10666666666666667 0.03625 0.04
11 0.33125 0.3091666666666667 0.07 0.06833333333333334
11 0.374375 0.3825 0.07375 0.07500000000000001
11 0.440625 0.3458333333333334 0.04875 0.095
11 0.315625 0.4025 0.05375 0.07166666666666667
11 0.309375 0.4733333333333334 0.06625 0.060000000000000005
11 0.2525 0.4716666666666667 0.065 0.06666666666666667
11 0.07875 0.42833333333333334 0.0575 0.06333333333333334
11 0.19875 0.54 0.06 0.05
11 0.20375000000000001 0.5908333333333333 0.0675 0.06166666666666667
11 0.32375 0.615 0.0475 0.09333333333333334
11 0.138125 0.5466666666666667 0.06625 0.05666666666666667
11 0.27875 0.6925 0.035 0.085
11 0.395 0.6691666666666667 0.0725 0.07166666666666667
11 0.0625 0.7283333333333334 0.055 0.07
11 0.23 0.7666666666666667 0.06 0.07666666666666667
11 0.310625 0.8133333333333334 0.06625 0.05666666666666667
11 0.375625 0.7916666666666667 0.05625 0.07666666666666667
11 0.418125 0.7808333333333334 0.03625 0.09833333333333334
11 0.458125 0.7683333333333334 0.04125 0.08666666666666667
11 0.426875 0.8541666666666667 0.06125 0.04833333333333334
11 0.316875 0.8700000000000001 0.06125 0.05666666666666667
18 0.448125 0.89 0.03875 0.030000000000000002
18 0.5 0.9733333333333334 0.0375 0.05
11 0.54625 0.9750000000000001 0.0675 0.04666666666666667
11 0.494375 0.7100000000000001 0.04875 0.08666666666666667
11 0.5625 0.675 0.0725 0.07333333333333333
11 0.4925 0.32583333333333336 0.075 0.07500000000000001
11 0.754375 0.22083333333333335 0.05375 0.05166666666666667
11 0.8375 0.3441666666666667 0.045 0.08166666666666667
11 0.71375 0.29750000000000004 0.0525 0.058333333333333334
11 0.794375 0.405 0.03625 0.08666666666666667
11 0.718125 0.4058333333333334 0.05375 0.058333333333333334
11 0.7875 0.8425 0.0575 0.055
11 0.910625 0.8233333333333334 0.043750000000000004 0.08
11 0.969375 0.5475 0.04875 0.05166666666666667
