12 0.576708 0.212480 0.055708 0.034493
12 0.623741 0.161341 0.056622 0.027673
12 0.567271 0.249578 0.048402 0.038904
12 0.467423 0.264016 0.042314 0.057354
12 0.697866 0.472576 0.024048 0.051739
12 0.699387 0.503058 0.039270 0.023665
12 0.709586 0.524917 0.043228 0.020053
12 0.599539 0.733075 0.056926 0.022461
12 0.804735 0.634777 0.049974 0.069307
12 0.754324 0.609076 0.035944 0.061800
12 0.785009 0.533418 0.029810 0.047937
12 0.674323 0.560273 0.039890 0.073926
12 0.515857 0.612830 0.056986 0.045049
12 0.496349 0.676361 0.049534 0.057755
12 0.535583 0.675494 0.030686 0.059489
12 0.566487 0.649216 0.036382 0.055444
12 0.726269 0.888610 0.051726 0.075660
12 0.664419 0.897256 0.056110 0.028256
12 0.613173 0.877636 0.041206 0.043315
12 0.572405 0.893462 0.040330 0.064685
12 0.334815 0.893461 0.056110 0.043892
12 0.489797 0.746310 0.028006 0.059360
12 0.507453 0.726256 0.018266 0.064975
12 0.530894 0.732071 0.023744 0.059763
12 0.552932 0.726858 0.021100 0.071723
12 0.501669 0.815896 0.021918 0.067781
12 0.521152 0.830535 0.023744 0.068986
12 0.521761 0.983747 0.042010 0.026472
12 0.656161 0.785615 0.062406 0.030482
12 0.500147 0.486013 0.054186 0.053744
12 0.459204 0.388751 0.058752 0.035694
12 0.381882 0.303723 0.043532 0.095858
12 0.294057 0.195834 0.024962 0.060564
12 0.321608 0.182198 0.046576 0.068585
12 0.491929 0.073908 0.036530 0.057354
12 0.697105 0.049241 0.054186 0.036901
12 0.569250 0.076714 0.038356 0.072596
12 0.559813 0.137076 0.050534 0.028877
6 0.461940 0.744414 0.041576 0.070682
6 0.534028 0.557992 0.043588 0.070682
6 0.427741 0.438717 0.052306 0.083051
6 0.723135 0.308839 0.160270 0.136061
7 0.777117 0.439599 0.080470 0.197908
12 0.566268 0.381522 0.048220 0.059486
12 0.711804 0.565760 0.028932 0.045628
