11 0.2 0.22 0.065 0.060000000000000005
11 0.380625 0.24750000000000003 0.07125000000000001 0.065
11 0.31 0.3425 0.0625 0.065
11 0.28500000000000003 0.4091666666666667 0.0475 0.08166666666666667
11 0.410625 0.42833333333333334 0.03375 0.08666666666666667
11 0.46 0.4891666666666667 0.0525 0.10500000000000001
11 0.393125 0.5175000000000001 0.06375 0.085
11 0.21 0.48333333333333334 0.0575 0.07333333333333333
18 0.23375 0.4191666666666667 0.0325 0.05166666666666667
11 0.2725 0.5750000000000001 0.05 0.08666666666666667
11 0.413125 0.6516666666666667 0.06375 0.05333333333333334
18 0.34375 0.7350000000000001 0.03 0.04
11 0.39187500000000003 0.81 0.06625 0.05333333333333334
11 0.439375 0.8 0.05625 0.09000000000000001
11 0.366875 0.8700000000000001 0.05625 0.06666666666666667
18 0.333125 0.8783333333333334 0.02125 0.05666666666666667
11 0.44125000000000003 0.9175000000000001 0.0575 0.06833333333333334
11 0.655 0.8025000000000001 0.04 0.07833333333333334
11 0.531875 0.5775 0.06375 0.06833333333333334
11 0.5475 0.48000000000000004 0.07 0.07666666666666667
11 0.5806250000000001 0.4025 0.03875 0.085
11 0.49125 0.15583333333333335 0.065 0.07500000000000001
11 0.909375 0.19166666666666668 0.051250000000000004 0.05
11 0.9575 0.2966666666666667 0.0375 0.07
11 0.87625 0.46 0.0575 0.060000000000000005
11 0.8618750000000001 0.6483333333333334 0.043750000000000004 0.07
18 0.7775 0.7341666666666667 0.04 0.04833333333333334
11 0.891875 0.91 0.051250000000000004 0.04666666666666667
