27 0.26 0.20333333333333334 0.045 0.08
27 0.338125 0.10916666666666668 0.051250000000000004 0.058333333333333334
27 0.45937500000000003 0.17333333333333334 0.04625 0.08333333333333334
27 0.44875 0.030000000000000002 0.05 0.060000000000000005
27 0.574375 0.06583333333333334 0.043750000000000004 0.055
27 0.8175 0.23500000000000001 0.055 0.05666666666666667
27 0.80625 0.2816666666666667 0.035 0.06333333333333334
27 0.770625 0.2833333333333333 0.043750000000000004 0.060000000000000005
27 0.613125 0.2866666666666667 0.043750000000000004 0.06333333333333334
27 0.78625 0.375 0.04 0.05666666666666667
27 0.77375 0.4058333333333334 0.0425 0.06833333333333334
27 0.68 0.3916666666666667 0.0325 0.05
27 0.6625 0.43833333333333335 0.03 0.07
27 0.641875 0.38333333333333336 0.03375 0.060000000000000005
27 0.42125 0.2991666666666667 0.0525 0.04166666666666667
27 0.361875 0.32333333333333336 0.05625 0.05333333333333334
27 0.354375 0.3825 0.03625 0.058333333333333334
27 0.2925 0.35000000000000003 0.045 0.06333333333333334
27 0.309375 0.405 0.05625 0.04666666666666667
27 0.28500000000000003 0.4425 0.0475 0.045000000000000005
27 0.4825 0.39083333333333337 0.05 0.04833333333333334
27 0.466875 0.31 0.03625 0.04666666666666667
27 0.505 0.33083333333333337 0.04 0.07166666666666667
27 0.5543750000000001 0.3458333333333334 0.04875 0.04166666666666667
27 0.55125 0.4 0.03 0.06666666666666667
27 0.58375 0.38583333333333336 0.025 0.06166666666666667
27 0.604375 0.36583333333333334 0.03375 0.07166666666666667
27 0.61125 0.43833333333333335 0.0375 0.07
27 0.685625 0.5216666666666667 0.03625 0.07333333333333333
27 0.410625 0.43250000000000005 0.058750000000000004 0.035
27 0.33187500000000003 0.49083333333333334 0.05375 0.055
27 0.364375 0.4966666666666667 0.03375 0.06666666666666667
27 0.39937500000000004 0.4766666666666667 0.04625 0.03666666666666667
27 0.45437500000000003 0.47000000000000003 0.04875 0.05
27 0.46125 0.5241666666666667 0.045 0.04166666666666667
27 0.478125 0.5475 0.02625 0.065
27 0.446875 0.5750000000000001 0.03625 0.05666666666666667
27 0.501875 0.5933333333333334 0.03875 0.060000000000000005
27 0.52875 0.5533333333333333 0.0425 0.07333333333333333
27 0.318125 0.5575 0.04625 0.045000000000000005
27 0.321875 0.6000000000000001 0.051250000000000004 0.060000000000000005
27 0.346875 0.6091666666666667 0.03375 0.058333333333333334
27 0.385625 0.6033333333333334 0.03125 0.06333333333333334
27 0.36312500000000003 0.6475000000000001 0.04125 0.058333333333333334
27 0.393125 0.6975 0.04875 0.04833333333333334
27 0.42125 0.6175 0.03 0.055
27 0.421875 0.6583333333333333 0.043750000000000004 0.043333333333333335
27 0.43 0.7075 0.0375 0.06833333333333334
27 0.47875 0.7025 0.0525 0.055
27 0.49875 0.6925 0.04 0.05166666666666667
27 0.498125 0.6466666666666667 0.06125 0.05666666666666667
27 0.539375 0.6683333333333333 0.03625 0.07666666666666667
27 0.38875 0.8033333333333333 0.0525 0.060000000000000005
27 0.45625 0.7958333333333334 0.05 0.03833333333333334
27 0.484375 0.8350000000000001 0.03875 0.06666666666666667
27 0.51125 0.79 0.0525 0.05
27 0.5625 0.7433333333333334 0.0325 0.060000000000000005
27 0.640625 0.7566666666666667 0.04875 0.04
27 0.7375 0.7641666666666667 0.0475 0.045000000000000005
27 0.7106250000000001 0.63 0.03875 0.06666666666666667
27 0.793125 0.6258333333333334 0.03875 0.05166666666666667
27 0.733125 0.5875 0.03375 0.03833333333333334
27 0.6743750000000001 0.6341666666666667 0.04125 0.05166666666666667
27 0.649375 0.6533333333333333 0.03875 0.05333333333333334
27 0.615625 0.6266666666666667 0.03125 0.060000000000000005
27 0.579375 0.6591666666666667 0.03875 0.04833333333333334
27 0.59125 0.6025 0.0375 0.055
11 0.6481250000000001 0.28500000000000003 0.03625 0.05666666666666667
11 0.579375 0.45833333333333337 0.04125 0.05333333333333334
11 0.58125 0.5033333333333334 0.055 0.04666666666666667
11 0.645 0.5416666666666667 0.0425 0.07
11 0.8306250000000001 0.5766666666666667 0.03625 0.05666666666666667
11 0.59875 0.7258333333333333 0.0425 0.04166666666666667
11 0.620625 0.6783333333333333 0.04625 0.04
11 0.5337500000000001 0.8650000000000001 0.055 0.03666666666666667
11 0.635625 0.8866666666666667 0.04625 0.04666666666666667
11 0.680625 0.8925000000000001 0.043750000000000004 0.04833333333333334
11 0.214375 0.8375 0.04625 0.04833333333333334
11 0.325 0.6558333333333334 0.0375 0.065
11 0.42375 0.5075000000000001 0.04 0.06166666666666667
11 0.575625 0.14833333333333334 0.051250000000000004 0.043333333333333335
11 0.56375 0.10833333333333334 0.0475 0.043333333333333335
11 0.5325 0.0475 0.0425 0.055
19 0.64875 0.33333333333333337 0.0475 0.060000000000000005
19 0.58375 0.33083333333333337 0.0425 0.058333333333333334
24 0.231875 0.4466666666666667 0.04625 0.07666666666666667
26 0.409375 0.8525 0.03125 0.03833333333333334
18 0.436875 0.8416666666666667 0.03125 0.03666666666666667
24 0.539375 0.8300000000000001 0.058750000000000004 0.060000000000000005
