11 0.234375 0.095 0.04125 0.08333333333333334
27 0.11 0.6108333333333333 0.045 0.07166666666666667
27 0.750625 0.6808333333333334 0.04625 0.07833333333333334
27 0.825625 0.2341666666666667 0.03875 0.07166666666666667
21 0.41125 0.19833333333333333 0.06 0.08
21 0.38 0.49250000000000005 0.06 0.07833333333333334
18 0.449375 0.195 0.03375 0.05666666666666667
26 0.314375 0.2541666666666667 0.03125 0.05166666666666667
26 0.37375 0.11 0.025 0.02666666666666667
26 0.296875 0.3141666666666667 0.02625 0.028333333333333335
26 0.281875 0.33166666666666667 0.03375 0.043333333333333335
26 0.3975 0.3716666666666667 0.0325 0.03666666666666667
18 0.41125 0.7608333333333334 0.0225 0.04833333333333334
26 0.52 0.4891666666666667 0.0325 0.035
26 0.375625 0.6008333333333333 0.02625 0.04166666666666667
26 0.52125 0.3383333333333334 0.035 0.02666666666666667
