7 0.302106 0.277648 0.181877 0.096810
7 0.436166 0.210782 0.077703 0.172652
7 0.427625 0.367967 0.130644 0.073852
7 0.375112 0.453296 0.122960 0.084831
7 0.602244 0.527648 0.061481 0.185628
7 0.698733 0.697808 0.073433 0.176650
7 0.601391 0.621461 0.073433 0.161677
7 0.371317 0.783016 0.070184 0.174653
7 0.496790 0.752697 0.193828 0.088821
7 0.275635 0.875953 0.163091 0.105788
7 0.490812 0.584534 0.079409 0.171659
7 0.537348 0.460782 0.068310 0.095809
16 0.307228 0.591521 0.091363 0.081833
11 0.460926 0.897908 0.070871 0.111779
