19 0.375625 0.18333333333333335 0.03375 0.07333333333333333
19 0.35125 0.20916666666666667 0.045 0.04833333333333334
19 0.40875 0.15416666666666667 0.0375 0.03833333333333334
19 0.3675 0.14250000000000002 0.045 0.03833333333333334
19 0.48375 0.14750000000000002 0.0425 0.035
19 0.535625 0.165 0.03625 0.04666666666666667
19 0.503125 0.22083333333333335 0.03875 0.06166666666666667
19 0.609375 0.18916666666666668 0.051250000000000004 0.04833333333333334
19 0.6575 0.18916666666666668 0.0425 0.04833333333333334
19 0.564375 0.2725 0.03875 0.04833333333333334
19 0.62625 0.3166666666666667 0.035 0.07
19 0.66125 0.23083333333333333 0.0425 0.04833333333333334
19 0.661875 0.26583333333333337 0.03375 0.06833333333333334
19 0.6675 0.3166666666666667 0.0525 0.05333333333333334
19 0.5925 0.3566666666666667 0.045 0.05
19 0.6275000000000001 0.39583333333333337 0.0475 0.045000000000000005
19 0.69375 0.4341666666666667 0.055 0.03833333333333334
19 0.633125 0.44 0.03375 0.06333333333333334
19 0.67125 0.4575 0.05 0.04166666666666667
19 0.690625 0.4683333333333334 0.05375 0.043333333333333335
19 0.7675000000000001 0.4716666666666667 0.04 0.043333333333333335
19 0.750625 0.4966666666666667 0.04125 0.03666666666666667
19 0.7468750000000001 0.5266666666666667 0.03625 0.043333333333333335
19 0.7175 0.5633333333333334 0.0375 0.03666666666666667
19 0.681875 0.55 0.04125 0.05
19 0.64125 0.5366666666666667 0.05 0.060000000000000005
19 0.600625 0.53 0.04125 0.060000000000000005
19 0.720625 0.6616666666666667 0.03625 0.05
24 0.729375 0.7058333333333334 0.04125 0.058333333333333334
19 0.658125 0.7400000000000001 0.03625 0.04
19 0.599375 0.8008333333333334 0.03875 0.05166666666666667
19 0.586875 0.77 0.03875 0.05
19 0.50875 0.5800000000000001 0.045 0.04666666666666667
19 0.5437500000000001 0.7016666666666667 0.04 0.05666666666666667
19 0.56125 0.7508333333333334 0.0375 0.04166666666666667
19 0.54125 0.755 0.0375 0.043333333333333335
19 0.5387500000000001 0.81 0.0425 0.05
19 0.44125000000000003 0.8358333333333334 0.0475 0.04833333333333334
19 0.495 0.7575000000000001 0.045 0.05166666666666667
19 0.413125 0.8691666666666668 0.03875 0.05166666666666667
19 0.398125 0.8075000000000001 0.03625 0.058333333333333334
19 0.440625 0.7216666666666667 0.051250000000000004 0.05333333333333334
28 0.43062500000000004 0.7741666666666667 0.043750000000000004 0.065
19 0.5650000000000001 0.8441666666666667 0.0475 0.045000000000000005
19 0.323125 0.6900000000000001 0.03625 0.05666666666666667
19 0.458125 0.6833333333333333 0.03375 0.05
20 0.483125 0.6558333333333334 0.03125 0.03833333333333334
18 0.24625 0.6791666666666667 0.025 0.028333333333333335
19 0.313125 0.49750000000000005 0.03875 0.055
20 0.63375 0.7225 0.0275 0.03166666666666667
19 0.470625 0.7333333333333334 0.03625 0.043333333333333335
