19 0.43125 0.21666666666666667 0.045 0.05
19 0.59875 0.1991666666666667 0.045 0.045000000000000005
19 0.288125 0.28500000000000003 0.03625 0.07
19 0.289375 0.22416666666666668 0.04125 0.05166666666666667
19 0.3775 0.43000000000000005 0.0575 0.05666666666666667
19 0.314375 0.61 0.04125 0.05666666666666667
19 0.23750000000000002 0.5650000000000001 0.04 0.06333333333333334
19 0.47750000000000004 0.6158333333333333 0.055 0.058333333333333334
19 0.520625 0.6708333333333334 0.04125 0.055
19 0.619375 0.6708333333333334 0.03125 0.05166666666666667
19 0.675625 0.7358333333333333 0.03625 0.065
19 0.649375 0.7025 0.03125 0.05166666666666667
19 0.47500000000000003 0.6933333333333334 0.035 0.05666666666666667
19 0.474375 0.7658333333333334 0.03875 0.045000000000000005
19 0.23125 0.7241666666666667 0.0375 0.058333333333333334
19 0.3 0.7275 0.035 0.03833333333333334
19 0.333125 0.8475 0.04625 0.04166666666666667
19 0.38625 0.7883333333333333 0.0325 0.06666666666666667
19 0.398125 0.8716666666666667 0.03875 0.05333333333333334
19 0.443125 0.8591666666666667 0.03625 0.04833333333333334
19 0.485 0.8425 0.0375 0.07166666666666667
19 0.526875 0.8125 0.03375 0.04166666666666667
19 0.44125000000000003 0.8141666666666667 0.025 0.04833333333333334
19 0.4625 0.7891666666666667 0.035 0.03833333333333334
24 0.434375 0.7525000000000001 0.03625 0.04166666666666667
19 0.5575 0.41250000000000003 0.03 0.045000000000000005
19 0.6575 0.36750000000000005 0.0375 0.07166666666666667
19 0.688125 0.2575 0.03625 0.04833333333333334
21 0.635 0.3225 0.0425 0.055
11 0.676875 0.3383333333333334 0.02625 0.05333333333333334
19 0.673125 0.4525 0.03875 0.06833333333333334
19 0.6125 0.47250000000000003 0.04 0.055
19 0.6125 0.52 0.0375 0.05666666666666667
19 0.67375 0.56 0.05 0.043333333333333335
19 0.610625 0.5650000000000001 0.03375 0.043333333333333335
19 0.64625 0.5891666666666667 0.04 0.04166666666666667
19 0.749375 0.3666666666666667 0.04125 0.060000000000000005
19 0.771875 0.41750000000000004 0.04125 0.05166666666666667
19 0.754375 0.4841666666666667 0.03375 0.05166666666666667
19 0.753125 0.5533333333333333 0.02875 0.05
19 0.738125 0.5700000000000001 0.03375 0.04666666666666667
19 0.705 0.5391666666666667 0.0275 0.05166666666666667
19 0.708125 0.5833333333333334 0.03375 0.04666666666666667
19 0.7106250000000001 0.6575000000000001 0.02875 0.058333333333333334
19 0.731875 0.7216666666666667 0.03125 0.05666666666666667
19 0.68625 0.6491666666666667 0.0475 0.055
19 0.650625 0.6308333333333334 0.03125 0.055
19 0.58875 0.7816666666666667 0.04 0.05333333333333334
19 0.619375 0.7925000000000001 0.03125 0.04833333333333334
19 0.6531250000000001 0.8483333333333334 0.02875 0.043333333333333335
19 0.6062500000000001 0.8233333333333334 0.035 0.05
