15 0.296536 0.486413 0.145279 0.121862
15 0.508523 0.659965 0.111674 0.129374
15 0.314325 0.842472 0.109701 0.176730
15 0.492711 0.265500 0.105745 0.065842
15 0.251569 0.136137 0.123536 0.097010
15 0.286900 0.043143 0.073626 0.083165
15 0.223154 0.310844 0.120078 0.096464
15 0.587926 0.422696 0.058173 0.120073
17 0.546572 0.481504 0.050405 0.102805
17 0.500618 0.501140 0.062263 0.097028
17 0.525076 0.578241 0.088453 0.054867
17 0.541877 0.169915 0.061768 0.104536
17 0.603397 0.087326 0.095864 0.076813
18 0.392893 0.374080 0.078073 0.091251
12 0.374858 0.656673 0.040025 0.050822
16 0.454413 0.340753 0.096359 0.084322
16 0.429707 0.501602 0.082521 0.114933
12 0.730177 0.204751 0.018014 0.049465
12 0.466091 0.194389 0.041749 0.032088
14 0.709046 0.206588 0.026881 0.067515
14 0.520153 0.321564 0.023193 0.061499
14 0.220191 0.568943 0.065226 0.051979
