22 0.32375 0.0325 0.0375 0.04166666666666667
22 0.305 0.23 0.0325 0.05
22 0.295625 0.23750000000000002 0.03375 0.045000000000000005
22 0.35125 0.23833333333333334 0.04 0.04666666666666667
22 0.37375 0.2525 0.0225 0.07833333333333334
22 0.32875 0.325 0.015 0.06333333333333334
22 0.215625 0.44333333333333336 0.01625 0.05666666666666667
22 0.226875 0.5816666666666667 0.04125 0.02
22 0.278125 0.5333333333333333 0.01875 0.07
22 0.33187500000000003 0.42500000000000004 0.03125 0.06333333333333334
22 0.34500000000000003 0.5791666666666667 0.0175 0.06166666666666667
22 0.374375 0.5700000000000001 0.03125 0.05
22 0.3225 0.7100000000000001 0.0225 0.060000000000000005
22 0.5437500000000001 0.6325000000000001 0.03 0.05166666666666667
22 0.47625 0.5358333333333334 0.035 0.06166666666666667
22 0.524375 0.5283333333333333 0.02625 0.05333333333333334
22 0.5875 0.5075000000000001 0.045 0.025
22 0.54125 0.4591666666666667 0.025 0.07166666666666667
22 0.46 0.405 0.0275 0.05666666666666667
22 0.450625 0.30333333333333334 0.03375 0.05
22 0.42812500000000003 0.29833333333333334 0.03375 0.05
22 0.415625 0.225 0.051250000000000004 0.03333333333333333
22 0.468125 0.17750000000000002 0.043750000000000004 0.028333333333333335
22 0.424375 0.1391666666666667 0.03125 0.055
22 0.448125 0.095 0.043750000000000004 0.04
22 0.395625 0.0825 0.04125 0.045000000000000005
22 0.403125 0.10750000000000001 0.04125 0.028333333333333335
22 0.413125 0.08916666666666667 0.02625 0.015000000000000001
22 0.40875 0.029166666666666667 0.02 0.05166666666666667
22 0.8250000000000001 0.3383333333333334 0.0375 0.03666666666666667
11 0.58125 0.38083333333333336 0.045 0.08833333333333333
