11 0.43 0.022500000000000003 0.0425 0.03833333333333334
11 0.494375 0.25583333333333336 0.043750000000000004 0.04166666666666667
11 0.260625 0.3925 0.03375 0.058333333333333334
11 0.45625 0.42250000000000004 0.0375 0.06166666666666667
11 0.23500000000000001 0.6008333333333333 0.0325 0.045000000000000005
11 0.411875 0.5816666666666667 0.043750000000000004 0.05
11 0.4875 0.5183333333333333 0.035 0.07
11 0.34875 0.6816666666666668 0.04 0.05333333333333334
11 0.385625 0.7150000000000001 0.043750000000000004 0.043333333333333335
11 0.42625 0.8641666666666667 0.03 0.04833333333333334
11 0.445 0.8383333333333334 0.045 0.05
11 0.603125 0.7566666666666667 0.03625 0.05333333333333334
11 0.64875 0.7458333333333333 0.04 0.04833333333333334
