11 0.355 0.1975 0.06 0.07500000000000001
11 0.604375 0.26 0.05375 0.08666666666666667
11 0.58875 0.3016666666666667 0.065 0.08333333333333334
11 0.74875 0.5275000000000001 0.045 0.09166666666666667
11 0.828125 0.775 0.043750000000000004 0.08333333333333334
11 0.5650000000000001 0.6741666666666667 0.0675 0.06166666666666667
11 0.510625 0.6458333333333334 0.07125000000000001 0.065
11 0.4175 0.5325000000000001 0.0625 0.08166666666666667
11 0.401875 0.5975 0.06875 0.065
11 0.3125 0.7116666666666667 0.07 0.07
11 0.23500000000000001 0.6625000000000001 0.0525 0.07833333333333334
11 0.250625 0.5158333333333334 0.051250000000000004 0.09166666666666667
18 0.48812500000000003 0.15916666666666668 0.02875 0.058333333333333334
18 0.528125 0.22833333333333336 0.03625 0.05666666666666667
18 0.87375 0.8291666666666667 0.0275 0.05166666666666667
