11 0.25875 0.23 0.025 0.06333333333333334
11 0.3725 0.1391666666666667 0.03 0.045000000000000005
11 0.529375 0.2341666666666667 0.04125 0.04166666666666667
11 0.585 0.24166666666666667 0.04 0.043333333333333335
11 0.564375 0.26083333333333336 0.02875 0.03833333333333334
11 0.6625 0.2833333333333333 0.045 0.05666666666666667
11 0.704375 0.25083333333333335 0.03375 0.04833333333333334
11 0.65 0.48250000000000004 0.03 0.05166666666666667
11 0.386875 0.37333333333333335 0.03125 0.04
11 0.40125 0.405 0.04 0.03666666666666667
11 0.38 0.4658333333333334 0.04 0.03166666666666667
11 0.33625 0.42083333333333334 0.0325 0.06833333333333334
11 0.469375 0.5508333333333334 0.04125 0.045000000000000005
11 0.33437500000000003 0.6366666666666667 0.03125 0.05333333333333334
11 0.605625 0.8458333333333334 0.03625 0.03833333333333334
11 0.660625 0.6975 0.03125 0.05166666666666667
18 0.469375 0.14250000000000002 0.02375 0.028333333333333335
18 0.5225 0.17416666666666666 0.025 0.025
18 0.625 0.2025 0.0225 0.03166666666666667
18 0.596875 0.27666666666666667 0.02375 0.04
18 0.484375 0.22916666666666669 0.02125 0.03166666666666667
18 0.58125 0.30083333333333334 0.0325 0.03166666666666667
18 0.65 0.37833333333333335 0.0225 0.02666666666666667
18 0.759375 0.4033333333333334 0.02125 0.04
18 0.71 0.4416666666666667 0.0275 0.02666666666666667
18 0.764375 0.51 0.02125 0.03333333333333333
18 0.68 0.5116666666666667 0.0275 0.023333333333333334
18 0.620625 0.48000000000000004 0.02375 0.030000000000000002
18 0.5975 0.4591666666666667 0.0225 0.025
18 0.51125 0.44083333333333335 0.025 0.021666666666666667
18 0.274375 0.5133333333333334 0.01875 0.030000000000000002
18 0.34625 0.5366666666666667 0.0225 0.03333333333333333
18 0.22 0.5658333333333334 0.0225 0.025
18 0.186875 0.5425 0.01875 0.035
18 0.193125 0.6033333333333334 0.02125 0.04
18 0.30062500000000003 0.6441666666666667 0.01875 0.025
18 0.29812500000000003 0.6766666666666667 0.01625 0.030000000000000002
18 0.35125 0.7025 0.0225 0.03166666666666667
18 0.388125 0.7108333333333334 0.02625 0.025
18 0.43125 0.7083333333333334 0.0225 0.02
18 0.414375 0.7175 0.01875 0.025
18 0.43125 0.7433333333333334 0.0225 0.016666666666666666
18 0.31625000000000003 0.77 0.02 0.023333333333333334
18 0.29375 0.7983333333333333 0.0225 0.03333333333333333
18 0.321875 0.8241666666666667 0.01125 0.025
18 0.35125 0.8200000000000001 0.02 0.02666666666666667
18 0.398125 0.8408333333333334 0.02375 0.025
18 0.4425 0.8141666666666667 0.025 0.028333333333333335
18 0.516875 0.7891666666666667 0.02125 0.03166666666666667
18 0.47875 0.8700000000000001 0.02 0.023333333333333334
18 0.441875 0.8808333333333334 0.02375 0.028333333333333335
18 0.4375 0.9025000000000001 0.03 0.028333333333333335
18 0.479375 0.9125000000000001 0.02125 0.025
18 0.439375 0.6691666666666667 0.02625 0.03166666666666667
18 0.451875 0.6225 0.02375 0.028333333333333335
18 0.47500000000000003 0.6966666666666667 0.02 0.03333333333333333
18 0.53125 0.6491666666666667 0.02 0.028333333333333335
18 0.55125 0.615 0.025 0.03666666666666667
18 0.646875 0.5591666666666667 0.01875 0.03166666666666667
18 0.631875 0.5766666666666667 0.02375 0.02666666666666667
18 0.694375 0.6258333333333334 0.02375 0.03166666666666667
18 0.613125 0.7291666666666667 0.02375 0.025
19 0.75375 0.5683333333333334 0.0475 0.04
24 0.681875 0.5775 0.04125 0.058333333333333334
24 0.636875 0.3766666666666667 0.03875 0.06333333333333334
19 0.210625 0.32083333333333336 0.043750000000000004 0.05166666666666667
19 0.181875 0.4425 0.03375 0.04833333333333334
19 0.26625 0.3866666666666667 0.035 0.05333333333333334
19 0.24125 0.48000000000000004 0.0275 0.05333333333333334
19 0.24125 0.7266666666666667 0.03 0.043333333333333335
18 0.3875 0.6608333333333334 0.0225 0.03833333333333334
