11 0.355 0.21833333333333335 0.045 0.05333333333333334
11 0.25 0.3116666666666667 0.03 0.05333333333333334
11 0.379375 0.4708333333333334 0.03375 0.04833333333333334
11 0.511875 0.5141666666666667 0.03125 0.05166666666666667
11 0.400625 0.5858333333333333 0.03625 0.045000000000000005
11 0.309375 0.5825 0.03625 0.04166666666666667
11 0.210625 0.5133333333333334 0.02875 0.05
11 0.206875 0.6008333333333333 0.03125 0.055
11 0.32125 0.8033333333333333 0.0225 0.05
11 0.34625 0.8333333333333334 0.0375 0.04
11 0.36 0.81 0.035 0.043333333333333335
11 0.600625 0.7150000000000001 0.02125 0.04
11 0.613125 0.7575000000000001 0.01875 0.05166666666666667
11 0.239375 0.6691666666666667 0.03375 0.03166666666666667
