20 0.41625 0.065 0.04 0.060000000000000005
20 0.436875 0.03833333333333334 0.03125 0.05333333333333334
20 0.458125 0.095 0.043750000000000004 0.06333333333333334
20 0.606875 0.17 0.03625 0.06666666666666667
20 0.63875 0.2016666666666667 0.03 0.06333333333333334
20 0.5750000000000001 0.24166666666666667 0.0375 0.06333333333333334
20 0.55 0.3225 0.0475 0.08166666666666667
20 0.5025000000000001 0.20750000000000002 0.0425 0.06833333333333334
20 0.451875 0.1991666666666667 0.04875 0.06166666666666667
20 0.46625 0.23083333333333333 0.035 0.05166666666666667
20 0.358125 0.14916666666666667 0.04125 0.04833333333333334
20 0.34500000000000003 0.19833333333333333 0.0425 0.05333333333333334
20 0.37 0.22666666666666668 0.0325 0.060000000000000005
20 0.395 0.25583333333333336 0.05 0.06833333333333334
20 0.4475 0.315 0.0375 0.07666666666666667
20 0.3975 0.3175 0.0475 0.06833333333333334
20 0.30062500000000003 0.19 0.03875 0.05666666666666667
20 0.26625 0.21333333333333335 0.0375 0.05333333333333334
20 0.34500000000000003 0.24583333333333335 0.035 0.058333333333333334
20 0.318125 0.26166666666666666 0.04875 0.07
20 0.34125 0.29833333333333334 0.0525 0.05333333333333334
20 0.354375 0.33083333333333337 0.04875 0.06166666666666667
20 0.24625 0.27666666666666667 0.065 0.05333333333333334
20 0.27375 0.30333333333333334 0.0375 0.03666666666666667
20 0.29625 0.35750000000000004 0.035 0.06833333333333334
19 0.2675 0.33666666666666667 0.05 0.07666666666666667
20 0.14375000000000002 0.39083333333333337 0.0375 0.04833333333333334
20 0.209375 0.3541666666666667 0.04625 0.07166666666666667
20 0.23750000000000002 0.3766666666666667 0.04 0.05666666666666667
20 0.170625 0.42000000000000004 0.04875 0.06333333333333334
20 0.20500000000000002 0.41833333333333333 0.035 0.05666666666666667
20 0.226875 0.45083333333333336 0.04875 0.058333333333333334
20 0.27375 0.43083333333333335 0.06 0.06166666666666667
20 0.316875 0.43583333333333335 0.043750000000000004 0.07500000000000001
20 0.419375 0.4675 0.04875 0.065
20 0.305 0.5241666666666667 0.04 0.07166666666666667
20 0.230625 0.5366666666666667 0.03875 0.06333333333333334
20 0.26 0.5675 0.0425 0.06833333333333334
20 0.310625 0.5733333333333334 0.05625 0.05333333333333334
20 0.353125 0.5933333333333334 0.03625 0.06666666666666667
20 0.31 0.6266666666666667 0.0425 0.05
20 0.341875 0.6516666666666667 0.04875 0.06666666666666667
20 0.273125 0.635 0.03625 0.05666666666666667
20 0.256875 0.6633333333333333 0.03375 0.060000000000000005
20 0.2175 0.66 0.0425 0.05
20 0.22125 0.7216666666666667 0.0425 0.06666666666666667
20 0.29375 0.7216666666666667 0.0425 0.060000000000000005
20 0.345625 0.7475 0.03625 0.05166666666666667
20 0.208125 0.9216666666666667 0.043750000000000004 0.05666666666666667
19 0.43375 0.9091666666666667 0.0475 0.06166666666666667
20 0.49375 0.9283333333333333 0.0725 0.07
20 0.6168750000000001 0.8700000000000001 0.04625 0.05666666666666667
20 0.654375 0.5625 0.04125 0.055
20 0.690625 0.4808333333333334 0.051250000000000004 0.06166666666666667
