11 0.405 0.17500000000000002 0.0625 0.07
11 0.444375 0.3141666666666667 0.06125 0.07500000000000001
11 0.40750000000000003 0.41250000000000003 0.0525 0.08833333333333333
11 0.279375 0.3491666666666667 0.06375 0.065
11 0.3275 0.6391666666666667 0.0525 0.085
11 0.18875 0.5975 0.0625 0.06833333333333334
11 0.37375 0.6883333333333334 0.0525 0.08666666666666667
11 0.08625000000000001 0.7566666666666667 0.035 0.07333333333333333
11 0.306875 0.8016666666666667 0.06875 0.04666666666666667
11 0.64375 0.6825 0.065 0.06833333333333334
11 0.641875 0.6050000000000001 0.043750000000000004 0.08
11 0.5975 0.6216666666666667 0.045 0.09333333333333334
11 0.5493750000000001 0.6083333333333334 0.058750000000000004 0.08
18 0.55125 0.5433333333333333 0.0375 0.043333333333333335
18 0.693125 0.3666666666666667 0.06875 0.06666666666666667
18 0.624375 0.18416666666666667 0.07375 0.055
