19 0.63375 0.16166666666666668 0.0475 0.05666666666666667
21 0.62625 0.21583333333333335 0.05 0.058333333333333334
28 0.606875 0.2808333333333333 0.04875 0.06166666666666667
28 0.721875 0.3175 0.04875 0.04166666666666667
19 0.676875 0.34833333333333333 0.03625 0.05666666666666667
19 0.79 0.3725 0.0575 0.045000000000000005
28 0.67375 0.3825 0.05 0.058333333333333334
19 0.71 0.43750000000000006 0.045 0.045000000000000005
24 0.65 0.43833333333333335 0.0475 0.060000000000000005
19 0.614375 0.44583333333333336 0.03375 0.06166666666666667
19 0.55875 0.4633333333333334 0.035 0.06333333333333334
19 0.666875 0.5175000000000001 0.03875 0.058333333333333334
24 0.69875 0.505 0.045 0.04666666666666667
24 0.6168750000000001 0.5516666666666667 0.04625 0.060000000000000005
21 0.629375 0.7116666666666667 0.06875 0.07
