27 0.5375 0.6908333333333334 0.035 0.05166666666666667
11 0.5543750000000001 0.21250000000000002 0.02625 0.05166666666666667
20 0.671875 0.7091666666666667 0.02875 0.045000000000000005
20 0.250625 0.6508333333333334 0.02875 0.03166666666666667
22 0.26125 0.5 0.01 0.02
22 0.400625 0.48000000000000004 0.01375 0.016666666666666666
22 0.39625 0.5541666666666667 0.0125 0.018333333333333333
22 0.30062500000000003 0.5958333333333333 0.01125 0.018333333333333333
22 0.431875 0.6283333333333334 0.01375 0.016666666666666666
22 0.42625 0.6375000000000001 0.0125 0.018333333333333333
22 0.346875 0.7050000000000001 0.01125 0.023333333333333334
22 0.47375 0.7483333333333334 0.02 0.01
22 0.47875 0.755 0.01 0.02
22 0.494375 0.7558333333333334 0.01625 0.015000000000000001
22 0.52375 0.755 0.01 0.023333333333333334
22 0.6475 0.6408333333333334 0.01 0.018333333333333333
22 0.5225 0.535 0.01 0.023333333333333334
22 0.663125 0.5175000000000001 0.01625 0.018333333333333333
22 0.690625 0.4966666666666667 0.01375 0.03333333333333333
22 0.67875 0.45583333333333337 0.02 0.015000000000000001
22 0.555625 0.44 0.01125 0.023333333333333334
22 0.48875 0.2366666666666667 0.02 0.013333333333333334
22 0.44125000000000003 0.16833333333333333 0.015 0.01
22 0.41000000000000003 0.2733333333333334 0.015 0.023333333333333334
22 0.375625 0.4058333333333334 0.00875 0.025
22 0.501875 0.4816666666666667 0.01125 0.030000000000000002
18 0.24375 0.43583333333333335 0.02 0.028333333333333335
22 0.284375 0.6050000000000001 0.01625 0.01
