20 0.466875 0.17666666666666667 0.051250000000000004 0.03666666666666667
7 0.40625 0.16666666666666669 0.105 0.09666666666666668
7 0.64125 0.26333333333333336 0.085 0.11666666666666667
20 0.33125 0.3125 0.045 0.04833333333333334
7 0.28250000000000003 0.3433333333333334 0.1 0.07
7 0.30062500000000003 0.42333333333333334 0.07125000000000001 0.14
7 0.20750000000000002 0.34 0.085 0.09333333333333334
20 0.215625 0.48333333333333334 0.03875 0.05666666666666667
20 0.31375000000000003 0.5175000000000001 0.035 0.065
7 0.420625 0.5658333333333334 0.09375 0.11166666666666668
7 0.26875 0.6066666666666667 0.0575 0.17
7 0.33375 0.6383333333333334 0.0775 0.14
7 0.40375 0.6741666666666667 0.08750000000000001 0.125
7 0.45437500000000003 0.7125 0.07375 0.13833333333333334
7 0.319375 0.745 0.10375000000000001 0.11333333333333334
7 0.245 0.7433333333333334 0.10250000000000001 0.07666666666666667
7 0.29625 0.8766666666666667 0.0725 0.13333333333333333
20 0.215625 0.8883333333333334 0.04125 0.05333333333333334
19 0.550625 0.9141666666666667 0.05375 0.05166666666666667
20 0.661875 0.7508333333333334 0.043750000000000004 0.055
20 0.8462500000000001 0.7408333333333333 0.04 0.058333333333333334
