6 0.363099 0.446058 0.051690 0.053992
6 0.305587 0.487779 0.052158 0.044174
6 0.367291 0.522138 0.059142 0.044177
6 0.353786 0.566928 0.055416 0.036812
6 0.432021 0.510787 0.044242 0.071787
6 0.462756 0.560178 0.031200 0.061357
6 0.507695 0.479497 0.043774 0.052153
6 0.608749 0.563553 0.033530 0.069331
6 0.700023 0.436854 0.044706 0.039267
6 0.762426 0.415993 0.042844 0.058901
6 0.554962 0.267206 0.045172 0.054606
6 0.365893 0.275796 0.037722 0.073014
6 0.306518 0.255549 0.052156 0.034972
6 0.325845 0.728598 0.029338 0.049697
6 0.377769 0.735960 0.021422 0.052153
6 0.424570 0.714181 0.047964 0.041721
6 0.470440 0.692705 0.022352 0.058901
6 0.505134 0.704057 0.044240 0.044788
6 0.503737 0.754062 0.029338 0.058901
6 0.616433 0.640248 0.028406 0.068105
6 0.549141 0.531648 0.023286 0.063196
6 0.424104 0.631657 0.038652 0.048469
6 0.323050 0.650065 0.047964 0.063196
6 0.236665 0.709885 0.039118 0.055217
6 0.357977 0.908983 0.033994 0.057059
6 0.546580 0.897020 0.047036 0.039267
6 0.523295 0.931685 0.042378 0.048472
6 0.463920 0.945489 0.036324 0.046630
6 0.502806 0.972486 0.032132 0.051539
3 0.435281 0.880760 0.071250 0.077921
2 0.262744 0.614171 0.035392 0.044174
8 0.280207 0.685650 0.043310 0.107373
8 0.657898 0.816289 0.060912 0.136208
2 0.552839 0.043211 0.037442 0.067001
2 0.499751 0.101743 0.043030 0.061847
2 0.657618 0.230958 0.043588 0.044914
2 0.659853 0.366063 0.050294 0.075099
2 0.298573 0.420914 0.043030 0.058166
2 0.353059 0.362013 0.055882 0.050804
2 0.506177 0.585837 0.032410 0.058166
2 0.462868 0.780580 0.049736 0.064791
0 0.240456 0.509266 0.072088 0.068472
