11 0.31125 0.17833333333333334 0.03 0.04666666666666667
11 0.36875 0.15416666666666667 0.0425 0.04833333333333334
11 0.35375 0.18166666666666667 0.035 0.04
11 0.400625 0.19583333333333336 0.03375 0.04833333333333334
11 0.41250000000000003 0.2316666666666667 0.0275 0.04666666666666667
11 0.388125 0.24166666666666667 0.043750000000000004 0.043333333333333335
11 0.390625 0.2791666666666667 0.04125 0.04833333333333334
11 0.42375 0.29500000000000004 0.0375 0.05666666666666667
11 0.40875 0.335 0.0325 0.05
11 0.375 0.35500000000000004 0.035 0.04666666666666667
11 0.285625 0.255 0.03375 0.043333333333333335
11 0.31125 0.28500000000000003 0.03 0.043333333333333335
11 0.324375 0.25583333333333336 0.02875 0.05166666666666667
11 0.196875 0.35833333333333334 0.02375 0.05
11 0.29 0.35750000000000004 0.03 0.055
11 0.183125 0.49250000000000005 0.02875 0.045000000000000005
11 0.18 0.5475 0.0225 0.04833333333333334
11 0.24625 0.5408333333333334 0.0275 0.055
11 0.2975 0.5775 0.035 0.045000000000000005
11 0.205625 0.6766666666666667 0.02875 0.03666666666666667
11 0.215 0.7091666666666667 0.025 0.03166666666666667
11 0.23750000000000002 0.7091666666666667 0.03 0.05166666666666667
11 0.309375 0.6716666666666667 0.03875 0.03333333333333333
11 0.385625 0.6441666666666667 0.03125 0.058333333333333334
11 0.36562500000000003 0.76 0.03125 0.05
11 0.419375 0.7275 0.03375 0.05166666666666667
11 0.358125 0.8475 0.03375 0.045000000000000005
11 0.411875 0.8875000000000001 0.02875 0.045000000000000005
11 0.534375 0.8200000000000001 0.03375 0.030000000000000002
11 0.5543750000000001 0.89 0.03625 0.03666666666666667
27 0.3275 0.7208333333333333 0.0325 0.04166666666666667
11 0.45375 0.6341666666666667 0.0275 0.05166666666666667
11 0.46125 0.5583333333333333 0.0325 0.05
11 0.513125 0.5583333333333333 0.02875 0.05666666666666667
11 0.429375 0.5041666666666667 0.04125 0.04166666666666667
11 0.475625 0.49583333333333335 0.03625 0.035
11 0.51 0.4675 0.035 0.058333333333333334
11 0.47000000000000003 0.46166666666666667 0.0375 0.04666666666666667
11 0.481875 0.4241666666666667 0.04125 0.035
11 0.48875 0.395 0.045 0.043333333333333335
11 0.42 0.4066666666666667 0.0325 0.05666666666666667
11 0.45437500000000003 0.39333333333333337 0.03125 0.05
11 0.465625 0.3491666666666667 0.03375 0.05166666666666667
11 0.45937500000000003 0.3016666666666667 0.03625 0.030000000000000002
11 0.455 0.2758333333333334 0.0325 0.03833333333333334
11 0.47875 0.32 0.025 0.04666666666666667
11 0.496875 0.33083333333333337 0.02625 0.05166666666666667
11 0.519375 0.3275 0.02625 0.05166666666666667
19 0.530625 0.30833333333333335 0.03375 0.04666666666666667
11 0.6900000000000001 0.7908333333333334 0.025 0.035
11 0.624375 0.6975 0.02875 0.03833333333333334
11 0.7156250000000001 0.6575000000000001 0.02875 0.04166666666666667
11 0.68375 0.6383333333333334 0.04 0.043333333333333335
11 0.740625 0.6183333333333334 0.03125 0.03333333333333333
11 0.76125 0.6258333333333334 0.02 0.03833333333333334
11 0.63 0.6358333333333334 0.0325 0.04833333333333334
11 0.579375 0.6525000000000001 0.02875 0.05166666666666667
11 0.55375 0.6508333333333334 0.035 0.05166666666666667
11 0.535 0.5983333333333334 0.035 0.05
11 0.59375 0.6025 0.03 0.04166666666666667
11 0.6325000000000001 0.5925 0.035 0.04166666666666667
11 0.661875 0.6016666666666667 0.03125 0.04666666666666667
11 0.748125 0.5833333333333334 0.02875 0.04
11 0.77625 0.5741666666666667 0.0225 0.04166666666666667
11 0.568125 0.5416666666666667 0.02875 0.04666666666666667
11 0.584375 0.5700000000000001 0.03125 0.04666666666666667
11 0.5962500000000001 0.5416666666666667 0.03 0.05
11 0.541875 0.5591666666666667 0.03625 0.035
11 0.5387500000000001 0.49000000000000005 0.0325 0.04
11 0.544375 0.5208333333333334 0.02625 0.04166666666666667
11 0.6743750000000001 0.4416666666666667 0.03375 0.04
11 0.67375 0.4741666666666667 0.03 0.045000000000000005
11 0.723125 0.4066666666666667 0.02625 0.04
11 0.526875 0.38083333333333336 0.03125 0.035
11 0.526875 0.4133333333333334 0.02875 0.03666666666666667
11 0.56 0.38583333333333336 0.03 0.03833333333333334
11 0.555 0.4266666666666667 0.0375 0.04666666666666667
11 0.573125 0.4466666666666667 0.03375 0.03333333333333333
11 0.56 0.34833333333333333 0.03 0.03666666666666667
11 0.58625 0.3433333333333334 0.0275 0.04
11 0.615625 0.31333333333333335 0.03125 0.04666666666666667
11 0.666875 0.25083333333333335 0.02625 0.045000000000000005
11 0.77375 0.53 0.03 0.030000000000000002
11 0.774375 0.505 0.03125 0.02666666666666667
11 0.7262500000000001 0.505 0.0275 0.043333333333333335
11 0.760625 0.39916666666666667 0.02875 0.03833333333333334
11 0.480625 0.17 0.043750000000000004 0.03333333333333333
11 0.473125 0.21083333333333334 0.02875 0.03833333333333334
11 0.48 0.24083333333333334 0.0275 0.04166666666666667
11 0.50375 0.21750000000000003 0.0275 0.045000000000000005
11 0.495 0.2833333333333333 0.035 0.03666666666666667
11 0.734375 0.4491666666666667 0.02875 0.021666666666666667
11 0.750625 0.42583333333333334 0.03125 0.021666666666666667
11 0.715 0.445 0.0275 0.023333333333333334
11 0.70625 0.4691666666666667 0.0225 0.028333333333333335
11 0.77 0.4791666666666667 0.03 0.03833333333333334
11 0.75 0.49083333333333334 0.0225 0.035
11 0.749375 0.5233333333333333 0.02125 0.030000000000000002
11 0.7575000000000001 0.5541666666666667 0.0225 0.03166666666666667
11 0.73625 0.5433333333333333 0.0225 0.030000000000000002
11 0.718125 0.5483333333333333 0.02125 0.03666666666666667
11 0.78125 0.44583333333333336 0.03 0.025
11 0.72375 0.5766666666666667 0.03 0.030000000000000002
11 0.70125 0.5825 0.0275 0.028333333333333335
11 0.691875 0.5933333333333334 0.02875 0.02666666666666667
11 0.67375 0.5733333333333334 0.0175 0.03333333333333333
11 0.6675 0.5441666666666667 0.02 0.04166666666666667
11 0.64375 0.5708333333333334 0.035 0.021666666666666667
11 0.64125 0.5466666666666667 0.0325 0.030000000000000002
11 0.6900000000000001 0.5408333333333334 0.0275 0.025
11 0.715 0.5175000000000001 0.025 0.03166666666666667
11 0.69125 0.49500000000000005 0.0225 0.030000000000000002
11 0.67125 0.5041666666666667 0.025 0.03166666666666667
11 0.655 0.5191666666666667 0.0225 0.025
11 0.63 0.5225000000000001 0.0275 0.025
11 0.619375 0.5466666666666667 0.02625 0.030000000000000002
11 0.6475 0.48583333333333334 0.0225 0.04166666666666667
11 0.61 0.49750000000000005 0.02 0.03833333333333334
11 0.5856250000000001 0.5008333333333334 0.03375 0.03166666666666667
11 0.5625 0.49000000000000005 0.0225 0.030000000000000002
11 0.57125 0.4733333333333334 0.0375 0.030000000000000002
11 0.604375 0.4658333333333334 0.03125 0.028333333333333335
11 0.628125 0.4733333333333334 0.02125 0.02666666666666667
11 0.6012500000000001 0.42500000000000004 0.03 0.04666666666666667
11 0.5856250000000001 0.39916666666666667 0.02625 0.03833333333333334
11 0.623125 0.3875 0.02375 0.04166666666666667
11 0.659375 0.41000000000000003 0.03375 0.03666666666666667
11 0.6325000000000001 0.43750000000000006 0.03 0.03166666666666667
11 0.640625 0.395 0.02125 0.03333333333333333
11 0.676875 0.3516666666666667 0.02375 0.02666666666666667
11 0.615 0.35000000000000003 0.02 0.03666666666666667
11 0.635625 0.3433333333333334 0.01875 0.02
11 0.5962500000000001 0.36750000000000005 0.0175 0.045000000000000005
11 0.5387500000000001 0.17500000000000002 0.0325 0.03666666666666667
11 0.525625 0.20500000000000002 0.02125 0.03666666666666667
11 0.545625 0.21250000000000002 0.02375 0.04166666666666667
11 0.561875 0.19833333333333333 0.02125 0.04
11 0.57125 0.22916666666666669 0.025 0.03166666666666667
27 0.596875 0.2275 0.01875 0.04166666666666667
11 0.61375 0.22 0.02 0.030000000000000002
11 0.656875 0.21416666666666667 0.03125 0.03833333333333334
27 0.5825 0.2725 0.0375 0.028333333333333335
11 0.5543750000000001 0.3116666666666667 0.02625 0.02666666666666667
11 0.545625 0.24500000000000002 0.02875 0.03333333333333333
11 0.540625 0.275 0.02375 0.03666666666666667
11 0.5125 0.1691666666666667 0.0225 0.045000000000000005
11 0.694375 0.22916666666666669 0.02875 0.03833333333333334
11 0.714375 0.24083333333333334 0.02625 0.028333333333333335
11 0.689375 0.2625 0.02875 0.025
11 0.71125 0.2816666666666667 0.0225 0.030000000000000002
11 0.74375 0.30000000000000004 0.03 0.03333333333333333
11 0.7468750000000001 0.32666666666666666 0.02625 0.023333333333333334
11 0.76625 0.3433333333333334 0.015 0.04
11 0.745625 0.35083333333333333 0.02375 0.03166666666666667
11 0.720625 0.35333333333333333 0.01875 0.03333333333333333
11 0.7212500000000001 0.32333333333333336 0.0275 0.04
27 0.700625 0.305 0.02625 0.02666666666666667
27 0.680625 0.3125 0.02125 0.04166666666666667
11 0.669375 0.2941666666666667 0.02125 0.025
11 0.64 0.30083333333333334 0.0325 0.04166666666666667
11 0.6475 0.33166666666666667 0.025 0.02666666666666667
11 0.70375 0.8183333333333334 0.0175 0.03333333333333333
