20 0.37125 0.24166666666666667 0.04 0.08
20 0.216875 0.4133333333333334 0.03875 0.03666666666666667
20 0.21 0.5008333333333334 0.0325 0.058333333333333334
20 0.120625 0.4866666666666667 0.04875 0.07666666666666667
20 0.1625 0.5258333333333334 0.05 0.07166666666666667
20 0.28750000000000003 0.6125 0.0475 0.07500000000000001
20 0.35875 0.6433333333333334 0.06 0.06333333333333334
20 0.16 0.6116666666666667 0.035 0.07333333333333333
20 0.169375 0.6825 0.03875 0.045000000000000005
20 0.13875 0.6908333333333334 0.035 0.055
20 0.15375 0.7608333333333334 0.05 0.065
20 0.3375 0.8408333333333334 0.04 0.058333333333333334
20 0.36562500000000003 0.76 0.06375 0.05
20 0.32125 0.7241666666666667 0.0275 0.04833333333333334
20 0.295625 0.7541666666666668 0.043750000000000004 0.04833333333333334
20 0.419375 0.8575 0.03375 0.05166666666666667
20 0.37375 0.8175 0.0425 0.058333333333333334
20 0.50625 0.9341666666666667 0.055 0.085
20 0.53125 0.8516666666666667 0.0525 0.07
20 0.59 0.8808333333333334 0.035 0.04166666666666667
20 0.575625 0.8475 0.03625 0.06166666666666667
20 0.491875 0.8350000000000001 0.05375 0.060000000000000005
20 0.450625 0.9008333333333334 0.043750000000000004 0.05166666666666667
20 0.49562500000000004 0.7741666666666667 0.051250000000000004 0.058333333333333334
20 0.466875 0.6958333333333334 0.06125 0.065
20 0.418125 0.7425 0.03125 0.065
20 0.62875 0.7733333333333334 0.045 0.05666666666666667
20 0.619375 0.7358333333333333 0.043750000000000004 0.04833333333333334
20 0.7468750000000001 0.7100000000000001 0.04125 0.05666666666666667
20 0.63875 0.6950000000000001 0.04 0.05
20 0.6531250000000001 0.6441666666666667 0.03625 0.058333333333333334
20 0.83625 0.7533333333333334 0.0425 0.060000000000000005
20 0.7781250000000001 0.6316666666666667 0.03875 0.06333333333333334
20 0.7375 0.6033333333333334 0.035 0.06333333333333334
20 0.6431250000000001 0.5241666666666667 0.03625 0.065
20 0.733125 0.49000000000000005 0.03375 0.07333333333333333
20 0.765 0.4891666666666667 0.045 0.058333333333333334
19 0.624375 0.33166666666666667 0.04625 0.06666666666666667
19 0.60375 0.1716666666666667 0.035 0.07
20 0.75625 0.18500000000000003 0.04 0.05666666666666667
20 0.7156250000000001 0.1975 0.03625 0.04833333333333334
20 0.63375 0.04 0.045 0.06333333333333334
20 0.85375 0.49833333333333335 0.0375 0.05666666666666667
19 0.661875 0.8466666666666667 0.058750000000000004 0.07666666666666667
19 0.6218750000000001 0.9008333333333334 0.03375 0.05166666666666667
18 0.240625 0.5733333333333334 0.03875 0.03333333333333333
