19 0.5225 0.24250000000000002 0.0575 0.055
23 0.635 0.2275 0.0425 0.045000000000000005
19 0.69375 0.26666666666666666 0.04 0.06666666666666667
19 0.755625 0.25833333333333336 0.03125 0.06333333333333334
23 0.708125 0.22583333333333336 0.02875 0.04833333333333334
19 0.688125 0.3641666666666667 0.03625 0.045000000000000005
19 0.73375 0.37333333333333335 0.045 0.06333333333333334
23 0.70125 0.42083333333333334 0.04 0.058333333333333334
23 0.63375 0.43333333333333335 0.035 0.06666666666666667
19 0.70875 0.6033333333333334 0.0475 0.05333333333333334
19 0.62375 0.6166666666666667 0.05 0.05333333333333334
19 0.49625 0.43000000000000005 0.05 0.08666666666666667
