11 0.280625 0.085 0.05375 0.05333333333333334
18 0.380625 0.19416666666666668 0.02375 0.04833333333333334
11 0.40750000000000003 0.1991666666666667 0.0425 0.09166666666666667
11 0.33625 0.3091666666666667 0.045 0.07166666666666667
11 0.26125 0.32916666666666666 0.0575 0.058333333333333334
11 0.1925 0.3016666666666667 0.04 0.09333333333333334
11 0.061875 0.2966666666666667 0.03875 0.07333333333333333
11 0.096875 0.325 0.043750000000000004 0.07
11 0.105 0.48583333333333334 0.06 0.045000000000000005
11 0.228125 0.47750000000000004 0.051250000000000004 0.065
11 0.278125 0.48583333333333334 0.04625 0.08166666666666667
11 0.316875 0.4766666666666667 0.05375 0.07333333333333333
11 0.373125 0.5141666666666667 0.06125 0.065
11 0.433125 0.5116666666666667 0.04875 0.08333333333333334
11 0.368125 0.3983333333333334 0.06375 0.06666666666666667
11 0.30312500000000003 0.4108333333333334 0.05625 0.04833333333333334
11 0.279375 0.38083333333333336 0.06375 0.055
11 0.2525 0.41000000000000003 0.05 0.08666666666666667
11 0.290625 0.5475 0.058750000000000004 0.055
11 0.254375 0.5633333333333334 0.051250000000000004 0.07333333333333333
11 0.289375 0.6175 0.06125 0.058333333333333334
11 0.21937500000000001 0.5850000000000001 0.04625 0.08333333333333334
11 0.2025 0.5341666666666667 0.06 0.055
11 0.38125000000000003 0.6308333333333334 0.06 0.06166666666666667
11 0.413125 0.6783333333333333 0.05625 0.043333333333333335
11 0.348125 0.6583333333333333 0.04125 0.07
11 0.31625000000000003 0.6775 0.0375 0.08166666666666667
11 0.3025 0.7466666666666667 0.055 0.06333333333333334
11 0.35125 0.7858333333333334 0.045 0.08166666666666667
11 0.389375 0.7525000000000001 0.03875 0.08166666666666667
11 0.37375 0.7133333333333334 0.0675 0.05666666666666667
11 0.42562500000000003 0.7225 0.03875 0.07833333333333334
11 0.343125 0.88 0.05375 0.06666666666666667
11 0.398125 0.8608333333333333 0.04125 0.055
11 0.43875000000000003 0.8358333333333334 0.06 0.06166666666666667
11 0.42125 0.9016666666666667 0.06 0.05666666666666667
11 0.3825 0.9608333333333334 0.0575 0.05166666666666667
11 0.3275 0.9716666666666667 0.0325 0.05333333333333334
11 0.594375 0.8500000000000001 0.04125 0.06333333333333334
11 0.63375 0.8916666666666667 0.04 0.09000000000000001
11 0.67625 0.9241666666666667 0.045 0.07500000000000001
11 0.64875 0.8375 0.0525 0.055
11 0.5543750000000001 0.8433333333333334 0.03625 0.06666666666666667
11 0.526875 0.8075000000000001 0.03625 0.06166666666666667
11 0.495 0.81 0.0375 0.08666666666666667
11 0.46625 0.7758333333333334 0.04 0.07500000000000001
11 0.57375 0.8016666666666667 0.05 0.060000000000000005
11 0.563125 0.7625000000000001 0.051250000000000004 0.055
11 0.526875 0.7483333333333334 0.06375 0.043333333333333335
11 0.491875 0.7150000000000001 0.03875 0.08
11 0.516875 0.6883333333333334 0.051250000000000004 0.08666666666666667
11 0.615625 0.785 0.03625 0.09000000000000001
11 0.6475 0.7758333333333334 0.0475 0.06833333333333334
11 0.61125 0.7183333333333334 0.0475 0.07
11 0.585 0.66 0.045 0.09333333333333334
11 0.606875 0.62 0.043750000000000004 0.07333333333333333
11 0.545 0.61 0.065 0.060000000000000005
11 0.618125 0.5691666666666667 0.05375 0.058333333333333334
11 0.635 0.51 0.0425 0.09666666666666668
11 0.6 0.45833333333333337 0.045 0.07666666666666667
11 0.685625 0.4741666666666667 0.04125 0.08833333333333333
11 0.615 0.3408333333333334 0.0475 0.09833333333333334
11 0.6793750000000001 0.3816666666666667 0.04875 0.08
11 0.500625 0.2866666666666667 0.04625 0.1
11 0.548125 0.26916666666666667 0.058750000000000004 0.06833333333333334
11 0.55125 0.21000000000000002 0.0725 0.05333333333333334
11 0.7262500000000001 0.5391666666666667 0.0675 0.05166666666666667
18 0.80625 0.6183333333333334 0.0325 0.05
18 0.824375 0.6375000000000001 0.01875 0.045000000000000005
11 0.90375 0.6316666666666667 0.045 0.06333333333333334
11 0.69625 0.7708333333333334 0.065 0.05166666666666667
11 0.700625 0.8466666666666667 0.05625 0.06666666666666667
11 0.718125 0.9491666666666667 0.03375 0.058333333333333334
11 0.753125 0.93 0.05375 0.05
11 0.7987500000000001 0.9675 0.0375 0.05166666666666667
11 0.93625 0.9583333333333334 0.035 0.04
11 0.954375 0.9766666666666667 0.03875 0.04
18 0.818125 0.7783333333333334 0.03125 0.043333333333333335
18 0.19062500000000002 0.7541666666666668 0.04875 0.03833333333333334
