12 0.516485 0.897792 0.032868 0.036097
12 0.562135 0.771453 0.019721 0.069304
12 0.586785 0.977928 0.037615 0.038505
12 0.172891 0.766975 0.028776 0.064871
12 0.894202 0.571621 0.037615 0.047647
12 0.707042 0.545633 0.041632 0.047651
12 0.680201 0.589670 0.015704 0.055828
12 0.646469 0.380779 0.051011 0.027030
12 0.629904 0.355482 0.047327 0.031882
12 0.573899 0.357908 0.025770 0.068612
12 0.587570 0.406076 0.028923 0.062376
12 0.661194 0.425828 0.027873 0.056141
12 0.705105 0.408155 0.031554 0.058217
12 0.786878 0.330880 0.039439 0.065840
12 0.717724 0.229346 0.028398 0.058217
12 0.529988 0.132665 0.047327 0.046437
12 0.494227 0.178060 0.031551 0.054057
12 0.288347 0.075832 0.063630 0.038118
12 0.258636 0.364492 0.066262 0.049901
3 0.464490 0.832722 0.079319 0.096453
2 0.548629 0.549723 0.042508 0.056022
1 0.750512 0.771692 0.035503 0.068240
1 0.597624 0.738408 0.030237 0.079703
1 0.616688 0.790388 0.028047 0.086635
1 0.444542 0.183316 0.062082 0.039466
1 0.550266 0.153958 0.050030 0.036576
1 0.619104 0.246366 0.043825 0.074116
1 0.552276 0.495676 0.050396 0.049091
1 0.647955 0.517813 0.035791 0.081819
1 0.633713 0.616238 0.046016 0.053424
1 0.581124 0.611667 0.040171 0.079893
1 0.749113 0.671346 0.040903 0.073155
1 0.648501 0.968302 0.081437 0.051977
1 0.791658 0.879984 0.040537 0.079415
1 0.717523 0.904051 0.053684 0.087113
1 0.637730 0.908383 0.060621 0.054385
1 0.573273 0.877578 0.049301 0.072673
1 0.526710 0.813808 0.050396 0.047165
12 0.815396 0.729583 0.039805 0.036580
12 0.558117 0.925708 0.029946 0.055346
12 0.483437 0.920652 0.024467 0.061605
