25 0.57625 0.14833333333333334 0.04 0.05
19 0.57875 0.18583333333333335 0.0425 0.04166666666666667
25 0.7106250000000001 0.10750000000000001 0.05625 0.06166666666666667
19 0.599375 0.43000000000000005 0.04125 0.06666666666666667
20 0.665625 0.3441666666666667 0.051250000000000004 0.045000000000000005
19 0.635625 0.5041666666666667 0.03625 0.06166666666666667
18 0.6687500000000001 0.48833333333333334 0.0325 0.03333333333333333
18 0.7175 0.5758333333333334 0.0325 0.04166666666666667
18 0.795 0.41833333333333333 0.05 0.043333333333333335
18 0.81375 0.38833333333333336 0.0325 0.04666666666666667
25 0.763125 0.45083333333333336 0.03125 0.07166666666666667
19 0.749375 0.28250000000000003 0.03375 0.03833333333333334
25 0.725 0.19083333333333335 0.035 0.07833333333333334
25 0.67625 0.17916666666666667 0.035 0.05166666666666667
24 0.6900000000000001 0.24916666666666668 0.05 0.058333333333333334
19 0.656875 0.26833333333333337 0.03625 0.04666666666666667
23 0.589375 0.23583333333333334 0.03625 0.06166666666666667
19 0.775 0.21416666666666667 0.025 0.045000000000000005
