19 0.3775 0.22916666666666669 0.0425 0.04833333333333334
26 0.2975 0.10750000000000001 0.035 0.03166666666666667
26 0.325625 0.050833333333333335 0.03375 0.028333333333333335
18 0.481875 0.25583333333333336 0.02875 0.03166666666666667
18 0.541875 0.22916666666666669 0.02125 0.04166666666666667
26 0.55125 0.35750000000000004 0.035 0.03166666666666667
26 0.528125 0.325 0.02125 0.05
26 0.46625 0.31583333333333335 0.0275 0.035
26 0.47750000000000004 0.325 0.0325 0.04
26 0.38 0.4366666666666667 0.03 0.04
26 0.36562500000000003 0.39916666666666667 0.03375 0.03166666666666667
26 0.33875 0.39333333333333337 0.03 0.030000000000000002
26 0.274375 0.275 0.03125 0.04
18 0.3 0.3666666666666667 0.035 0.03333333333333333
18 0.2475 0.4241666666666667 0.025 0.04166666666666667
18 0.136875 0.5558333333333334 0.02625 0.035
18 0.384375 0.535 0.02625 0.04
18 0.35875 0.6266666666666667 0.03 0.04666666666666667
18 0.29625 0.755 0.03 0.03333333333333333
26 0.308125 0.6183333333333334 0.02875 0.02666666666666667
26 0.3125 0.6375000000000001 0.02 0.035
18 0.43625 0.6791666666666667 0.03 0.03833333333333334
19 0.3725 0.7333333333333334 0.045 0.05333333333333334
28 0.344375 0.7766666666666667 0.05625 0.060000000000000005
25 0.293125 0.8541666666666667 0.05625 0.06833333333333334
18 0.443125 0.9191666666666667 0.02875 0.03833333333333334
19 0.491875 0.8183333333333334 0.04875 0.04666666666666667
24 0.469375 0.61 0.06625 0.05333333333333334
26 0.58 0.5658333333333334 0.025 0.05166666666666667
18 0.58375 0.4816666666666667 0.0325 0.03666666666666667
18 0.5975 0.51 0.0225 0.03666666666666667
18 0.55875 0.6783333333333333 0.035 0.030000000000000002
18 0.628125 0.6766666666666667 0.02875 0.03666666666666667
18 0.61375 0.7075 0.025 0.04166666666666667
26 0.670625 0.7683333333333334 0.04625 0.03333333333333333
18 0.639375 0.8475 0.03375 0.03166666666666667
27 0.6525 0.9091666666666667 0.055 0.04166666666666667
18 0.8456250000000001 0.5191666666666667 0.02625 0.04166666666666667
18 0.7468750000000001 0.4575 0.02875 0.045000000000000005
19 0.719375 0.4475 0.043750000000000004 0.055
19 0.68 0.43750000000000006 0.045 0.05166666666666667
19 0.7212500000000001 0.31333333333333335 0.0475 0.06666666666666667
19 0.7887500000000001 0.255 0.0375 0.05666666666666667
18 0.623125 0.37000000000000005 0.03625 0.043333333333333335
26 0.5825 0.3916666666666667 0.0275 0.05
26 0.595625 0.3241666666666667 0.03625 0.035
