11 0.41250000000000003 0.335 0.06 0.06333333333333334
11 0.08750000000000001 0.36583333333333334 0.0525 0.055
11 0.29375 0.42000000000000004 0.0725 0.060000000000000005
11 0.245 0.48250000000000004 0.055 0.07166666666666667
11 0.17500000000000002 0.5258333333333334 0.0725 0.04833333333333334
11 0.403125 0.5883333333333334 0.03625 0.1
18 0.44375000000000003 0.515 0.025 0.05333333333333334
18 0.14875 0.5775 0.035 0.05166666666666667
11 0.166875 0.6516666666666667 0.04125 0.07333333333333333
11 0.23625000000000002 0.7983333333333333 0.0675 0.060000000000000005
11 0.160625 0.7883333333333333 0.03625 0.08
11 0.42 0.7350000000000001 0.06 0.06333333333333334
11 0.475625 0.8150000000000001 0.06125 0.060000000000000005
11 0.501875 0.9658333333333334 0.05625 0.04833333333333334
11 0.52875 0.81 0.0425 0.09333333333333334
11 0.52875 0.68 0.065 0.07666666666666667
11 0.670625 0.6716666666666667 0.06125 0.06666666666666667
11 0.6825 0.6191666666666668 0.0625 0.055
11 0.5325 0.4566666666666667 0.0725 0.07
18 0.685625 0.2025 0.03625 0.035
11 0.923125 0.3433333333333334 0.05625 0.05
18 0.730625 0.7416666666666667 0.02875 0.03666666666666667
