25 0.46125 0.155 0.06 0.10333333333333335
18 0.50875 0.17500000000000002 0.0325 0.05666666666666667
30 0.54875 0.1366666666666667 0.0475 0.060000000000000005
30 0.514375 0.21333333333333335 0.06375 0.07
25 0.4975 0.32833333333333337 0.0525 0.11666666666666667
23 0.3175 0.16416666666666668 0.06 0.06833333333333334
30 0.304375 0.225 0.04875 0.043333333333333335
23 0.208125 0.335 0.03125 0.07666666666666667
30 0.15937500000000002 0.29833333333333334 0.04875 0.07666666666666667
26 0.359375 0.4816666666666667 0.03875 0.05333333333333334
20 0.281875 0.49333333333333335 0.05375 0.08333333333333334
20 0.25875 0.5525 0.0525 0.07166666666666667
30 0.344375 0.8591666666666667 0.043750000000000004 0.055
30 0.591875 0.6825 0.043750000000000004 0.07166666666666667
20 0.65 0.6766666666666667 0.045 0.060000000000000005
20 0.625 0.27 0.0425 0.06666666666666667
