15 0.413679 0.590624 0.089655 0.102295
15 0.239116 0.441017 0.094379 0.108581
3 0.208462 0.961632 0.086100 0.068196
3 0.420509 0.706308 0.064753 0.089822
3 0.516570 0.714623 0.047675 0.093147
3 0.497359 0.589458 0.061908 0.079011
18 0.380307 0.509618 0.091083 0.052397
18 0.452174 0.441421 0.066888 0.087323
18 0.628998 0.770346 0.081830 0.069858
1 0.413394 0.787812 0.090367 0.056555
1 0.696242 0.521677 0.058347 0.101462
7 0.601248 0.541637 0.130215 0.098138
4 0.226253 0.339958 0.101755 0.093980
16 0.686281 0.727515 0.086810 0.065704
