11 0.545625 0.3491666666666667 0.02125 0.045000000000000005
11 0.5725 0.35083333333333333 0.0225 0.03833333333333334
11 0.54875 0.39083333333333337 0.0325 0.03166666666666667
11 0.601875 0.4058333333333334 0.01625 0.03833333333333334
11 0.584375 0.385 0.02125 0.043333333333333335
11 0.59875 0.36583333333333334 0.0225 0.04833333333333334
11 0.496875 0.29750000000000004 0.02625 0.05166666666666667
11 0.49312500000000004 0.3325 0.03875 0.025
11 0.50875 0.35750000000000004 0.0225 0.04833333333333334
11 0.526875 0.3433333333333334 0.02125 0.05333333333333334
11 0.54125 0.2966666666666667 0.0225 0.043333333333333335
11 0.55375 0.32083333333333336 0.0325 0.028333333333333335
11 0.583125 0.33083333333333337 0.02625 0.03833333333333334
11 0.42625 0.15416666666666667 0.02 0.035
11 0.4625 0.15833333333333335 0.0175 0.04
11 0.424375 0.195 0.03125 0.03333333333333333
11 0.43375 0.21500000000000002 0.0275 0.02666666666666667
11 0.451875 0.22833333333333336 0.02625 0.043333333333333335
11 0.473125 0.2066666666666667 0.02875 0.043333333333333335
11 0.4575 0.195 0.02 0.04
11 0.5 0.20500000000000002 0.0325 0.023333333333333334
11 0.49062500000000003 0.17083333333333334 0.03125 0.03166666666666667
11 0.509375 0.17833333333333334 0.02875 0.02666666666666667
11 0.535625 0.17416666666666666 0.03125 0.03166666666666667
11 0.61125 0.18416666666666667 0.0325 0.03833333333333334
11 0.5543750000000001 0.20916666666666667 0.02875 0.03166666666666667
11 0.608125 0.21750000000000003 0.03625 0.04166666666666667
11 0.59125 0.26833333333333337 0.0375 0.030000000000000002
11 0.605 0.24333333333333335 0.0225 0.02666666666666667
11 0.579375 0.24333333333333335 0.02375 0.03333333333333333
11 0.56125 0.2841666666666667 0.025 0.04833333333333334
11 0.5231250000000001 0.26416666666666666 0.02625 0.045000000000000005
11 0.453125 0.26833333333333337 0.02625 0.04666666666666667
11 0.478125 0.24250000000000002 0.02875 0.03166666666666667
11 0.503125 0.2341666666666667 0.02375 0.04833333333333334
11 0.438125 0.2575 0.02625 0.045000000000000005
11 0.40375 0.26583333333333337 0.035 0.04833333333333334
11 0.45625 0.3075 0.035 0.03166666666666667
11 0.443125 0.33666666666666667 0.03375 0.03666666666666667
11 0.43 0.38083333333333336 0.04 0.028333333333333335
11 0.358125 0.21666666666666667 0.02375 0.043333333333333335
11 0.381875 0.19333333333333336 0.02375 0.04666666666666667
11 0.401875 0.1975 0.02125 0.045000000000000005
11 0.405625 0.1525 0.02375 0.03833333333333334
11 0.376875 0.14166666666666666 0.01875 0.03666666666666667
11 0.35875 0.17583333333333334 0.0225 0.04166666666666667
27 0.340625 0.15333333333333335 0.02875 0.043333333333333335
11 0.31625000000000003 0.16583333333333333 0.0225 0.045000000000000005
11 0.30062500000000003 0.20583333333333334 0.03625 0.03833333333333334
11 0.281875 0.19333333333333336 0.02125 0.04
11 0.255625 0.21833333333333335 0.02125 0.030000000000000002
11 0.285625 0.2325 0.02125 0.03833333333333334
11 0.258125 0.24083333333333334 0.01625 0.03166666666666667
11 0.278125 0.2725 0.02125 0.03833333333333334
11 0.313125 0.2916666666666667 0.03625 0.03333333333333333
11 0.34500000000000003 0.36333333333333334 0.025 0.05333333333333334
11 0.305625 0.3791666666666667 0.01875 0.03833333333333334
11 0.27187500000000003 0.3358333333333334 0.03375 0.03166666666666667
11 0.20375000000000001 0.405 0.025 0.043333333333333335
11 0.289375 0.46166666666666667 0.02125 0.04666666666666667
11 0.335625 0.4708333333333334 0.03125 0.028333333333333335
11 0.3425 0.5 0.0375 0.03333333333333333
11 0.296875 0.5083333333333334 0.03375 0.03333333333333333
11 0.319375 0.5391666666666667 0.03625 0.035
11 0.291875 0.5508333333333334 0.02625 0.04833333333333334
11 0.23 0.5483333333333333 0.0325 0.030000000000000002
11 0.18875 0.5208333333333334 0.025 0.045000000000000005
11 0.341875 0.5733333333333334 0.02125 0.05
11 0.36125 0.615 0.0225 0.04
11 0.425 0.5641666666666667 0.0275 0.045000000000000005
11 0.420625 0.5966666666666667 0.03875 0.030000000000000002
11 0.42375 0.6291666666666667 0.035 0.03166666666666667
11 0.351875 0.6691666666666667 0.04125 0.03166666666666667
11 0.48125 0.5625 0.03 0.035
11 0.438125 0.5008333333333334 0.03875 0.035
11 0.45125 0.6316666666666667 0.0275 0.05
11 0.480625 0.6416666666666667 0.04125 0.030000000000000002
11 0.48812500000000003 0.6733333333333333 0.02875 0.043333333333333335
11 0.50625 0.7191666666666667 0.035 0.03833333333333334
11 0.535 0.7416666666666667 0.0375 0.030000000000000002
11 0.33187500000000003 0.7491666666666668 0.03125 0.04166666666666667
11 0.335 0.7916666666666667 0.0275 0.04
11 0.41375 0.7816666666666667 0.0275 0.03333333333333333
11 0.265625 0.7925000000000001 0.02875 0.03833333333333334
11 0.5387500000000001 0.8441666666666667 0.0275 0.03833333333333334
11 0.499375 0.8841666666666668 0.02625 0.04166666666666667
11 0.62625 0.8108333333333334 0.0325 0.04166666666666667
18 0.660625 0.7733333333333334 0.01875 0.03333333333333333
11 0.641875 0.7183333333333334 0.02875 0.04
11 0.6825 0.7141666666666667 0.035 0.03166666666666667
11 0.70125 0.7108333333333334 0.0225 0.04166666666666667
11 0.6687500000000001 0.6858333333333334 0.0375 0.03166666666666667
11 0.6575 0.6558333333333334 0.035 0.03166666666666667
11 0.675625 0.6408333333333334 0.02875 0.03833333333333334
11 0.7056250000000001 0.6483333333333334 0.03125 0.04
11 0.6637500000000001 0.6000000000000001 0.03 0.043333333333333335
11 0.694375 0.6133333333333334 0.03375 0.03333333333333333
11 0.728125 0.6141666666666667 0.03125 0.035
19 0.574375 0.6475000000000001 0.03125 0.04166666666666667
11 0.716875 0.5475 0.02875 0.04166666666666667
11 0.6675 0.5591666666666667 0.035 0.028333333333333335
11 0.655625 0.5458333333333334 0.04125 0.03833333333333334
11 0.675 0.5125000000000001 0.035 0.04166666666666667
11 0.706875 0.5016666666666667 0.02375 0.04666666666666667
11 0.68 0.48500000000000004 0.03 0.043333333333333335
11 0.65125 0.48750000000000004 0.0325 0.035
11 0.62125 0.49750000000000005 0.045 0.04166666666666667
11 0.634375 0.5208333333333334 0.03625 0.028333333333333335
11 0.615 0.5458333333333334 0.04 0.03833333333333334
11 0.620625 0.5808333333333334 0.03125 0.035
11 0.598125 0.6091666666666667 0.02875 0.055
11 0.564375 0.6066666666666667 0.02375 0.043333333333333335
11 0.57375 0.5741666666666667 0.0225 0.045000000000000005
11 0.5806250000000001 0.5383333333333333 0.03875 0.03333333333333333
11 0.53125 0.5341666666666667 0.0425 0.03166666666666667
11 0.52125 0.5475 0.025 0.04833333333333334
11 0.538125 0.5658333333333334 0.03125 0.045000000000000005
11 0.5275 0.5808333333333334 0.0325 0.03166666666666667
11 0.508125 0.5983333333333334 0.03125 0.030000000000000002
11 0.533125 0.6233333333333334 0.03125 0.043333333333333335
11 0.75375 0.5791666666666667 0.0275 0.04833333333333334
11 0.755625 0.5333333333333333 0.01875 0.04
27 0.73875 0.5358333333333334 0.0225 0.04166666666666667
18 0.774375 0.5741666666666667 0.02375 0.04166666666666667
11 0.716875 0.4658333333333334 0.02625 0.025
11 0.749375 0.46166666666666667 0.02125 0.043333333333333335
11 0.7731250000000001 0.4683333333333334 0.02625 0.04666666666666667
11 0.77875 0.43250000000000005 0.025 0.035
11 0.765625 0.4 0.02875 0.02666666666666667
11 0.74125 0.4033333333333334 0.0175 0.04
11 0.7518750000000001 0.38083333333333336 0.02875 0.045000000000000005
11 0.728125 0.40166666666666667 0.02125 0.03666666666666667
11 0.715 0.41000000000000003 0.0225 0.043333333333333335
11 0.714375 0.44 0.04125 0.023333333333333334
11 0.7325 0.4391666666666667 0.0225 0.045000000000000005
11 0.691875 0.455 0.01875 0.04
11 0.65125 0.43250000000000005 0.0275 0.045000000000000005
11 0.6431250000000001 0.4591666666666667 0.02625 0.03166666666666667
11 0.625625 0.4591666666666667 0.02375 0.03833333333333334
11 0.603125 0.4783333333333334 0.03875 0.030000000000000002
11 0.545 0.465 0.0375 0.03666666666666667
11 0.57625 0.42833333333333334 0.0275 0.04666666666666667
11 0.593125 0.4441666666666667 0.02375 0.04166666666666667
11 0.4975 0.445 0.025 0.05333333333333334
11 0.51625 0.4683333333333334 0.03 0.05
11 0.535625 0.42333333333333334 0.02625 0.05
11 0.636875 0.375 0.03125 0.043333333333333335
11 0.6375000000000001 0.4008333333333334 0.0275 0.035
11 0.630625 0.4266666666666667 0.02375 0.043333333333333335
11 0.6875 0.4116666666666667 0.03 0.03666666666666667
11 0.661875 0.4033333333333334 0.02375 0.04666666666666667
11 0.67875 0.43000000000000005 0.03 0.02666666666666667
11 0.720625 0.3166666666666667 0.02375 0.03666666666666667
11 0.70125 0.3116666666666667 0.025 0.04
11 0.75125 0.33 0.0225 0.04666666666666667
11 0.696875 0.36833333333333335 0.03375 0.03666666666666667
11 0.67375 0.3725 0.025 0.035
11 0.6575 0.3275 0.03 0.03833333333333334
11 0.67625 0.315 0.03 0.023333333333333334
11 0.67 0.34 0.0275 0.02666666666666667
11 0.62375 0.31 0.04 0.03333333333333333
11 0.620625 0.33666666666666667 0.02375 0.04
11 0.638125 0.28500000000000003 0.02625 0.030000000000000002
11 0.601875 0.2816666666666667 0.03125 0.03333333333333333
11 0.629375 0.26166666666666666 0.03125 0.03333333333333333
11 0.66125 0.2525 0.0375 0.021666666666666667
11 0.69625 0.24333333333333335 0.025 0.03666666666666667
11 0.703125 0.26833333333333337 0.02375 0.04
11 0.676875 0.29500000000000004 0.03125 0.03333333333333333
11 0.660625 0.2833333333333333 0.02125 0.03333333333333333
11 0.721875 0.26583333333333337 0.02375 0.035
11 0.738125 0.28750000000000003 0.02375 0.06166666666666667
11 0.696875 0.21666666666666667 0.03125 0.02666666666666667
11 0.671875 0.21000000000000002 0.02875 0.05
11 0.65375 0.23 0.0175 0.03666666666666667
11 0.635625 0.2016666666666667 0.02625 0.04
11 0.433125 0.4291666666666667 0.02125 0.04833333333333334
