18 0.308125 0.09833333333333334 0.03625 0.043333333333333335
18 0.268125 0.2041666666666667 0.02375 0.05166666666666667
18 0.42562500000000003 0.28250000000000003 0.02625 0.06166666666666667
18 0.14625 0.5583333333333333 0.0325 0.05333333333333334
18 0.14875 0.6716666666666667 0.0325 0.04
18 0.145 0.6958333333333334 0.03 0.03833333333333334
18 0.26125 0.9083333333333334 0.0225 0.043333333333333335
18 0.60875 0.7200000000000001 0.03 0.05
18 0.82875 0.2941666666666667 0.0325 0.025
18 0.80625 0.49333333333333335 0.0175 0.043333333333333335
18 0.833125 0.6050000000000001 0.03375 0.05333333333333334
11 0.8981250000000001 0.8666666666666667 0.051250000000000004 0.07
11 0.74625 0.8533333333333334 0.05 0.07
11 0.774375 0.8891666666666668 0.03875 0.065
11 0.754375 0.9516666666666668 0.051250000000000004 0.060000000000000005
11 0.978125 0.675 0.02875 0.06666666666666667
11 0.8875000000000001 0.6291666666666667 0.0425 0.06833333333333334
11 0.8375 0.6616666666666667 0.05 0.05
11 0.76375 0.7475 0.045 0.07500000000000001
11 0.738125 0.7108333333333334 0.03875 0.07500000000000001
11 0.771875 0.6316666666666667 0.058750000000000004 0.07
11 0.723125 0.6575000000000001 0.04875 0.08833333333333333
11 0.693125 0.7625000000000001 0.043750000000000004 0.07833333333333334
11 0.685 0.8116666666666668 0.0625 0.05
11 0.58125 0.8091666666666667 0.065 0.06833333333333334
11 0.584375 0.8808333333333334 0.05625 0.07500000000000001
11 0.5387500000000001 0.9391666666666667 0.0575 0.065
11 0.5025000000000001 0.9766666666666667 0.0375 0.043333333333333335
11 0.511875 0.8783333333333334 0.06625 0.05
11 0.5325 0.8291666666666667 0.0575 0.058333333333333334
11 0.47750000000000004 0.8066666666666668 0.045 0.08
11 0.45375 0.8166666666666668 0.045 0.08
11 0.443125 0.8700000000000001 0.05625 0.07333333333333333
11 0.341875 0.9333333333333333 0.06875 0.06333333333333334
11 0.28 0.8958333333333334 0.06 0.06833333333333334
11 0.38375000000000004 0.8416666666666667 0.065 0.060000000000000005
11 0.39875 0.7816666666666667 0.07 0.060000000000000005
11 0.353125 0.7825000000000001 0.03375 0.07500000000000001
11 0.323125 0.7633333333333334 0.04875 0.09000000000000001
11 0.408125 0.7041666666666667 0.04125 0.07500000000000001
11 0.364375 0.7141666666666667 0.04125 0.08166666666666667
11 0.2675 0.7441666666666668 0.055 0.07166666666666667
11 0.24375 0.7866666666666667 0.0575 0.07
11 0.093125 0.805 0.06125 0.05
11 0.1275 0.7200000000000001 0.0325 0.07333333333333333
11 0.33625 0.6483333333333334 0.055 0.07
11 0.47750000000000004 0.6633333333333333 0.0475 0.08333333333333334
11 0.526875 0.6633333333333333 0.03875 0.09333333333333334
11 0.4525 0.6191666666666668 0.0375 0.09833333333333334
11 0.42375 0.6316666666666667 0.035 0.08666666666666667
11 0.398125 0.5941666666666667 0.051250000000000004 0.06166666666666667
11 0.52375 0.5758333333333334 0.0375 0.07500000000000001
11 0.47125 0.5708333333333334 0.06 0.058333333333333334
11 0.46875 0.5166666666666667 0.0575 0.07333333333333333
11 0.359375 0.5616666666666666 0.058750000000000004 0.06333333333333334
11 0.3675 0.5075000000000001 0.0625 0.06166666666666667
11 0.373125 0.4566666666666667 0.051250000000000004 0.07
11 0.32 0.46166666666666667 0.0475 0.05
11 0.299375 0.5133333333333334 0.05375 0.08333333333333334
11 0.255625 0.5508333333333334 0.07375 0.05166666666666667
11 0.215625 0.5691666666666667 0.04875 0.058333333333333334
11 0.084375 0.5466666666666667 0.03875 0.07666666666666667
11 0.211875 0.4191666666666667 0.04875 0.06166666666666667
11 0.26125 0.43583333333333335 0.06 0.06833333333333334
11 0.3075 0.41500000000000004 0.0575 0.05
11 0.245625 0.36500000000000005 0.07375 0.06333333333333334
11 0.380625 0.35250000000000004 0.05375 0.08166666666666667
11 0.34 0.35583333333333333 0.04 0.08166666666666667
11 0.30062500000000003 0.31083333333333335 0.04125 0.085
11 0.358125 0.27083333333333337 0.06375 0.065
11 0.2275 0.28250000000000003 0.0525 0.06166666666666667
11 0.361875 0.0975 0.06125 0.055
11 0.448125 0.09250000000000001 0.04875 0.07166666666666667
11 0.415625 0.17583333333333334 0.04625 0.07166666666666667
11 0.460625 0.27 0.05375 0.07
11 0.514375 0.26 0.04625 0.07
11 0.4875 0.34750000000000003 0.04 0.07833333333333334
11 0.530625 0.3275 0.04625 0.085
11 0.551875 0.4008333333333334 0.06375 0.065
11 0.581875 0.4516666666666667 0.06125 0.07666666666666667
11 0.583125 0.5758333333333334 0.04125 0.095
11 0.6218750000000001 0.6283333333333334 0.06125 0.05
11 0.585 0.65 0.0725 0.060000000000000005
11 0.573125 0.6975 0.06125 0.055
11 0.63 0.6866666666666668 0.0475 0.07
11 0.6575 0.7241666666666667 0.035 0.07833333333333334
11 0.6843750000000001 0.5366666666666667 0.051250000000000004 0.07666666666666667
11 0.72 0.5633333333333334 0.045 0.07666666666666667
11 0.770625 0.5425 0.058750000000000004 0.06833333333333334
11 0.7312500000000001 0.4716666666666667 0.0375 0.08333333333333334
11 0.779375 0.4683333333333334 0.03625 0.08
11 0.7681250000000001 0.40750000000000003 0.04875 0.05166666666666667
11 0.713125 0.3925 0.043750000000000004 0.07833333333333334
11 0.7312500000000001 0.32666666666666666 0.0475 0.07666666666666667
11 0.6275000000000001 0.0975 0.04 0.058333333333333334
