19 0.184375 0.16666666666666669 0.04875 0.060000000000000005
20 0.063125 0.22916666666666669 0.04125 0.058333333333333334
19 0.105 0.5583333333333333 0.0375 0.07
19 0.136875 0.5691666666666667 0.04125 0.095
20 0.175625 0.6083333333333334 0.03875 0.06333333333333334
19 0.14250000000000002 0.6991666666666667 0.0375 0.07166666666666667
19 0.18937500000000002 0.7008333333333334 0.04875 0.08166666666666667
19 0.293125 0.6375000000000001 0.05375 0.07500000000000001
19 0.248125 0.6725000000000001 0.04875 0.08166666666666667
19 0.390625 0.5933333333333334 0.05375 0.07333333333333333
20 0.245625 0.7533333333333334 0.04625 0.060000000000000005
20 0.29812500000000003 0.77 0.04625 0.06666666666666667
20 0.181875 0.8250000000000001 0.03875 0.05333333333333334
20 0.234375 0.8641666666666667 0.02875 0.06166666666666667
20 0.273125 0.8616666666666667 0.03875 0.06333333333333334
20 0.305625 0.8725 0.03875 0.058333333333333334
20 0.314375 0.9416666666666668 0.04125 0.04666666666666667
20 0.355 0.8983333333333334 0.0425 0.06333333333333334
20 0.37375 0.8708333333333333 0.045 0.055
20 0.4675 0.905 0.0575 0.05666666666666667
20 0.50375 0.9450000000000001 0.03 0.04666666666666667
20 0.460625 0.8025000000000001 0.05625 0.04833333333333334
20 0.401875 0.8058333333333334 0.043750000000000004 0.058333333333333334
20 0.534375 0.8866666666666667 0.04875 0.04666666666666667
20 0.544375 0.9366666666666668 0.03625 0.04666666666666667
20 0.59125 0.91 0.0375 0.05666666666666667
20 0.646875 0.9283333333333333 0.03875 0.05
20 0.6625 0.8416666666666667 0.0525 0.07333333333333333
20 0.553125 0.7633333333333334 0.04125 0.07
20 0.63 0.765 0.045 0.05333333333333334
20 0.668125 0.6925 0.04125 0.06166666666666667
20 0.74125 0.7058333333333334 0.0575 0.07166666666666667
20 0.794375 0.7083333333333334 0.06375 0.06666666666666667
20 0.79625 0.7708333333333334 0.0375 0.055
20 0.82125 0.8200000000000001 0.035 0.05333333333333334
19 0.5875 0.7875000000000001 0.0525 0.07166666666666667
19 0.694375 0.76 0.04875 0.07333333333333333
20 0.5375 0.6433333333333334 0.0425 0.07
20 0.5750000000000001 0.6208333333333333 0.035 0.06166666666666667
20 0.789375 0.6383333333333334 0.03625 0.060000000000000005
20 0.82625 0.6441666666666667 0.05 0.07500000000000001
20 0.8425 0.5900000000000001 0.04 0.05666666666666667
20 0.8093750000000001 0.5483333333333333 0.03375 0.05666666666666667
20 0.8200000000000001 0.5 0.04 0.06666666666666667
20 0.8275 0.4416666666666667 0.0425 0.04666666666666667
19 0.780625 0.49333333333333335 0.06875 0.07333333333333333
19 0.52 0.4716666666666667 0.05 0.08
19 0.550625 0.43500000000000005 0.06375 0.06666666666666667
19 0.7825 0.31333333333333335 0.05 0.07
19 0.608125 0.26666666666666666 0.07125000000000001 0.06666666666666667
20 0.55 0.335 0.05 0.07333333333333333
20 0.73875 0.3375 0.04 0.06833333333333334
20 0.7156250000000001 0.20833333333333334 0.04875 0.08333333333333334
20 0.76875 0.17666666666666667 0.045 0.07333333333333333
23 0.384375 0.6641666666666667 0.06125 0.065
