26 0.29375 0.5358333333333334 0.025 0.018333333333333333
18 0.20875 0.5775 0.02 0.03166666666666667
18 0.213125 0.6083333333333334 0.02125 0.030000000000000002
26 0.276875 0.66 0.01125 0.03666666666666667
18 0.2175 0.6941666666666667 0.02 0.03166666666666667
19 0.299375 0.8333333333333334 0.03125 0.043333333333333335
26 0.3775 0.8316666666666667 0.01 0.030000000000000002
26 0.421875 0.8033333333333333 0.02625 0.02666666666666667
26 0.49062500000000003 0.8925000000000001 0.02125 0.021666666666666667
26 0.51375 0.8041666666666667 0.0225 0.03166666666666667
26 0.55375 0.8125 0.0225 0.028333333333333335
18 0.55 0.8350000000000001 0.0275 0.03333333333333333
19 0.474375 0.7491666666666668 0.03625 0.045000000000000005
18 0.49312500000000004 0.7708333333333334 0.02375 0.025
26 0.5387500000000001 0.49250000000000005 0.0225 0.035
11 0.52125 0.5633333333333334 0.04 0.03666666666666667
19 0.758125 0.6208333333333333 0.03125 0.05166666666666667
24 0.5975 0.8108333333333334 0.045 0.04833333333333334
26 0.556875 0.3225 0.02375 0.035
