12 0.311106 0.791124 0.028139 0.053343
12 0.508721 0.314534 0.042004 0.061219
12 0.669564 0.474227 0.044476 0.037541
12 0.695062 0.717134 0.031706 0.050055
12 0.561026 0.799192 0.048593 0.039949
12 0.486287 0.838660 0.030059 0.045722
12 0.464256 0.879087 0.048593 0.029356
12 0.407018 0.861279 0.037884 0.057275
12 0.447373 0.707266 0.029648 0.047650
12 0.393223 0.766706 0.041590 0.026952
12 0.372633 0.806171 0.018531 0.043314
12 0.357397 0.772241 0.020177 0.043798
12 0.350604 0.707508 0.023884 0.050055
12 0.239214 0.640127 0.044883 0.028876
12 0.318484 0.663710 0.034591 0.030804
12 0.312513 0.691384 0.044062 0.021655
12 0.265570 0.692586 0.019356 0.043318
12 0.250128 0.754192 0.024706 0.046202
12 0.208537 0.791493 0.039533 0.030320
15 0.244841 0.863718 0.109122 0.122728
15 0.575538 0.696724 0.076866 0.133158
12 0.424175 0.605064 0.035689 0.044918
16 0.538715 0.571657 0.114149 0.131681
