2 0.662605 0.229708 0.034870 0.046825
2 0.384310 0.559260 0.040236 0.052126
2 0.317586 0.682510 0.050296 0.049478
2 0.619687 0.796926 0.029506 0.059196
2 0.741398 0.845078 0.028836 0.058314
2 0.676017 0.873792 0.052306 0.050361
2 0.726310 0.907808 0.030848 0.065381
2 0.690098 0.951099 0.041576 0.065381
2 0.657575 0.784556 0.042246 0.039758
2 0.543910 0.809736 0.041576 0.047710
2 0.475845 0.869817 0.039566 0.051244
2 0.421528 0.825640 0.047612 0.054780
2 0.390345 0.928128 0.054990 0.053009
2 0.329656 0.886602 0.061024 0.074216
2 0.430581 0.777930 0.056330 0.042411
2 0.412475 0.714318 0.067058 0.079518
2 0.707534 0.384765 0.025484 0.038875
2 0.686075 0.348542 0.046942 0.045942
2 0.722287 0.300831 0.034870 0.051244
2 0.666293 0.299063 0.048954 0.051244
2 0.806781 0.425406 0.029506 0.056545
2 0.876188 0.505808 0.047612 0.077750
2 0.580793 0.544681 0.038894 0.061847
2 0.561010 0.474443 0.050296 0.050361
2 0.420521 0.314967 0.025482 0.065381
2 0.469475 0.383881 0.057670 0.040643
2 0.477187 0.431592 0.044930 0.065381
2 0.489257 0.355609 0.054318 0.044177
2 0.587499 0.307016 0.034870 0.045942
2 0.552627 0.278743 0.038894 0.075984
2 0.585487 0.201876 0.044258 0.035341
2 0.771240 0.228382 0.057672 0.065381
2 0.691775 0.101597 0.055658 0.050361
2 0.255221 0.049470 0.051634 0.055663
2 0.332003 0.074208 0.061694 0.055663
2 0.298809 0.214246 0.050294 0.067149
2 0.273998 0.267257 0.038224 0.049476
2 0.223703 0.313200 0.063706 0.070680
2 0.216662 0.489904 0.053648 0.067149
2 0.257904 0.598576 0.070412 0.074216
