20 0.365 0.08166666666666667 0.0375 0.05
20 0.458125 0.085 0.03875 0.043333333333333335
20 0.39437500000000003 0.1325 0.03625 0.058333333333333334
20 0.44125000000000003 0.13416666666666668 0.0475 0.06166666666666667
20 0.439375 0.17083333333333334 0.03125 0.058333333333333334
20 0.474375 0.16 0.04625 0.04666666666666667
20 0.56875 0.1325 0.045 0.04166666666666667
20 0.48875 0.26416666666666666 0.05 0.07500000000000001
20 0.535625 0.3458333333333334 0.051250000000000004 0.06833333333333334
20 0.381875 0.195 0.03625 0.043333333333333335
20 0.32625 0.21416666666666667 0.03 0.06166666666666667
20 0.36062500000000003 0.22 0.03875 0.05
20 0.306875 0.24000000000000002 0.03125 0.05666666666666667
20 0.386875 0.30083333333333334 0.043750000000000004 0.065
20 0.42125 0.275 0.045 0.05
20 0.431875 0.32083333333333336 0.04625 0.06166666666666667
19 0.404375 0.35750000000000004 0.05375 0.065
19 0.593125 0.455 0.05375 0.08
19 0.28500000000000003 0.29500000000000004 0.05 0.07666666666666667
23 0.335 0.26166666666666666 0.0475 0.05666666666666667
23 0.321875 0.36333333333333334 0.05375 0.06666666666666667
20 0.314375 0.2941666666666667 0.03375 0.04166666666666667
20 0.348125 0.30583333333333335 0.03875 0.045000000000000005
20 0.106875 0.3566666666666667 0.043750000000000004 0.05333333333333334
20 0.09625 0.40750000000000003 0.04 0.06166666666666667
20 0.24 0.3875 0.0425 0.04166666666666667
20 0.320625 0.4116666666666667 0.043750000000000004 0.06333333333333334
25 0.275625 0.41000000000000003 0.05625 0.07666666666666667
20 0.276875 0.4866666666666667 0.04625 0.08333333333333334
20 0.24875 0.445 0.04 0.05333333333333334
20 0.32875 0.5691666666666667 0.0375 0.058333333333333334
20 0.426875 0.56 0.04625 0.07333333333333333
19 0.305625 0.5433333333333333 0.05375 0.08
19 0.431875 0.6458333333333334 0.07375 0.07500000000000001
20 0.18875 0.5216666666666667 0.0375 0.05333333333333334
20 0.259375 0.5925 0.03875 0.058333333333333334
23 0.2325 0.5591666666666667 0.0475 0.055
23 0.275625 0.655 0.051250000000000004 0.07666666666666667
20 0.245 0.6900000000000001 0.04 0.05333333333333334
20 0.286875 0.8741666666666668 0.04625 0.04833333333333334
20 0.43 0.8125 0.05 0.085
20 0.550625 0.8325 0.04125 0.06166666666666667
23 0.5125 0.9158333333333334 0.0575 0.058333333333333334
23 0.608125 0.88 0.04125 0.060000000000000005
20 0.641875 0.885 0.03625 0.060000000000000005
20 0.52125 0.9575 0.05 0.04166666666666667
20 0.713125 0.9058333333333334 0.03875 0.05166666666666667
20 0.9525 0.2991666666666667 0.0325 0.04833333333333334
20 0.974375 0.4008333333333334 0.03375 0.05166666666666667
