25 0.626875 0.21916666666666668 0.04125 0.058333333333333334
18 0.676875 0.2366666666666667 0.02875 0.04
25 0.73875 0.24666666666666667 0.0325 0.07
23 0.753125 0.26916666666666667 0.03625 0.045000000000000005
25 0.76125 0.31833333333333336 0.03 0.06333333333333334
24 0.701875 0.2941666666666667 0.04625 0.06166666666666667
23 0.798125 0.3716666666666667 0.02875 0.05
23 0.740625 0.4466666666666667 0.04875 0.05333333333333334
25 0.6675 0.3275 0.04 0.055
24 0.7075 0.5116666666666667 0.0625 0.05
24 0.7312500000000001 0.4708333333333334 0.0475 0.04833333333333334
23 0.45437500000000003 0.3983333333333334 0.043750000000000004 0.03666666666666667
