24 0.28875 0.21916666666666668 0.0325 0.055
19 0.33437500000000003 0.24916666666666668 0.02875 0.04833333333333334
19 0.306875 0.27 0.03875 0.06333333333333334
19 0.285625 0.3141666666666667 0.03375 0.05166666666666667
18 0.351875 0.18166666666666667 0.02375 0.04
19 0.448125 0.2525 0.043750000000000004 0.06166666666666667
19 0.205625 0.4425 0.03875 0.045000000000000005
24 0.37875000000000003 0.18666666666666668 0.0375 0.060000000000000005
19 0.260625 0.33916666666666667 0.02625 0.03833333333333334
11 0.28500000000000003 0.35583333333333333 0.035 0.045000000000000005
19 0.265625 0.5366666666666667 0.043750000000000004 0.05
18 0.289375 0.5850000000000001 0.02375 0.02666666666666667
19 0.364375 0.5966666666666667 0.051250000000000004 0.060000000000000005
11 0.413125 0.5241666666666667 0.02375 0.05166666666666667
19 0.470625 0.5666666666666667 0.04125 0.05666666666666667
19 0.455625 0.5866666666666667 0.03625 0.03333333333333333
19 0.46875 0.6408333333333334 0.04 0.035
19 0.48375 0.5800000000000001 0.0275 0.03666666666666667
19 0.42375 0.6991666666666667 0.0425 0.05166666666666667
19 0.49375 0.6825 0.045 0.058333333333333334
19 0.46375 0.7416666666666667 0.0325 0.05
19 0.34375 0.7291666666666667 0.0275 0.04833333333333334
19 0.35625 0.7791666666666667 0.0375 0.03833333333333334
19 0.33625 0.7941666666666667 0.04 0.045000000000000005
19 0.3 0.7816666666666667 0.0375 0.05333333333333334
11 0.323125 0.8216666666666668 0.03375 0.043333333333333335
19 0.5975 0.8250000000000001 0.03 0.05666666666666667
19 0.60875 0.8366666666666667 0.0325 0.043333333333333335
19 0.553125 0.8566666666666667 0.043750000000000004 0.04666666666666667
19 0.47125 0.8183333333333334 0.035 0.04
19 0.47250000000000003 0.8866666666666667 0.03 0.03333333333333333
19 0.57875 0.7400000000000001 0.0225 0.05
19 0.67375 0.7733333333333334 0.0375 0.06666666666666667
20 0.6531250000000001 0.7983333333333333 0.02375 0.05
19 0.6637500000000001 0.7108333333333334 0.0575 0.04833333333333334
19 0.714375 0.675 0.03875 0.060000000000000005
19 0.739375 0.6616666666666667 0.02875 0.05333333333333334
19 0.76125 0.6466666666666667 0.02 0.05333333333333334
19 0.62 0.6716666666666667 0.0425 0.05666666666666667
19 0.5575 0.6050000000000001 0.0375 0.05333333333333334
19 0.6775 0.5508333333333334 0.035 0.05166666666666667
19 0.624375 0.5383333333333333 0.04625 0.060000000000000005
19 0.645 0.5533333333333333 0.055 0.05333333333333334
21 0.65375 0.6166666666666667 0.0475 0.060000000000000005
21 0.584375 0.6183333333333334 0.03625 0.04666666666666667
19 0.701875 0.49833333333333335 0.04125 0.04
19 0.670625 0.455 0.03625 0.06666666666666667
19 0.626875 0.4691666666666667 0.03125 0.045000000000000005
19 0.58625 0.44333333333333336 0.0375 0.060000000000000005
19 0.72375 0.42083333333333334 0.05 0.04833333333333334
19 0.703125 0.45 0.02625 0.04666666666666667
20 0.7425 0.43500000000000005 0.0275 0.03666666666666667
19 0.719375 0.34833333333333333 0.04125 0.05666666666666667
24 0.631875 0.35333333333333333 0.04625 0.05333333333333334
19 0.640625 0.3925 0.04125 0.045000000000000005
19 0.693125 0.2841666666666667 0.03625 0.04833333333333334
19 0.658125 0.27666666666666667 0.043750000000000004 0.05666666666666667
11 0.625625 0.2808333333333333 0.03125 0.04833333333333334
11 0.525625 0.21583333333333335 0.04125 0.035
18 0.555625 0.21083333333333334 0.02375 0.03166666666666667
19 0.510625 0.1875 0.03875 0.05166666666666667
19 0.511875 0.465 0.05375 0.04666666666666667
