11 0.13125 0.39083333333333337 0.04 0.06166666666666667
11 0.12625 0.47500000000000003 0.0425 0.05
11 0.185 0.4625 0.035 0.06833333333333334
11 0.1325 0.6433333333333334 0.0375 0.07
11 0.153125 0.7183333333333334 0.03875 0.04666666666666667
11 0.185625 0.7175 0.03375 0.065
11 0.21937500000000001 0.8341666666666667 0.02875 0.065
11 0.279375 0.8975000000000001 0.03875 0.05166666666666667
11 0.36062500000000003 0.9566666666666668 0.03625 0.04666666666666667
11 0.45625 0.9775 0.03 0.035
11 0.531875 0.7266666666666667 0.043750000000000004 0.060000000000000005
11 0.609375 0.9566666666666668 0.03375 0.03666666666666667
11 0.675 0.9108333333333334 0.0425 0.05166666666666667
11 0.704375 0.8841666666666668 0.04125 0.055
11 0.8200000000000001 0.7333333333333334 0.035 0.06666666666666667
11 0.591875 0.5908333333333333 0.03875 0.065
11 0.74125 0.42333333333333334 0.0375 0.06333333333333334
11 0.7025 0.4091666666666667 0.045 0.058333333333333334
11 0.663125 0.3791666666666667 0.03625 0.06833333333333334
11 0.55375 0.47250000000000003 0.06 0.045000000000000005
11 0.503125 0.5025000000000001 0.03625 0.065
11 0.478125 0.39916666666666667 0.051250000000000004 0.045000000000000005
11 0.435 0.3741666666666667 0.0475 0.045000000000000005
11 0.386875 0.4575 0.05625 0.04166666666666667
11 0.39 0.3375 0.0525 0.045000000000000005
11 0.38875 0.28583333333333333 0.0525 0.05166666666666667
11 0.719375 0.31583333333333335 0.04125 0.05166666666666667
11 0.754375 0.28500000000000003 0.03375 0.060000000000000005
11 0.8043750000000001 0.30583333333333335 0.02625 0.05166666666666667
11 0.805625 0.35250000000000004 0.03875 0.04166666666666667
11 0.820625 0.395 0.04125 0.043333333333333335
11 0.8456250000000001 0.4366666666666667 0.03875 0.043333333333333335
11 0.8475 0.3491666666666667 0.035 0.04166666666666667
11 0.8356250000000001 0.2966666666666667 0.03125 0.05666666666666667
11 0.75 0.22333333333333336 0.045 0.043333333333333335
11 0.800625 0.2541666666666667 0.03125 0.05166666666666667
11 0.791875 0.20916666666666667 0.043750000000000004 0.03833333333333334
11 0.665 0.0625 0.0475 0.04833333333333334
11 0.4825 0.05583333333333334 0.05 0.05166666666666667
11 0.375625 0.016666666666666666 0.05625 0.03333333333333333
11 0.323125 0.04166666666666667 0.03375 0.060000000000000005
21 0.48625 0.7083333333333334 0.0725 0.05333333333333334
18 0.373125 0.07166666666666667 0.04125 0.03333333333333333
18 0.29625 0.06833333333333334 0.0375 0.02666666666666667
18 0.236875 0.13333333333333333 0.03125 0.02666666666666667
18 0.234375 0.16 0.02875 0.023333333333333334
18 0.225625 0.18416666666666667 0.02625 0.035
18 0.263125 0.30083333333333334 0.03125 0.028333333333333335
18 0.28125 0.3116666666666667 0.0225 0.03333333333333333
18 0.253125 0.33083333333333337 0.03125 0.03166666666666667
18 0.214375 0.325 0.02375 0.043333333333333335
18 0.4475 0.26416666666666666 0.0325 0.03166666666666667
18 0.3525 0.2866666666666667 0.0325 0.03333333333333333
18 0.21937500000000001 0.5683333333333334 0.03375 0.04
18 0.3275 0.5833333333333334 0.025 0.043333333333333335
18 0.280625 0.6958333333333334 0.03125 0.035
18 0.200625 0.8 0.02375 0.03333333333333333
18 0.333125 0.8408333333333334 0.03375 0.04166666666666667
18 0.24375 0.8333333333333334 0.0275 0.04
18 0.24875 0.8108333333333334 0.02 0.03166666666666667
18 0.22187500000000002 0.7866666666666667 0.02875 0.03333333333333333
18 0.3975 0.9708333333333334 0.0275 0.025
18 0.55 0.9766666666666667 0.0225 0.02666666666666667
18 0.54625 0.9466666666666668 0.03 0.023333333333333334
18 0.640625 0.8808333333333334 0.03125 0.035
18 0.6481250000000001 0.68 0.02625 0.043333333333333335
18 0.75125 0.5216666666666667 0.0325 0.02666666666666667
18 0.83625 0.6383333333333334 0.035 0.03333333333333333
18 0.8562500000000001 0.6950000000000001 0.0275 0.03333333333333333
24 0.318125 0.7475 0.043750000000000004 0.058333333333333334
24 0.176875 0.2675 0.04875 0.058333333333333334
19 0.358125 0.24583333333333335 0.04875 0.055
23 0.794375 0.68 0.05375 0.06333333333333334
18 0.19375 0.5041666666666667 0.0325 0.028333333333333335
18 0.20125 0.62 0.0225 0.03666666666666667
18 0.505625 0.76 0.03625 0.03666666666666667
18 0.839375 0.5583333333333333 0.02125 0.04
18 0.85875 0.5216666666666667 0.025 0.04666666666666667
18 0.546875 0.04416666666666667 0.03625 0.03833333333333334
20 0.5525 0.23500000000000001 0.0375 0.043333333333333335
20 0.335625 0.6333333333333334 0.03625 0.043333333333333335
