18 0.151875 0.4083333333333334 0.02875 0.043333333333333335
20 0.105 0.5308333333333334 0.0375 0.05166666666666667
20 0.146875 0.5308333333333334 0.02375 0.055
20 0.170625 0.5791666666666667 0.03625 0.05166666666666667
20 0.185625 0.6316666666666667 0.03875 0.05333333333333334
20 0.216875 0.6275000000000001 0.03125 0.05166666666666667
20 0.140625 0.645 0.043750000000000004 0.06333333333333334
20 0.1475 0.6900000000000001 0.04 0.060000000000000005
20 0.105 0.6841666666666667 0.0375 0.05166666666666667
19 0.25 0.6675000000000001 0.0525 0.095
20 0.35125 0.8225 0.0325 0.07833333333333334
20 0.340625 0.7775000000000001 0.04875 0.045000000000000005
20 0.288125 0.7983333333333333 0.02875 0.060000000000000005
20 0.246875 0.7925000000000001 0.04875 0.03833333333333334
20 0.33375 0.9116666666666667 0.03 0.05333333333333334
20 0.326875 0.9491666666666667 0.04625 0.05166666666666667
20 0.28500000000000003 0.9475 0.0375 0.045000000000000005
20 0.388125 0.9508333333333334 0.043750000000000004 0.055
20 0.401875 0.8941666666666668 0.03375 0.03833333333333334
20 0.438125 0.8316666666666667 0.04125 0.04666666666666667
20 0.5075000000000001 0.8375 0.0425 0.04833333333333334
20 0.480625 0.7883333333333333 0.03875 0.060000000000000005
20 0.575625 0.9225000000000001 0.043750000000000004 0.055
20 0.520625 0.9241666666666667 0.03625 0.05166666666666667
20 0.6481250000000001 0.795 0.02375 0.05
20 0.62 0.7858333333333334 0.03 0.04166666666666667
20 0.663125 0.7350000000000001 0.051250000000000004 0.05333333333333334
20 0.7368750000000001 0.8783333333333334 0.03625 0.04
20 0.704375 0.8466666666666667 0.03875 0.05333333333333334
20 0.744375 0.8116666666666668 0.04125 0.060000000000000005
20 0.718125 0.6725000000000001 0.043750000000000004 0.07166666666666667
20 0.8075 0.6066666666666667 0.04 0.04666666666666667
20 0.5975 0.5358333333333334 0.065 0.065
20 0.6687500000000001 0.49583333333333335 0.035 0.06166666666666667
20 0.69125 0.5183333333333333 0.0275 0.04
20 0.83875 0.42500000000000004 0.04 0.06666666666666667
20 0.816875 0.375 0.03125 0.04
20 0.483125 0.38833333333333336 0.03625 0.07333333333333333
20 0.7000000000000001 0.18166666666666667 0.0675 0.07333333333333333
20 0.615 0.035 0.04 0.05666666666666667
20 0.850625 0.2566666666666667 0.04125 0.060000000000000005
20 0.959375 0.6958333333333334 0.03125 0.04833333333333334
20 0.859375 0.675 0.04125 0.07333333333333333
20 0.7675000000000001 0.5891666666666667 0.045 0.095
7 0.7262500000000001 0.525 0.0675 0.13333333333333333
18 0.55125 0.9533333333333334 0.03 0.02666666666666667
18 0.48812500000000003 0.8650000000000001 0.02375 0.04
18 0.183125 0.7366666666666667 0.043750000000000004 0.07333333333333333
