11 0.238125 0.2575 0.02125 0.045000000000000005
11 0.371875 0.2625 0.03625 0.03833333333333334
11 0.29375 0.35250000000000004 0.03 0.055
11 0.17375000000000002 0.4741666666666667 0.025 0.04833333333333334
11 0.274375 0.4783333333333334 0.03375 0.05
11 0.321875 0.4416666666666667 0.02125 0.060000000000000005
11 0.31 0.4808333333333334 0.03 0.05166666666666667
11 0.35375 0.48000000000000004 0.04 0.04
11 0.226875 0.5141666666666667 0.03375 0.04166666666666667
11 0.388125 0.38333333333333336 0.02625 0.05
11 0.385 0.44083333333333335 0.03 0.05166666666666667
11 0.415625 0.43500000000000005 0.03125 0.04666666666666667
11 0.35125 0.42500000000000004 0.0275 0.05666666666666667
11 0.463125 0.46166666666666667 0.03875 0.03666666666666667
11 0.37875000000000003 0.5141666666666667 0.0425 0.03833333333333334
11 0.4475 0.5333333333333333 0.0375 0.04
11 0.375625 0.5808333333333334 0.03625 0.04833333333333334
11 0.39437500000000003 0.6316666666666667 0.03375 0.05
11 0.3725 0.6833333333333333 0.0175 0.05
11 0.34625 0.7150000000000001 0.035 0.030000000000000002
11 0.33875 0.7566666666666667 0.03 0.05
11 0.299375 0.6491666666666667 0.03375 0.035
11 0.211875 0.5858333333333333 0.02625 0.028333333333333335
11 0.451875 0.65 0.03375 0.04666666666666667
11 0.484375 0.6525000000000001 0.03375 0.03833333333333334
11 0.486875 0.6050000000000001 0.03375 0.05333333333333334
11 0.43062500000000004 0.7775000000000001 0.02375 0.045000000000000005
11 0.47000000000000003 0.7566666666666667 0.04 0.043333333333333335
11 0.504375 0.7716666666666667 0.02625 0.043333333333333335
11 0.5425 0.7558333333333334 0.025 0.055
11 0.5231250000000001 0.7025 0.03625 0.04833333333333334
11 0.59 0.7275 0.04 0.03833333333333334
11 0.61125 0.6900000000000001 0.0375 0.03666666666666667
11 0.64375 0.6391666666666667 0.0325 0.03833333333333334
11 0.633125 0.5741666666666667 0.03875 0.04166666666666667
11 0.669375 0.5816666666666667 0.02625 0.05666666666666667
11 0.49625 0.5258333333333334 0.0375 0.04166666666666667
11 0.515 0.5675 0.0425 0.03833333333333334
11 0.544375 0.5650000000000001 0.02875 0.05
11 0.561875 0.5458333333333334 0.03375 0.045000000000000005
11 0.573125 0.49250000000000005 0.03375 0.04166666666666667
11 0.5906250000000001 0.46166666666666667 0.03125 0.03666666666666667
11 0.62 0.4808333333333334 0.0375 0.028333333333333335
11 0.633125 0.5108333333333334 0.02125 0.04166666666666667
11 0.633125 0.4608333333333334 0.03375 0.035
11 0.68625 0.4516666666666667 0.04 0.04
11 0.714375 0.48500000000000004 0.03375 0.03333333333333333
11 0.735625 0.5216666666666667 0.01875 0.043333333333333335
11 0.760625 0.5108333333333334 0.02625 0.05166666666666667
11 0.7425 0.6266666666666667 0.0175 0.04666666666666667
11 0.720625 0.6383333333333334 0.02125 0.043333333333333335
11 0.691875 0.6075 0.02875 0.05166666666666667
11 0.441875 0.8600000000000001 0.03875 0.03333333333333333
11 0.535625 0.8175 0.02875 0.03166666666666667
11 0.528125 0.8516666666666667 0.02625 0.04
11 0.555 0.8591666666666667 0.0225 0.035
11 0.638125 0.8316666666666667 0.02875 0.023333333333333334
11 0.664375 0.8141666666666667 0.02625 0.045000000000000005
11 0.67875 0.7616666666666667 0.035 0.043333333333333335
11 0.626875 0.7591666666666668 0.02875 0.04833333333333334
11 0.51 0.44083333333333335 0.04 0.03833333333333334
11 0.539375 0.42833333333333334 0.02375 0.05
11 0.563125 0.4266666666666667 0.02875 0.05333333333333334
11 0.509375 0.4033333333333334 0.03375 0.030000000000000002
11 0.45375 0.3791666666666667 0.035 0.03833333333333334
11 0.420625 0.36500000000000005 0.03875 0.03666666666666667
11 0.45 0.3441666666666667 0.0375 0.028333333333333335
11 0.484375 0.3491666666666667 0.02875 0.055
11 0.51375 0.36333333333333334 0.0325 0.03333333333333333
11 0.568125 0.33 0.02875 0.043333333333333335
11 0.6075 0.37083333333333335 0.035 0.03833333333333334
11 0.636875 0.37833333333333335 0.03625 0.03333333333333333
11 0.626875 0.4091666666666667 0.04125 0.035
11 0.6531250000000001 0.44333333333333336 0.04625 0.03666666666666667
11 0.75125 0.4 0.0325 0.04666666666666667
11 0.71625 0.4 0.035 0.030000000000000002
11 0.6743750000000001 0.38583333333333336 0.03625 0.03833333333333334
11 0.708125 0.3566666666666667 0.02625 0.04666666666666667
11 0.7425 0.35333333333333333 0.025 0.04666666666666667
11 0.753125 0.335 0.02625 0.05
11 0.720625 0.3241666666666667 0.02875 0.035
11 0.73625 0.29083333333333333 0.025 0.035
11 0.6925 0.31083333333333335 0.0225 0.04166666666666667
11 0.669375 0.31833333333333336 0.03625 0.04
11 0.7075 0.28583333333333333 0.03 0.03833333333333334
11 0.718125 0.25333333333333335 0.03625 0.03333333333333333
11 0.6775 0.275 0.03 0.03666666666666667
11 0.6625 0.2941666666666667 0.04 0.03833333333333334
11 0.63625 0.3458333333333334 0.035 0.03833333333333334
11 0.6325000000000001 0.3166666666666667 0.0325 0.03333333333333333
11 0.624375 0.28 0.03625 0.03666666666666667
11 0.6875 0.21000000000000002 0.03 0.03666666666666667
11 0.65125 0.23750000000000002 0.0375 0.03833333333333334
11 0.6625 0.19833333333333333 0.0225 0.04
11 0.631875 0.20750000000000002 0.02875 0.035
11 0.6012500000000001 0.22166666666666668 0.035 0.030000000000000002
11 0.58375 0.2941666666666667 0.0325 0.03166666666666667
11 0.564375 0.2816666666666667 0.02375 0.05333333333333334
11 0.539375 0.29083333333333333 0.03375 0.03166666666666667
11 0.5181250000000001 0.2991666666666667 0.03875 0.028333333333333335
11 0.529375 0.3375 0.02625 0.04166666666666667
11 0.505625 0.3275 0.02375 0.03833333333333334
11 0.433125 0.30583333333333335 0.02875 0.045000000000000005
11 0.41000000000000003 0.2816666666666667 0.04 0.03666666666666667
11 0.458125 0.28750000000000003 0.03125 0.03833333333333334
11 0.4375 0.26083333333333336 0.0275 0.03833333333333334
11 0.415625 0.24166666666666667 0.02375 0.04666666666666667
11 0.468125 0.25083333333333335 0.02625 0.04166666666666667
11 0.540625 0.22833333333333336 0.02375 0.043333333333333335
11 0.5725 0.22583333333333336 0.0275 0.04833333333333334
11 0.555625 0.1991666666666667 0.02375 0.04166666666666667
11 0.569375 0.18666666666666668 0.02125 0.03666666666666667
11 0.596875 0.19333333333333336 0.03375 0.03333333333333333
11 0.540625 0.1525 0.02875 0.03833333333333334
11 0.5231250000000001 0.20083333333333334 0.02875 0.021666666666666667
11 0.513125 0.17333333333333334 0.02375 0.043333333333333335
11 0.49375 0.17666666666666667 0.025 0.043333333333333335
11 0.495 0.21583333333333335 0.03 0.035
11 0.46 0.2025 0.0275 0.03166666666666667
11 0.46625 0.16583333333333333 0.035 0.035
11 0.43375 0.1925 0.025 0.03166666666666667
11 0.4275 0.1575 0.025 0.035
11 0.39437500000000003 0.16 0.03875 0.03333333333333333
11 0.393125 0.17916666666666667 0.03125 0.035
11 0.35625 0.19 0.0225 0.03666666666666667
11 0.34625 0.21500000000000002 0.0325 0.04
11 0.335625 0.19083333333333335 0.02125 0.03166666666666667
11 0.326875 0.1525 0.02375 0.045000000000000005
11 0.3525 0.14666666666666667 0.0225 0.04666666666666667
22 0.31625000000000003 0.35750000000000004 0.035 0.028333333333333335
27 0.506875 0.2625 0.02625 0.04833333333333334
27 0.481875 0.30250000000000005 0.02875 0.04833333333333334
27 0.5650000000000001 0.3666666666666667 0.04 0.04
27 0.5975 0.4166666666666667 0.04 0.06333333333333334
27 0.734375 0.5783333333333334 0.03375 0.05
27 0.72 0.6033333333333334 0.0275 0.03666666666666667
27 0.606875 0.6025 0.03375 0.058333333333333334
27 0.515625 0.6225 0.03875 0.04166666666666667
27 0.489375 0.6925 0.02625 0.045000000000000005
27 0.475625 0.7166666666666667 0.04125 0.05333333333333334
27 0.650625 0.7625000000000001 0.02375 0.04166666666666667
27 0.255 0.6041666666666667 0.0375 0.045000000000000005
27 0.22625 0.5575 0.03 0.045000000000000005
18 0.320625 0.23833333333333334 0.02625 0.03333333333333333
19 0.376875 0.21583333333333335 0.02875 0.045000000000000005
