18 0.31625000000000003 0.5283333333333333 0.025 0.030000000000000002
18 0.3075 0.5800000000000001 0.0275 0.03666666666666667
18 0.3425 0.5591666666666667 0.025 0.035
18 0.356875 0.6241666666666668 0.01875 0.04166666666666667
18 0.314375 0.68 0.02625 0.023333333333333334
18 0.248125 0.7225 0.02375 0.03166666666666667
18 0.33437500000000003 0.7641666666666667 0.02375 0.025
19 0.26625 0.5533333333333333 0.0425 0.05333333333333334
19 0.40875 0.63 0.0375 0.060000000000000005
19 0.255625 0.6733333333333333 0.02875 0.06666666666666667
19 0.698125 0.625 0.043750000000000004 0.05333333333333334
19 0.62375 0.6641666666666667 0.04 0.058333333333333334
19 0.500625 0.5825 0.05375 0.06833333333333334
18 0.498125 0.5491666666666667 0.03125 0.03166666666666667
18 0.519375 0.42333333333333334 0.02875 0.04
