19 0.45937500000000003 0.09250000000000001 0.04875 0.08833333333333333
11 0.204375 0.05583333333333334 0.04625 0.06833333333333334
11 0.26625 0.07916666666666668 0.0475 0.07500000000000001
11 0.38125000000000003 0.28750000000000003 0.0725 0.06166666666666667
11 0.49375 0.2991666666666667 0.075 0.058333333333333334
11 0.40875 0.5575 0.05 0.055
11 0.33 0.7275 0.0425 0.07833333333333334
11 0.70625 0.6925 0.04 0.09833333333333334
18 0.265625 0.16666666666666669 0.03125 0.05
18 0.16375 0.23833333333333334 0.0325 0.03666666666666667
18 0.18 0.315 0.0325 0.03666666666666667
18 0.155625 0.36250000000000004 0.03375 0.04166666666666667
18 0.1775 0.3925 0.0275 0.035
18 0.074375 0.4758333333333334 0.03375 0.045000000000000005
18 0.12125 0.48250000000000004 0.0225 0.05166666666666667
18 0.07125000000000001 0.5275000000000001 0.0325 0.045000000000000005
18 0.0925 0.5325000000000001 0.03 0.05166666666666667
18 0.093125 0.6116666666666667 0.03625 0.03333333333333333
18 0.08375 0.6516666666666667 0.025 0.05333333333333334
18 0.048125 0.6958333333333334 0.03125 0.03166666666666667
18 0.10312500000000001 0.6566666666666667 0.02625 0.05
18 0.13625 0.6033333333333334 0.03 0.04
18 0.1575 0.5658333333333334 0.03 0.04833333333333334
18 0.205625 0.4808333333333334 0.02875 0.03833333333333334
18 0.204375 0.44333333333333336 0.02875 0.043333333333333335
19 0.315625 0.5216666666666667 0.043750000000000004 0.07666666666666667
18 0.18812500000000001 0.6283333333333334 0.02875 0.04666666666666667
18 0.23125 0.8166666666666668 0.035 0.04666666666666667
18 0.1875 0.8341666666666667 0.0325 0.05166666666666667
18 0.206875 0.8166666666666668 0.02125 0.04666666666666667
18 0.14250000000000002 0.8258333333333334 0.035 0.05166666666666667
18 0.205625 0.7541666666666668 0.03125 0.05166666666666667
18 0.23750000000000002 0.7616666666666667 0.03 0.05
18 0.2475 0.7375 0.025 0.055
18 0.27187500000000003 0.7241666666666667 0.03125 0.04833333333333334
18 0.22 0.7225 0.0325 0.045000000000000005
18 0.384375 0.7408333333333333 0.043750000000000004 0.04166666666666667
18 0.37375 0.7725000000000001 0.03 0.04833333333333334
18 0.4175 0.7766666666666667 0.04 0.03666666666666667
18 0.420625 0.8116666666666668 0.02875 0.04666666666666667
18 0.385 0.8291666666666667 0.0275 0.055
18 0.19625 0.8825000000000001 0.0275 0.04166666666666667
18 0.25625 0.8891666666666668 0.0375 0.03166666666666667
18 0.278125 0.9225000000000001 0.02125 0.03833333333333334
18 0.3 0.9391666666666667 0.0275 0.035
18 0.30375 0.9116666666666667 0.035 0.030000000000000002
18 0.32 0.9 0.035 0.02666666666666667
18 0.290625 0.8808333333333334 0.03125 0.03833333333333334
18 0.326875 0.8491666666666667 0.02625 0.03166666666666667
18 0.346875 0.8516666666666667 0.03625 0.043333333333333335
18 0.380625 0.9783333333333334 0.02875 0.02666666666666667
18 0.405 0.9633333333333334 0.02 0.04
18 0.365 0.9258333333333334 0.0325 0.04166666666666667
18 0.415625 0.9041666666666667 0.03125 0.03166666666666667
18 0.41375 0.8491666666666667 0.0225 0.04833333333333334
18 0.4425 0.6683333333333333 0.03 0.04666666666666667
18 0.45625 0.7341666666666667 0.0275 0.04833333333333334
18 0.538125 0.8383333333333334 0.02625 0.05
18 0.499375 0.8208333333333334 0.03125 0.03833333333333334
18 0.44125000000000003 0.8391666666666667 0.025 0.04166666666666667
18 0.46375 0.8650000000000001 0.03 0.043333333333333335
18 0.48812500000000003 0.8541666666666667 0.02875 0.04833333333333334
18 0.46187500000000004 0.9241666666666667 0.03875 0.045000000000000005
18 0.505625 0.8958333333333334 0.03625 0.045000000000000005
18 0.593125 0.9325000000000001 0.02875 0.03166666666666667
18 0.59 0.7775000000000001 0.0325 0.045000000000000005
18 0.68875 0.8625 0.0375 0.03833333333333334
18 0.624375 0.9275000000000001 0.03375 0.04166666666666667
18 0.625 0.8533333333333334 0.0375 0.03666666666666667
18 0.65375 0.8558333333333333 0.035 0.04833333333333334
18 0.6825 0.785 0.0275 0.043333333333333335
18 0.771875 0.7066666666666667 0.02625 0.04666666666666667
18 0.70375 0.615 0.0425 0.043333333333333335
18 0.56125 0.5416666666666667 0.0325 0.04666666666666667
18 0.73625 0.5625 0.0325 0.03166666666666667
18 0.731875 0.525 0.03625 0.04666666666666667
18 0.70375 0.5483333333333333 0.035 0.05
18 0.781875 0.5708333333333334 0.03875 0.04833333333333334
18 0.81 0.5516666666666667 0.035 0.03666666666666667
18 0.86 0.545 0.035 0.03666666666666667
18 0.779375 0.43583333333333335 0.02625 0.04833333333333334
18 0.8618750000000001 0.46166666666666667 0.03125 0.05
18 0.8406250000000001 0.32833333333333337 0.02625 0.05
18 0.789375 0.32916666666666666 0.03625 0.03833333333333334
18 0.30375 0.6075 0.035 0.05166666666666667
18 0.35875 0.66 0.04 0.05666666666666667
18 0.7175 0.2866666666666667 0.04 0.05666666666666667
