11 0.698613 0.241382 0.042963 0.091484
5 0.345410 0.353289 0.049728 0.089842
7 0.423210 0.566013 0.033707 0.167052
7 0.410440 0.302581 0.112803 0.073350
7 0.476466 0.119786 0.054670 0.109733
7 0.537872 0.474980 0.045813 0.146696
7 0.664149 0.452743 0.048894 0.173843
7 0.627170 0.348496 0.032687 0.173268
5 0.514772 0.342432 0.050434 0.123021
5 0.591001 0.420401 0.051974 0.126482
5 0.559007 0.579227 0.056594 0.108003
5 0.615794 0.562478 0.045429 0.119552
5 0.422952 0.632940 0.070068 0.089520
5 0.396349 0.749893 0.053128 0.135146
11 0.496448 0.674233 0.067758 0.117818
11 0.857029 0.724480 0.076611 0.130526
11 0.698953 0.746716 0.066218 0.134571
11 0.427503 0.371127 0.060897 0.044564
11 0.374528 0.253166 0.074843 0.080395
11 0.349811 0.428509 0.061443 0.069306
11 0.421652 0.425044 0.080386 0.065146
11 0.489101 0.477024 0.044352 0.130296
11 0.398321 0.512948 0.041116 0.118513
11 0.351891 0.524151 0.047124 0.121978
11 0.572259 0.254205 0.048971 0.111583
11 0.478013 0.238264 0.046199 0.137917
11 0.723560 0.361629 0.079000 0.075545
11 0.781077 0.583753 0.056363 0.133067
11 0.616609 0.672466 0.077614 0.088710
11 0.571335 0.784049 0.069298 0.139997
