11 0.45875 0.14500000000000002 0.05 0.08333333333333334
11 0.39687500000000003 0.3541666666666667 0.06625 0.10166666666666667
11 0.21625 0.4991666666666667 0.0475 0.09833333333333334
11 0.379375 0.5075000000000001 0.04875 0.08166666666666667
11 0.475625 0.4633333333333334 0.06625 0.07
18 0.169375 0.5866666666666667 0.02875 0.060000000000000005
11 0.32125 0.7150000000000001 0.0625 0.05333333333333334
11 0.39875 0.7225 0.0575 0.06166666666666667
11 0.543125 0.925 0.06625 0.06333333333333334
11 0.63125 0.7041666666666667 0.065 0.058333333333333334
11 0.7106250000000001 0.6641666666666667 0.04625 0.08833333333333333
11 0.7781250000000001 0.4516666666666667 0.04875 0.08333333333333334
11 0.489375 0.41250000000000003 0.05375 0.08833333333333333
11 0.9712500000000001 0.4708333333333334 0.0475 0.06166666666666667
11 0.975 0.5941666666666667 0.0425 0.085
