11 0.18937500000000002 0.21916666666666668 0.058750000000000004 0.065
11 0.18625 0.29500000000000004 0.0425 0.08666666666666667
11 0.496875 0.18333333333333335 0.07375 0.06666666666666667
11 0.971875 0.375 0.04125 0.07333333333333333
11 0.979375 0.4391666666666667 0.03875 0.07833333333333334
11 0.760625 0.465 0.03875 0.09333333333333334
11 0.7225 0.4891666666666667 0.0475 0.09833333333333334
11 0.45625 0.5116666666666667 0.055 0.09000000000000001
11 0.440625 0.5850000000000001 0.07375 0.07333333333333333
11 0.61 0.6841666666666667 0.06 0.07166666666666667
11 0.079375 0.8216666666666668 0.05375 0.07
11 0.6118750000000001 0.7591666666666668 0.07375 0.055
11 0.71375 0.7975000000000001 0.0525 0.058333333333333334
11 0.7225 0.8600000000000001 0.055 0.05666666666666667
11 0.558125 0.9241666666666667 0.04625 0.07833333333333334
18 0.66125 0.2775 0.0325 0.04833333333333334
