19 0.405 0.22416666666666668 0.0425 0.04833333333333334
19 0.39625 0.17500000000000002 0.04 0.05
19 0.35125 0.21666666666666667 0.0275 0.05333333333333334
19 0.448125 0.2391666666666667 0.03625 0.058333333333333334
19 0.325625 0.28250000000000003 0.043750000000000004 0.058333333333333334
11 0.38125000000000003 0.26833333333333337 0.0225 0.060000000000000005
19 0.22 0.31333333333333335 0.0325 0.043333333333333335
19 0.225 0.36750000000000005 0.025 0.055
19 0.2575 0.3666666666666667 0.04 0.05666666666666667
19 0.24 0.4316666666666667 0.0325 0.04
19 0.28625 0.5433333333333333 0.0225 0.05
19 0.385 0.5858333333333333 0.0425 0.045000000000000005
19 0.40125 0.66 0.0475 0.060000000000000005
19 0.261875 0.6341666666666667 0.043750000000000004 0.055
19 0.33125 0.6908333333333334 0.04 0.05166666666666667
19 0.36312500000000003 0.6991666666666667 0.03625 0.055
19 0.43625 0.6933333333333334 0.025 0.060000000000000005
19 0.465625 0.6208333333333333 0.04625 0.035
19 0.421875 0.755 0.03125 0.05333333333333334
19 0.464375 0.7666666666666667 0.04125 0.04
19 0.47250000000000003 0.7041666666666667 0.0325 0.055
19 0.33125 0.7633333333333334 0.035 0.04666666666666667
19 0.35625 0.795 0.035 0.04666666666666667
19 0.3925 0.7991666666666667 0.03 0.04833333333333334
19 0.401875 0.8558333333333333 0.03625 0.055
19 0.36562500000000003 0.8450000000000001 0.05375 0.04666666666666667
19 0.4575 0.8733333333333334 0.0325 0.04666666666666667
19 0.4525 0.9125000000000001 0.0375 0.045000000000000005
19 0.4525 0.8358333333333334 0.0375 0.04166666666666667
19 0.5337500000000001 0.8425 0.0375 0.05166666666666667
19 0.5575 0.8458333333333334 0.0325 0.04833333333333334
19 0.631875 0.8158333333333334 0.03625 0.03833333333333334
19 0.659375 0.8108333333333334 0.02875 0.05166666666666667
19 0.618125 0.8408333333333334 0.043750000000000004 0.04833333333333334
19 0.614375 0.7883333333333333 0.03125 0.04666666666666667
19 0.686875 0.79 0.03625 0.05
19 0.71 0.7658333333333334 0.0375 0.04166666666666667
19 0.68875 0.7416666666666667 0.02 0.043333333333333335
19 0.708125 0.7166666666666667 0.03625 0.04
19 0.6587500000000001 0.7075 0.0375 0.045000000000000005
19 0.6625 0.75 0.035 0.05333333333333334
19 0.629375 0.7558333333333334 0.04125 0.045000000000000005
19 0.62125 0.7075 0.045 0.04166666666666667
19 0.63125 0.6616666666666667 0.035 0.04666666666666667
19 0.59125 0.6725000000000001 0.0375 0.05166666666666667
19 0.575625 0.7341666666666667 0.02875 0.045000000000000005
19 0.55375 0.7283333333333334 0.035 0.04666666666666667
19 0.536875 0.6966666666666667 0.043750000000000004 0.02666666666666667
19 0.5337500000000001 0.6591666666666667 0.0375 0.058333333333333334
19 0.550625 0.6266666666666667 0.03375 0.05
19 0.53125 0.5825 0.035 0.06166666666666667
19 0.644375 0.62 0.051250000000000004 0.04666666666666667
19 0.700625 0.6258333333333334 0.03625 0.045000000000000005
19 0.708125 0.6008333333333333 0.03625 0.04833333333333334
19 0.745625 0.6025 0.02875 0.05166666666666667
19 0.6775 0.5908333333333333 0.0325 0.07500000000000001
19 0.750625 0.5525 0.03375 0.04833333333333334
19 0.719375 0.5691666666666667 0.03875 0.06833333333333334
19 0.6950000000000001 0.54 0.0175 0.04666666666666667
19 0.76375 0.48250000000000004 0.0375 0.04833333333333334
19 0.7075 0.4891666666666667 0.035 0.07166666666666667
19 0.67625 0.49500000000000005 0.0325 0.05666666666666667
19 0.654375 0.5366666666666667 0.04625 0.05333333333333334
19 0.638125 0.5641666666666667 0.03875 0.045000000000000005
19 0.6012500000000001 0.5700000000000001 0.035 0.030000000000000002
19 0.55375 0.5016666666666667 0.035 0.07333333333333333
19 0.5075000000000001 0.4666666666666667 0.03 0.05
19 0.509375 0.5233333333333333 0.043750000000000004 0.05666666666666667
21 0.6125 0.5283333333333333 0.045 0.06666666666666667
19 0.66625 0.42333333333333334 0.045 0.04
19 0.73625 0.4 0.03 0.05
19 0.76375 0.39333333333333337 0.0325 0.05
19 0.715 0.41000000000000003 0.0275 0.043333333333333335
19 0.63375 0.36750000000000005 0.05 0.05166666666666667
19 0.58875 0.35000000000000003 0.0425 0.05333333333333334
19 0.535625 0.42000000000000004 0.03375 0.043333333333333335
19 0.529375 0.39416666666666667 0.03875 0.045000000000000005
19 0.52625 0.33666666666666667 0.04 0.05
11 0.5650000000000001 0.32333333333333336 0.0375 0.023333333333333334
11 0.4975 0.3225 0.0275 0.055
19 0.47125 0.35000000000000003 0.03 0.05333333333333334
19 0.47375 0.3075 0.0225 0.055
19 0.486875 0.2791666666666667 0.02625 0.05166666666666667
19 0.604375 0.29750000000000004 0.03875 0.04166666666666667
19 0.661875 0.2783333333333334 0.03625 0.060000000000000005
19 0.724375 0.2725 0.03625 0.04833333333333334
19 0.6475 0.23500000000000001 0.035 0.030000000000000002
19 0.623125 0.26666666666666666 0.03875 0.04666666666666667
19 0.5875 0.24333333333333335 0.04 0.07333333333333333
19 0.618125 0.1925 0.03375 0.04166666666666667
19 0.565625 0.2 0.03625 0.05333333333333334
19 0.5337500000000001 0.22666666666666668 0.0425 0.03666666666666667
19 0.5 0.2275 0.0425 0.04166666666666667
19 0.508125 0.18583333333333335 0.05375 0.04833333333333334
19 0.504375 0.15833333333333335 0.04625 0.03333333333333333
19 0.45125 0.16583333333333333 0.0375 0.045000000000000005
