11 0.556875 0.18666666666666668 0.03125 0.04666666666666667
11 0.5 0.14750000000000002 0.0325 0.028333333333333335
11 0.385625 0.33 0.043750000000000004 0.04666666666666667
11 0.183125 0.5041666666666667 0.02125 0.05166666666666667
26 0.290625 0.54 0.01125 0.03666666666666667
26 0.296875 0.5800000000000001 0.02375 0.02
21 0.34500000000000003 0.6333333333333334 0.0425 0.07
26 0.22375 0.6475000000000001 0.02 0.018333333333333333
26 0.36062500000000003 0.7100000000000001 0.02125 0.02
26 0.33 0.7250000000000001 0.025 0.02666666666666667
26 0.465 0.7250000000000001 0.02 0.03666666666666667
18 0.384375 0.7816666666666667 0.02125 0.030000000000000002
26 0.293125 0.7991666666666667 0.01375 0.03166666666666667
18 0.3075 0.7916666666666667 0.0175 0.03333333333333333
26 0.416875 0.8541666666666667 0.03625 0.03833333333333334
27 0.536875 0.7566666666666667 0.02625 0.043333333333333335
26 0.6431250000000001 0.7191666666666667 0.01375 0.035
