11 0.4575 0.1716666666666667 0.02 0.03666666666666667
11 0.48125 0.1691666666666667 0.0275 0.03833333333333334
11 0.52 0.17250000000000001 0.0275 0.028333333333333335
27 0.498125 0.21833333333333335 0.02375 0.043333333333333335
11 0.4575 0.2341666666666667 0.0225 0.05166666666666667
24 0.465 0.20750000000000002 0.04 0.03833333333333334
24 0.48 0.225 0.0225 0.04
24 0.52125 0.23 0.02 0.043333333333333335
27 0.540625 0.24333333333333335 0.03375 0.03666666666666667
11 0.49312500000000004 0.275 0.02375 0.043333333333333335
11 0.51625 0.2833333333333333 0.0325 0.03333333333333333
11 0.46375 0.2758333333333334 0.035 0.035
11 0.45875 0.3116666666666667 0.035 0.030000000000000002
11 0.49562500000000004 0.3116666666666667 0.03875 0.030000000000000002
11 0.56125 0.3041666666666667 0.035 0.028333333333333335
11 0.52875 0.34 0.0175 0.043333333333333335
11 0.54875 0.33 0.025 0.03333333333333333
11 0.55 0.35250000000000004 0.03 0.028333333333333335
11 0.50375 0.3416666666666667 0.0325 0.03666666666666667
11 0.473125 0.34500000000000003 0.03125 0.04
11 0.49625 0.3725 0.03 0.035
11 0.52375 0.3925 0.03 0.035
11 0.54875 0.3916666666666667 0.0275 0.043333333333333335
11 0.48625 0.4083333333333334 0.035 0.04
11 0.51 0.445 0.025 0.04666666666666667
11 0.53125 0.45 0.0225 0.04666666666666667
11 0.48375 0.44583333333333336 0.03 0.04833333333333334
11 0.50625 0.48583333333333334 0.0375 0.045000000000000005
11 0.463125 0.47500000000000003 0.03375 0.03333333333333333
11 0.431875 0.45083333333333336 0.03375 0.03166666666666667
11 0.4625 0.4266666666666667 0.0225 0.05
11 0.44125000000000003 0.4133333333333334 0.03 0.04
11 0.466875 0.5075000000000001 0.03125 0.045000000000000005
11 0.42562500000000003 0.5283333333333333 0.03375 0.03666666666666667
11 0.495 0.5183333333333333 0.0275 0.04666666666666667
11 0.51125 0.5316666666666667 0.0225 0.05333333333333334
11 0.49875 0.5716666666666667 0.0325 0.03666666666666667
11 0.45625 0.5708333333333334 0.035 0.035
27 0.449375 0.6091666666666667 0.03375 0.03833333333333334
1 0.47875 0.6308333333333334 0.0325 0.03166666666666667
11 0.4575 0.6541666666666667 0.035 0.035
27 0.49375 0.6633333333333333 0.0325 0.02666666666666667
24 0.339375 0.6225 0.03875 0.058333333333333334
11 0.45 0.7325 0.0275 0.03833333333333334
11 0.5437500000000001 0.7341666666666667 0.0325 0.03166666666666667
11 0.388125 0.775 0.02375 0.04
24 0.479375 0.7933333333333333 0.02875 0.04
11 0.4175 0.8591666666666667 0.03 0.03166666666666667
11 0.535 0.8983333333333334 0.035 0.02666666666666667
11 0.576875 0.7666666666666667 0.02875 0.03333333333333333
11 0.5750000000000001 0.8316666666666667 0.0325 0.030000000000000002
11 0.699375 0.7225 0.01875 0.04166666666666667
26 0.610625 0.6383333333333334 0.01875 0.03666666666666667
11 0.670625 0.65 0.03125 0.03666666666666667
11 0.708125 0.6625000000000001 0.02625 0.04166666666666667
11 0.7312500000000001 0.6508333333333334 0.0225 0.05166666666666667
26 0.724375 0.5416666666666667 0.02375 0.02666666666666667
11 0.738125 0.5633333333333334 0.02625 0.04
11 0.77 0.5375000000000001 0.0275 0.03166666666666667
11 0.688125 0.5725 0.03125 0.028333333333333335
11 0.693125 0.6066666666666667 0.03875 0.02666666666666667
11 0.6218750000000001 0.5966666666666667 0.04125 0.03333333333333333
11 0.589375 0.6025 0.03625 0.028333333333333335
11 0.67125 0.5325000000000001 0.025 0.045000000000000005
11 0.720625 0.5008333333333334 0.03625 0.03833333333333334
11 0.7468750000000001 0.4816666666666667 0.02125 0.04666666666666667
11 0.714375 0.4391666666666667 0.02625 0.045000000000000005
11 0.675625 0.4491666666666667 0.03125 0.03166666666666667
11 0.65375 0.4741666666666667 0.0325 0.035
11 0.65375 0.4425 0.0275 0.028333333333333335
11 0.734375 0.42000000000000004 0.03375 0.03333333333333333
11 0.76875 0.44083333333333335 0.0225 0.03833333333333334
27 0.76875 0.4141666666666667 0.0275 0.03166666666666667
27 0.7525000000000001 0.37833333333333335 0.02 0.04666666666666667
11 0.729375 0.35833333333333334 0.02875 0.04
11 0.70875 0.3566666666666667 0.0225 0.03666666666666667
11 0.6793750000000001 0.35250000000000004 0.02625 0.03166666666666667
11 0.6575 0.3725 0.02 0.045000000000000005
11 0.6725 0.405 0.025 0.03666666666666667
11 0.7475 0.3075 0.03 0.028333333333333335
24 0.755 0.3383333333333334 0.035 0.03333333333333333
11 0.73 0.3225 0.0225 0.028333333333333335
11 0.701875 0.32333333333333336 0.02875 0.023333333333333334
27 0.715 0.2783333333333334 0.025 0.030000000000000002
11 0.6431250000000001 0.2066666666666667 0.03625 0.02666666666666667
11 0.705 0.22916666666666669 0.0275 0.03166666666666667
11 0.6825 0.2275 0.025 0.025
11 0.6975 0.2516666666666667 0.0275 0.02666666666666667
11 0.67625 0.27 0.0325 0.02666666666666667
11 0.6481250000000001 0.2866666666666667 0.03125 0.04666666666666667
11 0.67125 0.29500000000000004 0.02 0.03333333333333333
11 0.694375 0.28833333333333333 0.01875 0.02666666666666667
11 0.6625 0.24416666666666667 0.025 0.025
11 0.626875 0.25916666666666666 0.02125 0.03166666666666667
11 0.59375 0.2566666666666667 0.025 0.02666666666666667
11 0.571875 0.26166666666666666 0.02125 0.03333333333333333
11 0.55 0.2833333333333333 0.0275 0.03333333333333333
11 0.545 0.21083333333333334 0.0325 0.021666666666666667
11 0.568125 0.195 0.02375 0.03666666666666667
11 0.58625 0.18833333333333335 0.025 0.030000000000000002
11 0.6175 0.18166666666666667 0.0225 0.03333333333333333
21 0.61625 0.24416666666666667 0.0475 0.065
11 0.54625 0.18666666666666668 0.0225 0.03333333333333333
11 0.58875 0.2916666666666667 0.025 0.03666666666666667
11 0.620625 0.29583333333333334 0.02625 0.03833333333333334
11 0.65 0.33 0.035 0.030000000000000002
11 0.683125 0.32 0.02375 0.03666666666666667
11 0.614375 0.3441666666666667 0.03125 0.025
11 0.613125 0.3175 0.03125 0.025
11 0.584375 0.33916666666666667 0.03125 0.03833333333333334
11 0.569375 0.32333333333333336 0.02125 0.03333333333333333
11 0.6125 0.3691666666666667 0.025 0.028333333333333335
11 0.634375 0.3741666666666667 0.02625 0.045000000000000005
11 0.64375 0.4025 0.0325 0.03166666666666667
11 0.5806250000000001 0.37000000000000005 0.03125 0.03333333333333333
11 0.5925 0.4 0.025 0.043333333333333335
11 0.570625 0.40166666666666667 0.02625 0.043333333333333335
11 0.608125 0.4141666666666667 0.01875 0.045000000000000005
11 0.618125 0.4525 0.02125 0.035
11 0.624375 0.4791666666666667 0.03375 0.03166666666666667
11 0.639375 0.5133333333333334 0.03125 0.04
11 0.6481250000000001 0.5458333333333334 0.02625 0.045000000000000005
11 0.5975 0.5166666666666667 0.0375 0.030000000000000002
11 0.5675 0.4816666666666667 0.0275 0.04
11 0.538125 0.49083333333333334 0.03375 0.028333333333333335
11 0.563125 0.515 0.03375 0.03333333333333333
11 0.6025 0.5541666666666667 0.025 0.045000000000000005
11 0.573125 0.5725 0.02625 0.04166666666666667
11 0.545 0.5750000000000001 0.0275 0.04
11 0.525 0.5716666666666667 0.025 0.043333333333333335
11 0.519375 0.6083333333333334 0.03625 0.023333333333333334
11 0.544375 0.5425 0.03875 0.025
19 0.57875 0.5383333333333333 0.035 0.03333333333333333
27 0.594375 0.44333333333333336 0.03625 0.030000000000000002
11 0.38375000000000004 0.2341666666666667 0.025 0.04166666666666667
11 0.305625 0.21500000000000002 0.02875 0.04
11 0.359375 0.29083333333333333 0.02875 0.045000000000000005
11 0.2425 0.2816666666666667 0.02 0.043333333333333335
11 0.22375 0.31333333333333335 0.025 0.043333333333333335
11 0.239375 0.35750000000000004 0.03125 0.028333333333333335
11 0.278125 0.4141666666666667 0.03375 0.025
11 0.248125 0.41000000000000003 0.02875 0.03666666666666667
11 0.27125 0.44333333333333336 0.0325 0.03333333333333333
11 0.245 0.4575 0.03 0.03166666666666667
27 0.313125 0.3541666666666667 0.02375 0.04833333333333334
23 0.33125 0.33416666666666667 0.0325 0.05166666666666667
11 0.29 0.5491666666666667 0.02 0.04166666666666667
11 0.22 0.5283333333333333 0.02 0.043333333333333335
11 0.1975 0.5266666666666667 0.025 0.03666666666666667
11 0.198125 0.5900000000000001 0.02875 0.030000000000000002
11 0.26625 0.7258333333333333 0.02 0.04166666666666667
11 0.21937500000000001 0.7158333333333334 0.03375 0.03166666666666667
11 0.29812500000000003 0.8325 0.02125 0.035
