11 0.5962500000000001 0.12333333333333334 0.0325 0.08333333333333334
11 0.5181250000000001 0.31583333333333335 0.06125 0.07166666666666667
11 0.411875 0.23583333333333334 0.04875 0.07166666666666667
11 0.424375 0.3275 0.06375 0.08833333333333333
11 0.479375 0.38083333333333336 0.05375 0.08833333333333333
11 0.481875 0.4366666666666667 0.07375 0.060000000000000005
11 0.4225 0.4475 0.0625 0.07500000000000001
11 0.448125 0.5008333333333334 0.051250000000000004 0.07500000000000001
11 0.5725 0.6141666666666667 0.0425 0.09833333333333334
11 0.455625 0.5758333333333334 0.05625 0.06833333333333334
11 0.408125 0.56 0.05375 0.08
11 0.371875 0.6050000000000001 0.07625 0.05
11 0.25875 0.5283333333333333 0.0625 0.06333333333333334
11 0.255 0.5983333333333334 0.07 0.07333333333333333
11 0.3225 0.6458333333333334 0.0375 0.08833333333333333
11 0.34625 0.7016666666666667 0.035 0.08666666666666667
11 0.389375 0.6391666666666667 0.06375 0.055
11 0.469375 0.6616666666666667 0.06625 0.09000000000000001
11 0.15375 0.5933333333333334 0.0425 0.07333333333333333
11 0.2675 0.6816666666666668 0.055 0.08
11 0.38625 0.7058333333333334 0.04 0.08166666666666667
11 0.416875 0.7283333333333334 0.05375 0.07333333333333333
11 0.49062500000000003 0.7258333333333333 0.06125 0.05166666666666667
11 0.424375 0.7966666666666667 0.058750000000000004 0.08666666666666667
11 0.354375 0.8133333333333334 0.04125 0.08333333333333334
11 0.23125 0.8200000000000001 0.06 0.09000000000000001
11 0.39687500000000003 0.8758333333333334 0.04875 0.07500000000000001
11 0.619375 0.8550000000000001 0.05625 0.060000000000000005
11 0.639375 0.8041666666666667 0.07125000000000001 0.06166666666666667
11 0.5750000000000001 0.9600000000000001 0.04 0.07666666666666667
11 0.641875 0.9691666666666667 0.05375 0.058333333333333334
11 0.7775 0.51 0.0625 0.05666666666666667
11 0.71125 0.3016666666666667 0.045 0.07333333333333333
18 0.58875 0.3141666666666667 0.0425 0.035
11 0.831875 0.29083333333333333 0.051250000000000004 0.04833333333333334
11 0.93125 0.22 0.035 0.07
18 0.68125 0.8691666666666668 0.0175 0.05166666666666667
