18 0.412214 0.210691 0.066707 0.082590
18 0.856696 0.251120 0.083016 0.072194
18 0.294904 0.042826 0.062263 0.085653
18 0.373176 0.551733 0.059791 0.071615
18 0.416415 0.623925 0.071155 0.090098
17 0.242526 0.324756 0.080053 0.107425
14 0.610711 0.732090 0.038540 0.081088
15 0.438129 0.435631 0.122104 0.118763
15 0.675934 0.436131 0.097345 0.109782
15 0.865921 0.329844 0.098198 0.128745
15 0.605489 0.269465 0.111861 0.109778
15 0.200322 0.785931 0.093928 0.122754
15 0.161044 0.601799 0.100756 0.127745
15 0.355882 0.635477 0.065721 0.102805
15 0.272619 0.658579 0.094874 0.107425
15 0.699115 0.702184 0.104759 0.110313
1 0.302563 0.566748 0.050896 0.070462
1 0.264021 0.751275 0.054852 0.053710
18 0.160943 0.276242 0.081040 0.086635
14 0.486187 0.196355 0.065820 0.038116
14 0.531550 0.167594 0.029648 0.070691
