11 0.3425 0.2041666666666667 0.0425 0.065
11 0.515 0.4008333333333334 0.05 0.058333333333333334
11 0.415625 0.45583333333333337 0.043750000000000004 0.05166666666666667
11 0.38875 0.5800000000000001 0.05 0.05
11 0.403125 0.6591666666666667 0.04875 0.058333333333333334
11 0.638125 0.6516666666666667 0.04875 0.060000000000000005
22 0.553125 0.6383333333333334 0.03375 0.030000000000000002
11 0.721875 0.17750000000000002 0.03875 0.035
20 0.788125 0.18666666666666668 0.02625 0.05333333333333334
25 0.689375 0.255 0.058750000000000004 0.07
28 0.69375 0.30833333333333335 0.05 0.05666666666666667
19 0.7418750000000001 0.4241666666666667 0.03875 0.06166666666666667
19 0.7375 0.4991666666666667 0.035 0.05166666666666667
28 0.67875 0.49250000000000005 0.045 0.055
28 0.678125 0.615 0.03375 0.07
