24 0.26625 0.20333333333333334 0.0625 0.07
20 0.3125 0.2516666666666667 0.055 0.06333333333333334
19 0.4175 0.4 0.0625 0.09000000000000001
19 0.273125 0.3691666666666667 0.06875 0.09833333333333334
24 0.203125 0.36500000000000005 0.051250000000000004 0.09666666666666668
24 0.25375000000000003 0.5425 0.0525 0.07166666666666667
24 0.504375 0.37833333333333335 0.06375 0.07333333333333333
19 0.5700000000000001 0.3666666666666667 0.0575 0.06666666666666667
24 0.485 0.17416666666666666 0.0425 0.08833333333333333
28 0.50625 0.13416666666666668 0.06 0.06166666666666667
19 0.5806250000000001 0.21833333333333335 0.03625 0.07333333333333333
28 0.5375 0.18833333333333335 0.06 0.07666666666666667
28 0.6218750000000001 0.2275 0.06375 0.08166666666666667
13 0.5525 0.8700000000000001 0.0575 0.08666666666666667
18 0.434375 0.7841666666666667 0.03625 0.04833333333333334
