11 0.573125 0.10250000000000001 0.05625 0.058333333333333334
11 0.58 0.1716666666666667 0.045 0.05333333333333334
11 0.790625 0.2916666666666667 0.04875 0.06666666666666667
11 0.513125 0.33666666666666667 0.05625 0.06666666666666667
11 0.45937500000000003 0.5308333333333334 0.05625 0.06166666666666667
11 0.514375 0.7175 0.04875 0.04166666666666667
11 0.393125 0.9441666666666667 0.051250000000000004 0.05166666666666667
11 0.744375 0.6041666666666667 0.03625 0.065
11 0.7225 0.7300000000000001 0.045 0.05333333333333334
27 0.7212500000000001 0.5525 0.0475 0.065
27 0.795 0.7191666666666667 0.035 0.07166666666666667
27 0.72875 0.8116666666666668 0.04 0.060000000000000005
26 0.231875 0.14250000000000002 0.03375 0.028333333333333335
26 0.200625 0.22333333333333336 0.02375 0.03666666666666667
26 0.483125 0.10500000000000001 0.02125 0.04666666666666667
26 0.438125 0.17916666666666667 0.02375 0.04166666666666667
26 0.341875 0.23583333333333334 0.02875 0.03833333333333334
18 0.374375 0.21916666666666668 0.03375 0.03833333333333334
18 0.41375 0.21000000000000002 0.0175 0.05
26 0.34750000000000003 0.3125 0.03 0.05166666666666667
26 0.28 0.30000000000000004 0.0225 0.04
18 0.289375 0.3408333333333334 0.03125 0.03833333333333334
18 0.321875 0.3241666666666667 0.02125 0.03833333333333334
26 0.299375 0.3841666666666667 0.03625 0.028333333333333335
18 0.388125 0.38833333333333336 0.03125 0.04
19 0.416875 0.4316666666666667 0.05375 0.06666666666666667
18 0.22125 0.5466666666666667 0.025 0.043333333333333335
18 0.393125 0.4991666666666667 0.03125 0.04166666666666667
26 0.41125 0.5033333333333334 0.03 0.043333333333333335
26 0.318125 0.5266666666666667 0.02375 0.043333333333333335
26 0.388125 0.5433333333333333 0.03375 0.04666666666666667
26 0.40125 0.5675 0.04 0.028333333333333335
23 0.309375 0.5850000000000001 0.04875 0.060000000000000005
18 0.35375 0.5833333333333334 0.03 0.04
26 0.3425 0.6691666666666667 0.0325 0.04166666666666667
18 0.343125 0.7433333333333334 0.03125 0.04666666666666667
18 0.41625 0.6816666666666668 0.03 0.04666666666666667
18 0.4275 0.7416666666666667 0.025 0.04
18 0.460625 0.7200000000000001 0.03375 0.04
18 0.4425 0.665 0.025 0.043333333333333335
18 0.455625 0.6741666666666667 0.02875 0.03166666666666667
18 0.46187500000000004 0.5750000000000001 0.03375 0.04
19 0.45375 0.6283333333333334 0.0425 0.05333333333333334
18 0.47250000000000003 0.8616666666666667 0.0275 0.04
19 0.491875 0.6683333333333333 0.04625 0.05
18 0.561875 0.7091666666666667 0.03125 0.035
18 0.6375000000000001 0.7516666666666667 0.0275 0.04
18 0.513125 0.775 0.03125 0.03666666666666667
18 0.52125 0.54 0.025 0.03666666666666667
18 0.516875 0.5658333333333334 0.02125 0.04833333333333334
26 0.501875 0.5475 0.03625 0.035
19 0.62875 0.4525 0.0325 0.05166666666666667
18 0.536875 0.24416666666666667 0.03625 0.045000000000000005
18 0.50875 0.27666666666666667 0.0275 0.043333333333333335
18 0.479375 0.3166666666666667 0.03375 0.03333333333333333
18 0.48375 0.34750000000000003 0.035 0.025
19 0.64875 0.2891666666666667 0.04 0.045000000000000005
19 0.82875 0.7116666666666667 0.0325 0.05666666666666667
