22 0.20750000000000002 0.021666666666666667 0.0175 0.04
22 0.27875 0.1125 0.0375 0.028333333333333335
22 0.47375 0.030833333333333334 0.0325 0.05166666666666667
22 0.321875 0.17083333333333334 0.01875 0.05166666666666667
22 0.343125 0.15916666666666668 0.03125 0.05166666666666667
22 0.27375 0.21750000000000003 0.03 0.05166666666666667
22 0.30062500000000003 0.24166666666666667 0.04125 0.023333333333333334
22 0.276875 0.2575 0.03875 0.035
22 0.325 0.2783333333333334 0.04 0.02666666666666667
22 0.41500000000000004 0.21750000000000003 0.0475 0.025
22 0.445 0.15833333333333335 0.04 0.03333333333333333
22 0.51625 0.13583333333333333 0.045 0.04166666666666667
22 0.491875 0.21666666666666667 0.043750000000000004 0.03333333333333333
22 0.550625 0.18083333333333335 0.04125 0.03833333333333334
19 0.410625 0.2916666666666667 0.05625 0.07666666666666667
22 0.39375 0.38083333333333336 0.05 0.045000000000000005
22 0.35000000000000003 0.38333333333333336 0.0375 0.043333333333333335
22 0.5593750000000001 0.35583333333333333 0.04125 0.025
22 0.54 0.3925 0.045 0.03166666666666667
22 0.308125 0.45083333333333336 0.03125 0.055
22 0.243125 0.6291666666666667 0.02875 0.065
22 0.32375 0.52 0.0375 0.02666666666666667
22 0.36062500000000003 0.505 0.03125 0.07
22 0.401875 0.5375000000000001 0.051250000000000004 0.035
22 0.43625 0.5058333333333334 0.0425 0.028333333333333335
22 0.181875 0.795 0.02375 0.05
22 0.3675 0.8833333333333334 0.04 0.04666666666666667
18 0.244375 0.8533333333333334 0.04125 0.030000000000000002
18 0.3075 0.8808333333333334 0.03 0.05166666666666667
22 0.600625 0.045000000000000005 0.03875 0.03666666666666667
