22 0.5475 0.4291666666666667 0.0325 0.025
22 0.544375 0.5216666666666667 0.02875 0.030000000000000002
22 0.48875 0.5233333333333333 0.03 0.02
22 0.338125 0.5316666666666667 0.03625 0.016666666666666666
25 0.610625 0.5966666666666667 0.043750000000000004 0.07666666666666667
26 0.77125 0.5566666666666668 0.0225 0.04
24 0.71875 0.5391666666666667 0.035 0.04833333333333334
25 0.676875 0.43833333333333335 0.04125 0.07
25 0.51875 0.46416666666666667 0.055 0.07166666666666667
25 0.57125 0.3141666666666667 0.04 0.07166666666666667
25 0.7681250000000001 0.26416666666666666 0.04625 0.058333333333333334
18 0.706875 0.2966666666666667 0.02875 0.03333333333333333
21 0.7156250000000001 0.35333333333333333 0.04625 0.05666666666666667
22 0.646875 0.35250000000000004 0.02625 0.03833333333333334
20 0.619375 0.5375000000000001 0.03375 0.035
20 0.72875 0.28750000000000003 0.0325 0.025
20 0.77375 0.3191666666666667 0.025 0.035
20 0.651875 0.4141666666666667 0.03375 0.035
