9 0.769723 0.350333 0.051574 0.082954
12 0.355811 0.555364 0.054794 0.089520
12 0.281510 0.644596 0.074520 0.069307
12 0.415867 0.662211 0.068822 0.035231
12 0.459702 0.692532 0.060932 0.036964
12 0.429018 0.719966 0.046028 0.061797
12 0.479429 0.792736 0.028494 0.066416
12 0.451155 0.858289 0.061370 0.031186
12 0.425949 0.898138 0.059178 0.061220
12 0.324907 0.817572 0.050850 0.064108
12 0.676122 0.935987 0.050412 0.049818
12 0.538316 0.901159 0.021564 0.067515
12 0.562542 0.904333 0.025876 0.083223
12 0.492020 0.879433 0.025876 0.046793
12 0.515612 0.740227 0.029428 0.047794
12 0.581949 0.769137 0.025114 0.073531
12 0.540726 0.803397 0.036024 0.069855
12 0.510665 0.659009 0.032726 0.064506
12 0.514344 0.520470 0.047184 0.068182
12 0.567489 0.534843 0.034246 0.064174
12 0.569646 0.612552 0.028920 0.071860
12 0.825863 0.659845 0.029426 0.041444
12 0.793392 0.631937 0.021816 0.068516
12 0.762442 0.547877 0.053780 0.035428
12 0.775127 0.575117 0.030442 0.056485
12 0.820155 0.389788 0.042366 0.063502
12 0.756989 0.406165 0.054034 0.032087
12 0.742402 0.426887 0.041096 0.038100
12 0.711072 0.364051 0.033232 0.068851
12 0.501019 0.034762 0.043470 0.057755
12 0.376633 0.101181 0.065754 0.040427
12 0.426132 0.077597 0.047856 0.087594
12 0.351611 0.182759 0.075618 0.077486
12 0.596179 0.107196 0.037262 0.067863
12 0.590151 0.923706 0.027398 0.052941
12 0.559702 0.709679 0.056064 0.030414
12 0.727131 0.805735 0.047438 0.040108
12 0.590777 0.866399 0.034502 0.045120
6 0.391959 0.440787 0.056934 0.048535
7 0.578832 0.366659 0.107836 0.124427
