11 0.34375 0.40750000000000003 0.03 0.058333333333333334
11 0.43625 0.38083333333333336 0.04 0.04166666666666667
19 0.215625 0.4058333333333334 0.04125 0.055
19 0.299375 0.4341666666666667 0.04125 0.05166666666666667
19 0.385625 0.22333333333333336 0.03375 0.060000000000000005
19 0.389375 0.26166666666666666 0.03625 0.04666666666666667
19 0.46125 0.2866666666666667 0.0475 0.05
19 0.43125 0.265 0.04 0.05666666666666667
19 0.42562500000000003 0.21583333333333335 0.04875 0.04833333333333334
19 0.436875 0.17750000000000002 0.04125 0.06166666666666667
19 0.39687500000000003 0.18416666666666667 0.043750000000000004 0.04833333333333334
19 0.3675 0.16166666666666668 0.035 0.04666666666666667
19 0.351875 0.15083333333333335 0.03375 0.045000000000000005
19 0.51 0.1691666666666667 0.0475 0.04833333333333334
19 0.56 0.18250000000000002 0.045 0.058333333333333334
19 0.551875 0.21916666666666668 0.03875 0.03833333333333334
19 0.57875 0.23 0.0375 0.08
19 0.6062500000000001 0.21083333333333334 0.04 0.05166666666666667
19 0.58 0.29583333333333334 0.0425 0.045000000000000005
19 0.664375 0.3091666666666667 0.03625 0.055
19 0.685 0.29083333333333333 0.0375 0.06166666666666667
19 0.598125 0.3441666666666667 0.03875 0.05166666666666667
19 0.57625 0.3891666666666667 0.0375 0.045000000000000005
19 0.6075 0.375 0.0375 0.05
19 0.63125 0.3566666666666667 0.035 0.05
19 0.665 0.35750000000000004 0.035 0.05166666666666667
11 0.624375 0.25916666666666666 0.03125 0.05166666666666667
11 0.5906250000000001 0.43500000000000005 0.04125 0.043333333333333335
11 0.72375 0.4108333333333334 0.03 0.03833333333333334
19 0.615625 0.4116666666666667 0.03875 0.05
19 0.659375 0.4425 0.03625 0.05166666666666667
19 0.699375 0.395 0.03875 0.060000000000000005
19 0.75 0.3358333333333334 0.0275 0.045000000000000005
19 0.73875 0.3841666666666667 0.035 0.04166666666666667
19 0.758125 0.3775 0.02625 0.04166666666666667
19 0.543125 0.44 0.03625 0.07666666666666667
19 0.560625 0.5191666666666667 0.04875 0.055
19 0.595625 0.5075000000000001 0.03625 0.05166666666666667
19 0.62625 0.4591666666666667 0.0325 0.05166666666666667
19 0.639375 0.48750000000000004 0.03875 0.055
19 0.630625 0.5308333333333334 0.03875 0.058333333333333334
19 0.703125 0.4441666666666667 0.04625 0.04166666666666667
19 0.6925 0.4658333333333334 0.035 0.03833333333333334
19 0.718125 0.5383333333333333 0.03875 0.06666666666666667
19 0.7731250000000001 0.4133333333333334 0.03375 0.04
19 0.77 0.44333333333333336 0.0325 0.05666666666666667
19 0.73625 0.4675 0.05 0.05166666666666667
19 0.76125 0.4733333333333334 0.03 0.05
19 0.77375 0.5083333333333334 0.0325 0.05333333333333334
19 0.63125 0.5333333333333333 0.04 0.05666666666666667
19 0.6425 0.5800000000000001 0.0575 0.05333333333333334
19 0.6743750000000001 0.5925 0.04125 0.05166666666666667
19 0.65625 0.6675000000000001 0.0275 0.05166666666666667
19 0.759375 0.6766666666666667 0.02625 0.04666666666666667
19 0.67375 0.6958333333333334 0.0375 0.055
21 0.66625 0.6341666666666667 0.0475 0.07500000000000001
11 0.595625 0.6716666666666667 0.03375 0.05333333333333334
19 0.600625 0.7225 0.03125 0.04833333333333334
19 0.583125 0.7491666666666668 0.051250000000000004 0.05166666666666667
19 0.556875 0.7758333333333334 0.04125 0.045000000000000005
19 0.636875 0.7808333333333334 0.03875 0.04833333333333334
19 0.64125 0.8325 0.03 0.04833333333333334
19 0.598125 0.8216666666666668 0.04125 0.05
19 0.5750000000000001 0.8775000000000001 0.0375 0.04833333333333334
19 0.576875 0.5691666666666667 0.04125 0.07500000000000001
19 0.5437500000000001 0.6275000000000001 0.0475 0.04833333333333334
19 0.45375 0.5758333333333334 0.0575 0.045000000000000005
19 0.44875 0.6108333333333333 0.04 0.03833333333333334
19 0.49 0.6558333333333334 0.0375 0.04833333333333334
19 0.43625 0.685 0.0475 0.05666666666666667
19 0.43 0.7408333333333333 0.0475 0.04833333333333334
19 0.46875 0.7991666666666667 0.0525 0.05166666666666667
19 0.49562500000000004 0.7866666666666667 0.03875 0.043333333333333335
19 0.52125 0.795 0.045 0.05
19 0.533125 0.8383333333333334 0.04625 0.03666666666666667
19 0.528125 0.8683333333333334 0.043750000000000004 0.04
19 0.458125 0.8533333333333334 0.03125 0.05
19 0.42875 0.8391666666666667 0.04 0.058333333333333334
19 0.40125 0.8750000000000001 0.035 0.04
19 0.355 0.8650000000000001 0.0375 0.04666666666666667
19 0.37375 0.805 0.0375 0.04
19 0.38 0.78 0.0475 0.05333333333333334
19 0.32875 0.7533333333333334 0.0375 0.05666666666666667
19 0.290625 0.7883333333333333 0.03125 0.05
19 0.28875 0.5991666666666667 0.025 0.04833333333333334
19 0.31875000000000003 0.6083333333333334 0.0575 0.05666666666666667
19 0.26625 0.5191666666666667 0.03 0.04833333333333334
19 0.294375 0.5025000000000001 0.03875 0.03833333333333334
