2 0.582116 0.046062 0.033782 0.056402
2 0.403640 0.512663 0.049869 0.058283
2 0.692306 0.480840 0.060324 0.047945
2 0.705777 0.610100 0.051877 0.077086
2 0.757053 0.668383 0.046648 0.060164
2 0.841906 0.869323 0.045039 0.063456
2 0.794452 0.914211 0.055496 0.058287
2 0.633993 0.953881 0.067563 0.054056
2 0.479567 0.810098 0.064345 0.058756
2 0.408988 0.734423 0.056701 0.062517
2 0.404163 0.674260 0.056704 0.058756
2 0.300809 0.772967 0.047856 0.055937
2 0.206304 0.894000 0.060725 0.069563
2 0.212134 0.782836 0.055496 0.080375
2 0.353291 0.961215 0.062736 0.062044
2 0.168098 0.348716 0.056701 0.047945
2 0.253957 0.291159 0.043433 0.068108
2 0.386668 0.247917 0.085257 0.052124
2 0.314483 0.225144 0.041422 0.063921
2 0.589556 0.361923 0.064746 0.054525
2 0.587747 0.196002 0.060324 0.062044
2 0.526215 0.223499 0.056303 0.060633
2 0.768715 0.102230 0.042627 0.061571
2 0.874079 0.053112 0.046651 0.061102
2 0.852362 0.285966 0.052281 0.054056
2 0.899214 0.270713 0.041422 0.057388
2 0.872269 0.355578 0.058313 0.062514
2 0.638215 0.089071 0.046246 0.053114
2 0.552758 0.064840 0.041824 0.049774
2 0.285124 0.049587 0.044641 0.052175
1 0.170223 0.719787 0.078758 0.052117
1 0.758301 0.774274 0.070072 0.046024
2 0.890112 0.634869 0.053620 0.049745
2 0.604974 0.103001 0.045845 0.049633
