11 0.765625 0.11750000000000001 0.06125 0.06833333333333334
11 0.888125 0.23833333333333334 0.04625 0.05666666666666667
11 0.609375 0.5 0.06125 0.06666666666666667
11 0.204375 0.058333333333333334 0.05625 0.06333333333333334
11 0.17500000000000002 0.385 0.06 0.060000000000000005
11 0.270625 0.5066666666666667 0.03875 0.07
11 0.370625 0.5033333333333334 0.04625 0.09333333333333334
11 0.438125 0.5716666666666667 0.06125 0.07
11 0.54125 0.545 0.055 0.07333333333333333
11 0.161875 0.5075000000000001 0.051250000000000004 0.07833333333333334
11 0.15875 0.6841666666666667 0.05 0.085
11 0.09 0.755 0.0675 0.06666666666666667
11 0.548125 0.7333333333333334 0.06375 0.07333333333333333
11 0.6025 0.7591666666666668 0.0675 0.07166666666666667
11 0.420625 0.8275 0.06125 0.07500000000000001
11 0.383125 0.8575 0.04875 0.08166666666666667
18 0.3675 0.09083333333333334 0.04 0.04833333333333334
18 0.395 0.1275 0.035 0.04166666666666667
18 0.328125 0.2016666666666667 0.03625 0.04666666666666667
18 0.250625 0.33083333333333337 0.03375 0.04833333333333334
