11 0.2 0.18166666666666667 0.04 0.05333333333333334
11 0.23625000000000002 0.1525 0.0425 0.04833333333333334
11 0.29812500000000003 0.0625 0.03125 0.055
11 0.4575 0.1675 0.0425 0.055
11 0.244375 0.6433333333333334 0.04125 0.07333333333333333
11 0.3125 0.6233333333333334 0.0425 0.06666666666666667
11 0.405 0.7333333333333334 0.035 0.060000000000000005
11 0.25875 0.8441666666666667 0.0475 0.04833333333333334
11 0.373125 0.9275000000000001 0.04875 0.035
11 0.45875 0.8875000000000001 0.0325 0.065
11 0.560625 0.8775000000000001 0.04875 0.05166666666666667
11 0.660625 0.9208333333333334 0.03375 0.06166666666666667
11 0.704375 0.8675 0.04625 0.06166666666666667
11 0.67 0.8258333333333334 0.055 0.04166666666666667
11 0.669375 0.6883333333333334 0.058750000000000004 0.05666666666666667
11 0.535625 0.5650000000000001 0.04125 0.06333333333333334
11 0.5375 0.5158333333333334 0.0625 0.05166666666666667
11 0.718125 0.7200000000000001 0.043750000000000004 0.05333333333333334
11 0.750625 0.7516666666666667 0.03125 0.06666666666666667
11 0.759375 0.7008333333333334 0.03625 0.06833333333333334
11 0.8475 0.5900000000000001 0.0425 0.06666666666666667
11 0.595625 0.43833333333333335 0.04125 0.07666666666666667
11 0.731875 0.445 0.03875 0.06666666666666667
11 0.80125 0.2916666666666667 0.035 0.04666666666666667
11 0.826875 0.28750000000000003 0.02875 0.055
11 0.8 0.23750000000000002 0.0525 0.04833333333333334
11 0.713125 0.28250000000000003 0.051250000000000004 0.04166666666666667
11 0.66625 0.3016666666666667 0.035 0.06666666666666667
11 0.64875 0.26333333333333336 0.035 0.06666666666666667
11 0.7262500000000001 0.15166666666666667 0.05 0.043333333333333335
11 0.6275000000000001 0.14250000000000002 0.0375 0.05166666666666667
11 0.650625 0.09083333333333334 0.03625 0.06166666666666667
11 0.56125 0.035 0.04 0.05
18 0.426875 0.0975 0.03875 0.03166666666666667
18 0.41250000000000003 0.1366666666666667 0.0375 0.03666666666666667
18 0.503125 0.11 0.03125 0.04
18 0.476875 0.13583333333333333 0.03375 0.03833333333333334
18 0.393125 0.1975 0.02875 0.03833333333333334
18 0.48812500000000003 0.26 0.03625 0.03333333333333333
18 0.388125 0.2966666666666667 0.03375 0.043333333333333335
18 0.349375 0.3216666666666667 0.03125 0.030000000000000002
18 0.379375 0.35250000000000004 0.02625 0.04166666666666667
18 0.54875 0.3541666666666667 0.0375 0.028333333333333335
18 0.499375 0.34500000000000003 0.02625 0.05
18 0.268125 0.3875 0.03375 0.03166666666666667
18 0.273125 0.5091666666666667 0.02875 0.028333333333333335
18 0.243125 0.5375000000000001 0.03125 0.04833333333333334
18 0.205625 0.53 0.02625 0.05
18 0.320625 0.5675 0.03625 0.028333333333333335
18 0.284375 0.6308333333333334 0.02875 0.04166666666666667
18 0.30312500000000003 0.6608333333333334 0.03375 0.04166666666666667
18 0.26875 0.7491666666666668 0.04 0.03833333333333334
18 0.38625 0.7558333333333334 0.0375 0.04166666666666667
18 0.43375 0.7108333333333334 0.0275 0.04166666666666667
18 0.52 0.6716666666666667 0.0375 0.043333333333333335
18 0.3975 0.7883333333333333 0.03 0.04
18 0.390625 0.8416666666666667 0.03625 0.03333333333333333
18 0.33 0.8883333333333334 0.03 0.043333333333333335
18 0.3675 0.8925000000000001 0.0225 0.04166666666666667
18 0.34875 0.9158333333333334 0.03 0.035
18 0.5750000000000001 0.8983333333333334 0.025 0.04
18 0.7312500000000001 0.8041666666666667 0.02 0.045000000000000005
18 0.755625 0.8275 0.02125 0.045000000000000005
18 0.68 0.6066666666666667 0.0275 0.03666666666666667
18 0.6625 0.6341666666666667 0.0375 0.03166666666666667
18 0.795625 0.6916666666666668 0.03375 0.03333333333333333
18 0.775 0.66 0.0325 0.04
18 0.5225 0.47250000000000003 0.0325 0.045000000000000005
18 0.5925 0.3491666666666667 0.03 0.04833333333333334
18 0.664375 0.405 0.02625 0.043333333333333335
18 0.698125 0.46166666666666667 0.03875 0.04
18 0.711875 0.48833333333333334 0.03125 0.043333333333333335
18 0.7831250000000001 0.4116666666666667 0.02625 0.043333333333333335
18 0.791875 0.43083333333333335 0.02125 0.03833333333333334
18 0.690625 0.32333333333333336 0.03625 0.05
18 0.62625 0.3075 0.03 0.035
18 0.568125 0.10416666666666667 0.03625 0.03833333333333334
26 0.63875 0.19833333333333333 0.0325 0.05
26 0.351875 0.17666666666666667 0.01875 0.05
26 0.32375 0.4066666666666667 0.035 0.03333333333333333
26 0.426875 0.45333333333333337 0.03125 0.05
24 0.47125 0.3491666666666667 0.05 0.065
24 0.37625000000000003 0.06583333333333334 0.0475 0.06833333333333334
19 0.171875 0.4516666666666667 0.04875 0.06333333333333334
19 0.24125 0.6875 0.045 0.05166666666666667
