2 0.119591 0.673640 0.050672 0.075580
1 0.077284 0.354956 0.035391 0.095886
1 0.074589 0.429081 0.080831 0.049352
1 0.094496 0.283840 0.078820 0.043714
1 0.055084 0.201115 0.039412 0.091659
1 0.086654 0.212865 0.031771 0.084136
1 0.176534 0.211924 0.074799 0.038072
1 0.132499 0.244593 0.055898 0.074263
1 0.204686 0.184429 0.078017 0.047941
1 0.184578 0.097706 0.074802 0.044653
1 0.262395 0.034489 0.076810 0.048883
1 0.354689 0.104993 0.044236 0.095886
1 0.382035 0.242243 0.081232 0.046064
1 0.202876 0.336906 0.080834 0.049352
1 0.151200 0.529433 0.049869 0.072383
1 0.201469 0.507763 0.079627 0.045122
1 0.177943 0.702592 0.077616 0.048414
1 0.071373 0.675848 0.047856 0.101997
1 0.024924 0.610513 0.031366 0.085078
1 0.018494 0.748419 0.036987 0.082725
1 0.080622 0.908278 0.073595 0.043241
1 0.094496 0.954342 0.070778 0.039480
1 0.353080 0.854647 0.051475 0.050764
1 0.436527 0.878385 0.047053 0.076617
1 0.411190 0.911051 0.076007 0.062044
1 0.501878 0.920969 0.039412 0.073325
1 0.487627 0.894680 0.036997 0.098949
1 0.612068 0.824142 0.082039 0.042303
1 0.524799 0.795940 0.080430 0.044183
1 0.598596 0.697234 0.070377 0.029142
1 0.549331 0.660806 0.031366 0.088836
1 0.502882 0.685484 0.074398 0.038541
1 0.553755 0.587246 0.069172 0.073328
1 0.727284 0.616153 0.037401 0.100120
1 0.867435 0.834483 0.071584 0.068625
1 0.983584 0.785835 0.032832 0.077555
1 0.866629 0.450467 0.038606 0.081786
1 0.816562 0.466919 0.068768 0.047945
1 0.783385 0.459349 0.043433 0.079905
1 0.928161 0.165862 0.041824 0.094474
1 0.762473 0.199000 0.032975 0.076144
1 0.724670 0.089669 0.036194 0.091655
1 0.633783 0.010429 0.073996 0.020858
1 0.572857 0.047648 0.063940 0.059225
2 0.386749 0.595520 0.037158 0.062608
2 0.172241 0.289247 0.037641 0.054711
2 0.126587 0.065886 0.033299 0.055838
2 0.754961 0.526988 0.041021 0.058661
2 0.870297 0.738219 0.033299 0.061481
2 0.590159 0.781088 0.035711 0.060349
1 0.161816 0.778267 0.088313 0.063736
2 0.409340 0.294402 0.039097 0.053532
1 0.866995 0.373776 0.029826 0.077766
