28 0.2925 0.32 0.075 0.10333333333333335
19 0.435 0.41500000000000004 0.07 0.09666666666666668
19 0.203125 0.48250000000000004 0.07875 0.08166666666666667
19 0.4425 0.7108333333333334 0.0725 0.095
19 0.38875 0.8466666666666667 0.055 0.09000000000000001
19 0.349375 0.81 0.04875 0.060000000000000005
11 0.6900000000000001 0.79 0.0375 0.07
28 0.570625 0.2066666666666667 0.07125000000000001 0.07333333333333333
28 0.503125 0.33 0.07125000000000001 0.09333333333333334
28 0.61875 0.13 0.0625 0.08333333333333334
19 0.678125 0.155 0.09125 0.07666666666666667
