11 0.338125 0.14583333333333334 0.03375 0.028333333333333335
11 0.274375 0.24250000000000002 0.03125 0.035
11 0.268125 0.28833333333333333 0.02375 0.05333333333333334
11 0.22312500000000002 0.30333333333333334 0.03125 0.030000000000000002
11 0.48125 0.2391666666666667 0.0275 0.04833333333333334
11 0.445625 0.22333333333333336 0.03625 0.03666666666666667
11 0.4 0.19166666666666668 0.02 0.043333333333333335
11 0.49562500000000004 0.305 0.02375 0.05
11 0.43062500000000004 0.31 0.03375 0.03666666666666667
11 0.443125 0.34833333333333333 0.03375 0.043333333333333335
11 0.5806250000000001 0.4025 0.03875 0.035
11 0.55125 0.43833333333333335 0.0225 0.05333333333333334
11 0.49125 0.3925 0.035 0.045000000000000005
11 0.481875 0.43000000000000005 0.03375 0.04666666666666667
11 0.450625 0.4525 0.04625 0.03166666666666667
11 0.4925 0.49250000000000005 0.0375 0.03833333333333334
11 0.535 0.5275000000000001 0.0375 0.035
11 0.588125 0.5283333333333333 0.02875 0.05
11 0.404375 0.4841666666666667 0.03875 0.03166666666666667
11 0.39 0.45083333333333336 0.0325 0.055
11 0.354375 0.4341666666666667 0.02875 0.04833333333333334
11 0.308125 0.5025000000000001 0.03875 0.04833333333333334
11 0.525 0.6258333333333334 0.04 0.035
11 0.486875 0.5991666666666667 0.04125 0.03833333333333334
11 0.4575 0.655 0.0325 0.03333333333333333
11 0.46625 0.6866666666666668 0.0375 0.02666666666666667
11 0.474375 0.7066666666666667 0.02625 0.030000000000000002
11 0.44 0.6675000000000001 0.0225 0.04833333333333334
11 0.373125 0.8875000000000001 0.02875 0.03166666666666667
11 0.628125 0.8041666666666667 0.02625 0.03166666666666667
11 0.588125 0.7875000000000001 0.03625 0.028333333333333335
11 0.689375 0.7175 0.02375 0.04833333333333334
11 0.6325000000000001 0.7041666666666667 0.035 0.035
11 0.75375 0.6491666666666667 0.025 0.04833333333333334
11 0.765 0.5700000000000001 0.035 0.03333333333333333
11 0.765 0.515 0.0375 0.03333333333333333
11 0.699375 0.54 0.04125 0.030000000000000002
11 0.62625 0.5825 0.03 0.045000000000000005
11 0.624375 0.6291666666666667 0.02875 0.04833333333333334
11 0.77375 0.42500000000000004 0.0225 0.04666666666666667
11 0.72875 0.42833333333333334 0.0225 0.04666666666666667
11 0.7025 0.41250000000000003 0.0275 0.05166666666666667
11 0.64875 0.4316666666666667 0.0275 0.05
11 0.744375 0.3375 0.03625 0.03833333333333334
11 0.575625 0.16083333333333336 0.03625 0.03166666666666667
