11 0.109375 0.18916666666666668 0.04875 0.07166666666666667
11 0.284375 0.13416666666666668 0.051250000000000004 0.09166666666666667
11 0.39687500000000003 0.2225 0.07125000000000001 0.07166666666666667
11 0.240625 0.3891666666666667 0.04875 0.085
11 0.281875 0.38833333333333336 0.058750000000000004 0.09000000000000001
11 0.230625 0.49833333333333335 0.06125 0.07333333333333333
11 0.39437500000000003 0.39083333333333337 0.05375 0.085
11 0.475625 0.3875 0.06875 0.06833333333333334
11 0.576875 0.38 0.05625 0.09666666666666668
11 0.644375 0.3425 0.058750000000000004 0.06833333333333334
11 0.7056250000000001 0.4291666666666667 0.05625 0.095
11 0.37375 0.5933333333333334 0.0475 0.09666666666666668
11 0.344375 0.7141666666666667 0.06625 0.06166666666666667
11 0.450625 0.685 0.06875 0.07
11 0.41125 0.8525 0.05 0.07500000000000001
11 0.5975 0.8700000000000001 0.0675 0.07333333333333333
11 0.9862500000000001 0.5308333333333334 0.025 0.065
11 0.9656250000000001 0.615 0.03375 0.07
18 0.08375 0.4991666666666667 0.0475 0.04833333333333334
