19 0.34375 0.035 0.055 0.060000000000000005
19 0.43 0.065 0.045 0.07333333333333333
19 0.413125 0.10166666666666667 0.03125 0.06666666666666667
19 0.384375 0.1691666666666667 0.04125 0.065
19 0.264375 0.14083333333333334 0.04125 0.06166666666666667
19 0.253125 0.1991666666666667 0.03875 0.07166666666666667
19 0.2325 0.24000000000000002 0.0475 0.05666666666666667
19 0.470625 0.39083333333333337 0.04125 0.09166666666666667
19 0.545625 0.3983333333333334 0.04875 0.06666666666666667
19 0.263125 0.44583333333333336 0.04875 0.09166666666666667
19 0.231875 0.4416666666666667 0.03625 0.05333333333333334
19 0.5625 0.6466666666666667 0.0425 0.06666666666666667
19 0.6675 0.5941666666666667 0.045 0.065
19 0.230625 0.7741666666666667 0.043750000000000004 0.065
18 0.50875 0.17750000000000002 0.0325 0.04166666666666667
18 0.608125 0.1991666666666667 0.03125 0.04166666666666667
18 0.42875 0.5475 0.03 0.03833333333333334
26 0.33875 0.2516666666666667 0.04 0.03333333333333333
26 0.72875 0.3325 0.02 0.05166666666666667
26 0.375625 0.5175000000000001 0.03125 0.03833333333333334
26 0.40375 0.6058333333333333 0.04 0.04833333333333334
26 0.39875 0.7283333333333334 0.035 0.03666666666666667
26 0.3375 0.8325 0.0325 0.045000000000000005
18 0.6168750000000001 0.5791666666666667 0.03875 0.035
26 0.740625 0.66 0.03875 0.04
11 0.7925 0.41000000000000003 0.05 0.05333333333333334
27 0.4925 0.6891666666666667 0.0575 0.058333333333333334
27 0.540625 0.9283333333333333 0.05625 0.04666666666666667
26 0.383125 0.5441666666666667 0.03375 0.03833333333333334
20 0.38125000000000003 0.43750000000000006 0.04 0.045000000000000005
26 0.39375 0.47000000000000003 0.025 0.043333333333333335
