18 0.310625 0.3091666666666667 0.03875 0.04833333333333334
18 0.42125 0.2891666666666667 0.03 0.058333333333333334
18 0.324375 0.3458333333333334 0.03625 0.04166666666666667
18 0.3175 0.2783333333333334 0.035 0.043333333333333335
11 0.395625 0.4441666666666667 0.043750000000000004 0.08833333333333333
11 0.44 0.42583333333333334 0.0375 0.09833333333333334
18 0.42562500000000003 0.5175000000000001 0.043750000000000004 0.045000000000000005
11 0.32375 0.5216666666666667 0.0525 0.10666666666666667
18 0.294375 0.49083333333333334 0.03125 0.05166666666666667
11 0.568125 0.7491666666666668 0.043750000000000004 0.07500000000000001
11 0.598125 0.5566666666666668 0.058750000000000004 0.07
18 0.573125 0.24166666666666667 0.03875 0.06666666666666667
