24 0.146875 0.23583333333333334 0.06125 0.09166666666666667
24 0.2325 0.2566666666666667 0.055 0.09333333333333334
18 0.125 0.3091666666666667 0.035 0.028333333333333335
24 0.36375 0.39583333333333337 0.0725 0.065
18 0.13375 0.63 0.0375 0.05333333333333334
21 0.208125 0.6366666666666667 0.06625 0.04666666666666667
21 0.21937500000000001 0.6941666666666667 0.06625 0.07166666666666667
21 0.06 0.6341666666666667 0.06 0.10166666666666667
19 0.35625 0.7583333333333334 0.045 0.07666666666666667
24 0.285625 0.7658333333333334 0.05375 0.07500000000000001
24 0.32375 0.7833333333333334 0.0425 0.07
21 0.291875 0.8383333333333334 0.05625 0.08666666666666667
18 0.250625 0.8391666666666667 0.01875 0.04833333333333334
25 0.50375 0.81 0.1 0.08
24 0.49562500000000004 0.895 0.04875 0.1
19 0.56625 0.9108333333333334 0.0625 0.07166666666666667
21 0.5493750000000001 0.9391666666666667 0.05625 0.11166666666666668
19 0.6675 0.8350000000000001 0.0625 0.07
23 0.45687500000000003 0.7016666666666667 0.05375 0.06666666666666667
21 0.4325 0.6691666666666667 0.065 0.10500000000000001
24 0.3525 0.6516666666666667 0.0725 0.07
24 0.41625 0.5850000000000001 0.08750000000000001 0.09000000000000001
24 0.513125 0.6641666666666667 0.06875 0.095
23 0.529375 0.6141666666666667 0.058750000000000004 0.09166666666666667
24 0.55875 0.5258333333333334 0.07 0.07833333333333334
24 0.55 0.4216666666666667 0.0575 0.08333333333333334
24 0.5225 0.3458333333333334 0.0775 0.07833333333333334
21 0.42312500000000003 0.025 0.07375 0.04666666666666667
24 0.35125 0.03166666666666667 0.0475 0.06333333333333334
24 0.654375 0.12416666666666668 0.051250000000000004 0.095
18 0.435625 0.7691666666666667 0.03875 0.04166666666666667
18 0.416875 0.8133333333333334 0.03375 0.05
18 0.419375 0.8883333333333334 0.03875 0.05666666666666667
21 0.7837500000000001 0.8291666666666667 0.0625 0.10500000000000001
24 0.7025 0.7691666666666667 0.075 0.09833333333333334
21 0.775625 0.6825 0.06125 0.07500000000000001
24 0.69625 0.655 0.0775 0.09000000000000001
19 0.67375 0.5950000000000001 0.055 0.07
19 0.75125 0.5750000000000001 0.0575 0.07666666666666667
19 0.776875 0.5466666666666667 0.03375 0.060000000000000005
21 0.6725 0.49833333333333335 0.0625 0.11333333333333334
21 0.724375 0.42083333333333334 0.06875 0.085
21 0.7475 0.49833333333333335 0.085 0.11333333333333334
21 0.7475 0.33666666666666667 0.08 0.08666666666666667
21 0.755625 0.21250000000000002 0.07375 0.10166666666666667
18 0.8425 0.1691666666666667 0.0225 0.05166666666666667
24 0.7781250000000001 0.2966666666666667 0.07625 0.07666666666666667
24 0.8200000000000001 0.49333333333333335 0.0675 0.09333333333333334
21 0.90375 0.5316666666666667 0.0675 0.10333333333333335
18 0.728125 0.8550000000000001 0.03375 0.043333333333333335
21 0.1275 0.7183333333333334 0.055 0.09333333333333334
