12 0.295948 0.411611 0.032574 0.038545
12 0.197018 0.536171 0.031771 0.043241
12 0.139712 0.352623 0.041018 0.031495
12 0.207274 0.272246 0.040218 0.035253
12 0.199230 0.202917 0.024933 0.043245
12 0.246685 0.170486 0.035387 0.063925
12 0.308013 0.134058 0.027747 0.037130
12 0.325104 0.042636 0.016085 0.047003
12 0.470081 0.091051 0.028553 0.044183
12 0.370750 0.103272 0.032574 0.029142
12 0.619279 0.094340 0.019704 0.061106
12 0.761240 0.264258 0.051880 0.026792
12 0.731883 0.161086 0.026138 0.037603
12 0.119483 0.449121 0.046250 0.055464
12 0.418806 0.338287 0.032975 0.040422
5 0.619969 0.187008 0.090084 0.151251
12 0.559158 0.527004 0.024130 0.048414
12 0.391660 0.564372 0.048662 0.028199
12 0.696776 0.294011 0.027345 0.042303
12 0.473467 0.211180 0.030401 0.040047
5 0.644059 0.524247 0.039658 0.062019
12 0.276444 0.287288 0.037800 0.021153
12 0.254125 0.363669 0.026944 0.044180
