23 0.675625 0.255 0.043750000000000004 0.043333333333333335
23 0.7468750000000001 0.26166666666666666 0.03625 0.060000000000000005
23 0.62375 0.24916666666666668 0.04 0.045000000000000005
19 0.634375 0.28833333333333333 0.03875 0.05333333333333334
19 0.7625000000000001 0.3375 0.025 0.06166666666666667
24 0.7056250000000001 0.3916666666666667 0.043750000000000004 0.05333333333333334
19 0.659375 0.395 0.043750000000000004 0.04666666666666667
24 0.626875 0.41583333333333333 0.03625 0.06166666666666667
24 0.649375 0.4575 0.051250000000000004 0.07500000000000001
19 0.68375 0.49333333333333335 0.0375 0.06666666666666667
23 0.60375 0.5241666666666667 0.045 0.04833333333333334
23 0.76875 0.4058333333333334 0.0525 0.04833333333333334
