18 0.41250000000000003 0.06166666666666667 0.0275 0.04666666666666667
18 0.425 0.09833333333333334 0.04 0.043333333333333335
20 0.36 0.12583333333333335 0.0325 0.06166666666666667
18 0.23 0.5333333333333333 0.0325 0.05666666666666667
18 0.496875 0.8916666666666667 0.02625 0.05
18 0.57625 0.8250000000000001 0.045 0.043333333333333335
18 0.6481250000000001 0.7175 0.03875 0.065
11 0.355 0.06166666666666667 0.045 0.08
11 0.34875 0.25083333333333335 0.065 0.058333333333333334
11 0.115 0.42333333333333334 0.055 0.07666666666666667
11 0.484375 0.35000000000000003 0.058750000000000004 0.07333333333333333
11 0.6725 0.4608333333333334 0.065 0.07833333333333334
11 0.93 0.22583333333333336 0.05 0.085
11 0.9756250000000001 0.5025000000000001 0.03875 0.09166666666666667
11 0.770625 0.5991666666666667 0.06625 0.07500000000000001
11 0.72375 0.675 0.0575 0.08
11 0.696875 0.8316666666666667 0.06625 0.060000000000000005
11 0.6125 0.9125000000000001 0.0625 0.058333333333333334
11 0.513125 0.9658333333333334 0.04875 0.06166666666666667
11 0.46625 0.9275000000000001 0.0475 0.07166666666666667
11 0.451875 0.8308333333333334 0.06125 0.065
11 0.418125 0.7658333333333334 0.05625 0.095
11 0.49625 0.7008333333333334 0.05 0.07500000000000001
11 0.33125 0.8858333333333334 0.055 0.06166666666666667
11 0.336875 0.8300000000000001 0.06125 0.06333333333333334
11 0.1575 0.9591666666666667 0.0525 0.055
11 0.26125 0.7033333333333334 0.0475 0.10333333333333335
11 0.308125 0.6508333333333334 0.058750000000000004 0.065
11 0.39375 0.6583333333333333 0.075 0.07
11 0.40625 0.5816666666666667 0.0525 0.09333333333333334
11 0.390625 0.5091666666666667 0.06875 0.06166666666666667
11 0.36375 0.5825 0.0525 0.09833333333333334
11 0.3125 0.5700000000000001 0.045 0.09333333333333334
