11 0.389375 0.2025 0.04875 0.058333333333333334
11 0.47250000000000003 0.5041666666666667 0.0425 0.07833333333333334
11 0.505625 0.7016666666666667 0.043750000000000004 0.05333333333333334
11 0.76625 0.635 0.0425 0.06333333333333334
11 0.7675000000000001 0.4566666666666667 0.0425 0.05666666666666667
18 0.539375 0.14750000000000002 0.02625 0.04166666666666667
18 0.355625 0.7250000000000001 0.03375 0.03333333333333333
18 0.22625 0.8366666666666667 0.025 0.030000000000000002
18 0.19625 0.6516666666666667 0.0325 0.030000000000000002
18 0.181875 0.5391666666666667 0.03375 0.045000000000000005
18 0.151875 0.4675 0.02625 0.025
18 0.241875 0.23083333333333333 0.02875 0.03833333333333334
