7 0.39375 0.19 0.095 0.12333333333333334
7 0.1775 0.3066666666666667 0.1 0.08
7 0.18812500000000001 0.37833333333333335 0.09625 0.09666666666666668
7 0.20500000000000002 0.5241666666666667 0.10250000000000001 0.10166666666666667
7 0.144375 0.5508333333333334 0.07875 0.07833333333333334
7 0.314375 0.7741666666666667 0.10875 0.095
7 0.88625 0.05416666666666667 0.065 0.095
7 0.885625 0.10666666666666667 0.058750000000000004 0.11333333333333334
7 0.961875 0.20500000000000002 0.07125000000000001 0.07333333333333333
7 0.9725 0.2816666666666667 0.045 0.10333333333333335
7 0.62625 0.8483333333333334 0.0625 0.11
7 0.5675 0.8350000000000001 0.075 0.1366666666666667
7 0.444375 0.9208333333333334 0.08625000000000001 0.13166666666666668
