19 0.513125 0.2575 0.04125 0.05166666666666667
19 0.475625 0.2783333333333334 0.03875 0.06666666666666667
25 0.481875 0.32333333333333336 0.04875 0.06666666666666667
26 0.555 0.405 0.025 0.03666666666666667
26 0.600625 0.4041666666666667 0.02875 0.021666666666666667
26 0.646875 0.4091666666666667 0.02375 0.04166666666666667
25 0.700625 0.4216666666666667 0.04125 0.1
26 0.686875 0.5033333333333334 0.03375 0.016666666666666666
22 0.686875 0.49000000000000005 0.03125 0.02
25 0.624375 0.48750000000000004 0.07375 0.065
18 0.608125 0.36500000000000005 0.02625 0.030000000000000002
25 0.7975 0.41583333333333333 0.035 0.065
19 0.7518750000000001 0.3841666666666667 0.02125 0.045000000000000005
23 0.688125 0.2575 0.04125 0.04166666666666667
23 0.610625 0.22833333333333336 0.03375 0.05333333333333334
25 0.69375 0.35000000000000003 0.045 0.07
25 0.69125 0.5491666666666667 0.055 0.06833333333333334
22 0.75375 0.53 0.02 0.04666666666666667
22 0.70375 0.6216666666666667 0.025 0.03666666666666667
18 0.6625 0.47250000000000003 0.0325 0.03166666666666667
26 0.58375 0.7350000000000001 0.03 0.030000000000000002
22 0.62125 0.7975000000000001 0.0175 0.035
