20 0.395 0.12083333333333333 0.07 0.06166666666666667
19 0.19187500000000002 0.3775 0.04625 0.07166666666666667
20 0.24 0.48333333333333334 0.025 0.060000000000000005
20 0.180625 0.6025 0.04125 0.055
20 0.113125 0.5741666666666667 0.02125 0.058333333333333334
20 0.161875 0.675 0.043750000000000004 0.07333333333333333
20 0.224375 0.7125 0.03375 0.065
20 0.38625 0.7808333333333334 0.045 0.06833333333333334
20 0.3275 0.7366666666666667 0.0225 0.05333333333333334
20 0.195 0.8200000000000001 0.0425 0.06333333333333334
20 0.0825 0.7941666666666667 0.04 0.05166666666666667
20 0.21125 0.9533333333333334 0.045 0.060000000000000005
20 0.32 0.8791666666666668 0.035 0.055
20 0.36 0.8516666666666667 0.0325 0.06666666666666667
20 0.38625 0.8991666666666667 0.035 0.06166666666666667
20 0.4425 0.9525 0.045 0.07166666666666667
20 0.48875 0.9575 0.0425 0.04833333333333334
20 0.44625000000000004 0.8933333333333334 0.045 0.05333333333333334
20 0.414375 0.8741666666666668 0.043750000000000004 0.04833333333333334
20 0.471875 0.8333333333333334 0.03875 0.07333333333333333
20 0.48625 0.805 0.0275 0.043333333333333335
20 0.5337500000000001 0.7508333333333334 0.04 0.05166666666666667
20 0.51875 0.8225 0.035 0.065
20 0.5875 0.8325 0.04 0.06166666666666667
20 0.6925 0.8666666666666667 0.045 0.09000000000000001
20 0.615 0.8533333333333334 0.03 0.043333333333333335
20 0.6743750000000001 0.7383333333333334 0.04625 0.05666666666666667
20 0.785625 0.6733333333333333 0.03375 0.06666666666666667
20 0.73875 0.67 0.025 0.060000000000000005
20 0.735 0.6358333333333334 0.04 0.04833333333333334
20 0.74125 0.5750000000000001 0.0575 0.05666666666666667
20 0.77 0.5333333333333333 0.04 0.05333333333333334
20 0.72875 0.4791666666666667 0.0475 0.055
20 0.740625 0.37833333333333335 0.03875 0.07
20 0.72875 0.19666666666666668 0.04 0.060000000000000005
20 0.831875 0.305 0.03375 0.07333333333333333
20 0.823125 0.3975 0.04125 0.07166666666666667
20 0.835 0.4716666666666667 0.0375 0.09333333333333334
20 0.8725 0.48750000000000004 0.0375 0.04833333333333334
20 0.854375 0.5525 0.03875 0.05166666666666667
20 0.81 0.5191666666666667 0.0275 0.058333333333333334
20 0.82875 0.6625000000000001 0.045 0.058333333333333334
20 0.620625 0.025833333333333337 0.03375 0.055
20 0.5387500000000001 0.043333333333333335 0.045 0.06333333333333334
20 0.498125 0.43250000000000005 0.043750000000000004 0.06166666666666667
20 0.535 0.6783333333333333 0.04 0.05333333333333334
20 0.4025 0.6933333333333334 0.06 0.05666666666666667
20 0.528125 0.9691666666666667 0.03875 0.04833333333333334
20 0.525 0.8916666666666667 0.045 0.05333333333333334
19 0.301875 0.635 0.05625 0.06666666666666667
18 0.07375 0.5075000000000001 0.025 0.045000000000000005
