22 0.28 0.26833333333333337 0.03 0.03333333333333333
22 0.214375 0.5641666666666667 0.02625 0.04166666666666667
22 0.229375 0.5416666666666667 0.03125 0.030000000000000002
22 0.244375 0.5166666666666667 0.02125 0.043333333333333335
11 0.274375 0.5033333333333334 0.03125 0.060000000000000005
11 0.534375 0.8450000000000001 0.03375 0.05666666666666667
22 0.5825 0.8241666666666667 0.0325 0.028333333333333335
22 0.563125 0.7200000000000001 0.03625 0.03333333333333333
22 0.526875 0.6925 0.02375 0.035
22 0.51125 0.6475000000000001 0.0225 0.04166666666666667
22 0.443125 0.6566666666666667 0.03625 0.02666666666666667
22 0.446875 0.6191666666666668 0.02625 0.03166666666666667
22 0.47750000000000004 0.5625 0.0275 0.03833333333333334
22 0.58125 0.6141666666666667 0.0325 0.025
22 0.595625 0.6783333333333333 0.03375 0.030000000000000002
22 0.66 0.6783333333333333 0.035 0.023333333333333334
22 0.640625 0.6558333333333334 0.03375 0.025
22 0.624375 0.5833333333333334 0.01875 0.04
22 0.54125 0.5241666666666667 0.025 0.045000000000000005
22 0.5906250000000001 0.5341666666666667 0.03125 0.028333333333333335
11 0.48562500000000003 0.62 0.051250000000000004 0.05
11 0.615625 0.5225000000000001 0.03375 0.06166666666666667
22 0.64375 0.5391666666666667 0.0175 0.045000000000000005
22 0.47625 0.4266666666666667 0.0325 0.03666666666666667
22 0.539375 0.4108333333333334 0.02875 0.03166666666666667
22 0.47000000000000003 0.38833333333333336 0.0225 0.043333333333333335
22 0.434375 0.33166666666666667 0.02875 0.02
22 0.438125 0.30250000000000005 0.02125 0.04166666666666667
22 0.431875 0.2733333333333334 0.01625 0.03666666666666667
22 0.48625 0.315 0.0175 0.043333333333333335
22 0.510625 0.33166666666666667 0.02125 0.04
11 0.504375 0.38 0.03375 0.06333333333333334
21 0.5425 0.4566666666666667 0.055 0.06666666666666667
22 0.698125 0.6291666666666667 0.02875 0.028333333333333335
22 0.71625 0.5866666666666667 0.025 0.03333333333333333
22 0.731875 0.5433333333333333 0.02875 0.02666666666666667
22 0.715 0.48583333333333334 0.0225 0.03166666666666667
22 0.6950000000000001 0.4741666666666667 0.0175 0.045000000000000005
22 0.68375 0.4591666666666667 0.0175 0.03833333333333334
22 0.636875 0.45583333333333337 0.01875 0.045000000000000005
22 0.5906250000000001 0.46166666666666667 0.02875 0.03333333333333333
22 0.619375 0.47250000000000003 0.03875 0.021666666666666667
22 0.583125 0.4391666666666667 0.01875 0.035
23 0.7106250000000001 0.45833333333333337 0.04625 0.060000000000000005
22 0.583125 0.39583333333333337 0.03125 0.03833333333333334
22 0.59875 0.3666666666666667 0.035 0.02666666666666667
22 0.629375 0.39583333333333337 0.02875 0.025
22 0.61875 0.42000000000000004 0.0275 0.023333333333333334
22 0.6481250000000001 0.3725 0.02875 0.03166666666666667
22 0.629375 0.36000000000000004 0.02875 0.03333333333333333
22 0.541875 0.3225 0.03375 0.025
22 0.68375 0.3416666666666667 0.0225 0.043333333333333335
22 0.718125 0.265 0.03625 0.03333333333333333
22 0.74875 0.135 0.03 0.03333333333333333
22 0.539375 0.17583333333333334 0.02125 0.04166666666666667
22 0.583125 0.1691666666666667 0.02125 0.045000000000000005
