11 0.366875 0.18000000000000002 0.05625 0.05333333333333334
11 0.375 0.24416666666666667 0.0675 0.06833333333333334
11 0.385 0.29083333333333333 0.0425 0.058333333333333334
11 0.410625 0.30833333333333335 0.043750000000000004 0.060000000000000005
11 0.4325 0.35083333333333333 0.0575 0.055
11 0.335625 0.31833333333333336 0.06375 0.06333333333333334
11 0.2775 0.3691666666666667 0.0525 0.07500000000000001
11 0.32 0.3875 0.055 0.08166666666666667
11 0.31875000000000003 0.4891666666666667 0.0775 0.115
11 0.264375 0.4991666666666667 0.03375 0.08166666666666667
11 0.195625 0.5258333333333334 0.04875 0.06833333333333334
11 0.491875 0.5483333333333333 0.051250000000000004 0.060000000000000005
11 0.4475 0.5825 0.0475 0.085
11 0.503125 0.5991666666666667 0.06625 0.045000000000000005
11 0.50875 0.6408333333333334 0.07 0.058333333333333334
11 0.49062500000000003 0.6916666666666668 0.06875 0.06333333333333334
11 0.43625 0.6366666666666667 0.0725 0.060000000000000005
11 0.426875 0.7150000000000001 0.06375 0.07
11 0.388125 0.7458333333333333 0.051250000000000004 0.085
11 0.41875 0.7983333333333333 0.0275 0.08333333333333334
11 0.463125 0.8008333333333334 0.058750000000000004 0.06166666666666667
11 0.34 0.7933333333333333 0.065 0.05
11 0.3725 0.8508333333333334 0.07 0.065
11 0.249375 0.9383333333333334 0.05625 0.06666666666666667
11 0.32 0.9750000000000001 0.0525 0.04666666666666667
11 0.45625 0.8783333333333334 0.055 0.07666666666666667
18 0.521875 0.8875000000000001 0.02875 0.04166666666666667
11 0.610625 0.7966666666666667 0.05625 0.06333333333333334
11 0.5525 0.6941666666666667 0.0675 0.05166666666666667
11 0.5806250000000001 0.5375000000000001 0.06875 0.06833333333333334
11 0.6587500000000001 0.5708333333333334 0.045 0.08833333333333333
11 0.6587500000000001 0.6516666666666667 0.065 0.060000000000000005
11 0.67875 0.6941666666666667 0.065 0.04833333333333334
11 0.548125 0.4683333333333334 0.06125 0.07333333333333333
11 0.6025 0.45 0.065 0.04666666666666667
11 0.64 0.39916666666666667 0.0425 0.08833333333333333
11 0.618125 0.30000000000000004 0.06125 0.05333333333333334
11 0.583125 0.2225 0.04875 0.07833333333333334
11 0.6793750000000001 0.33916666666666667 0.03875 0.09166666666666667
11 0.7887500000000001 0.42833333333333334 0.0575 0.06333333333333334
11 0.834375 0.5066666666666667 0.05375 0.07333333333333333
11 0.914375 0.49000000000000005 0.03625 0.08666666666666667
11 0.9606250000000001 0.5066666666666667 0.03125 0.08
11 0.85 0.685 0.06 0.07666666666666667
11 0.73375 0.7516666666666667 0.0725 0.08
11 0.693125 0.7758333333333334 0.04625 0.085
11 0.8525 0.8425 0.0525 0.05166666666666667
