19 0.365 0.14250000000000002 0.055 0.065
20 0.513125 0.05333333333333334 0.03875 0.07333333333333333
20 0.52 0.3075 0.05 0.07500000000000001
19 0.446875 0.4041666666666667 0.06125 0.08833333333333333
20 0.24375 0.31333333333333335 0.04 0.05
23 0.20375000000000001 0.49750000000000005 0.045 0.065
20 0.105 0.4758333333333334 0.0275 0.05166666666666667
20 0.130625 0.4841666666666667 0.043750000000000004 0.06166666666666667
19 0.08625000000000001 0.4666666666666667 0.0225 0.08
20 0.10625 0.5783333333333334 0.0375 0.05
19 0.15625 0.5775 0.0475 0.07166666666666667
20 0.13375 0.6050000000000001 0.0425 0.060000000000000005
20 0.21125 0.6058333333333333 0.045 0.04833333333333334
20 0.105625 0.6433333333333334 0.03375 0.05
20 0.230625 0.6941666666666667 0.03625 0.05166666666666667
20 0.129375 0.7233333333333334 0.03375 0.06666666666666667
20 0.28250000000000003 0.6233333333333334 0.02 0.07
20 0.276875 0.7191666666666667 0.03875 0.06166666666666667
20 0.4325 0.6825 0.04 0.058333333333333334
19 0.295 0.6525000000000001 0.0525 0.058333333333333334
19 0.32125 0.7558333333333334 0.0475 0.07500000000000001
20 0.27875 0.9033333333333334 0.0425 0.04
20 0.259375 0.8608333333333333 0.03375 0.04833333333333334
20 0.40625 0.8416666666666667 0.0375 0.05333333333333334
20 0.465 0.8458333333333334 0.035 0.055
20 0.495 0.8341666666666667 0.0375 0.06166666666666667
19 0.450625 0.795 0.051250000000000004 0.06666666666666667
19 0.38375000000000004 0.7975000000000001 0.045 0.06166666666666667
19 0.34125 0.8350000000000001 0.0675 0.07333333333333333
19 0.498125 0.8941666666666668 0.06125 0.06833333333333334
20 0.53625 0.9750000000000001 0.0425 0.04666666666666667
20 0.494375 0.9758333333333334 0.03375 0.04166666666666667
19 0.5825 0.7583333333333334 0.05 0.05333333333333334
19 0.658125 0.7050000000000001 0.04625 0.06666666666666667
20 0.725625 0.7591666666666668 0.03875 0.06166666666666667
20 0.676875 0.7983333333333333 0.04125 0.043333333333333335
20 0.6875 0.7458333333333333 0.0275 0.055
20 0.6125 0.6866666666666668 0.04 0.04
20 0.649375 0.6625000000000001 0.05375 0.045000000000000005
20 0.78125 0.5908333333333333 0.0325 0.06166666666666667
20 0.77125 0.6425000000000001 0.03 0.05166666666666667
20 0.729375 0.5275000000000001 0.051250000000000004 0.06166666666666667
20 0.67875 0.5641666666666667 0.0425 0.05166666666666667
20 0.638125 0.4991666666666667 0.04875 0.055
19 0.5493750000000001 0.5866666666666667 0.051250000000000004 0.043333333333333335
18 0.8043750000000001 0.6091666666666667 0.02125 0.04833333333333334
18 0.845 0.4691666666666667 0.03 0.045000000000000005
20 0.854375 0.3375 0.03875 0.04833333333333334
19 0.818125 0.39666666666666667 0.051250000000000004 0.06666666666666667
20 0.678125 0.385 0.04125 0.06666666666666667
20 0.743125 0.33666666666666667 0.03375 0.06666666666666667
20 0.765 0.19833333333333333 0.0425 0.04666666666666667
20 0.68625 0.23 0.05 0.04
20 0.58875 0.3225 0.05 0.045000000000000005
18 0.644375 0.31583333333333335 0.04125 0.04166666666666667
20 0.734375 0.12333333333333334 0.03625 0.05333333333333334
20 0.6431250000000001 0.10666666666666667 0.04875 0.05666666666666667
20 0.6793750000000001 0.04916666666666667 0.04125 0.04833333333333334
