11 0.250625 0.23583333333333334 0.04625 0.06166666666666667
11 0.795 0.3408333333333334 0.035 0.06833333333333334
11 0.806875 0.4591666666666667 0.043750000000000004 0.06166666666666667
11 0.753125 0.4566666666666667 0.03875 0.060000000000000005
11 0.72 0.44 0.045 0.06666666666666667
11 0.77875 0.5625 0.03 0.07166666666666667
11 0.784375 0.7358333333333333 0.03625 0.065
11 0.69125 0.8341666666666667 0.035 0.058333333333333334
11 0.480625 0.9141666666666667 0.03875 0.05166666666666667
11 0.12687500000000002 0.5966666666666667 0.04625 0.060000000000000005
21 0.54125 0.2316666666666667 0.07 0.09000000000000001
24 0.350625 0.0575 0.06875 0.05166666666666667
23 0.3575 0.37083333333333335 0.0525 0.058333333333333334
24 0.315 0.5216666666666667 0.0675 0.08
24 0.246875 0.5741666666666667 0.05625 0.08833333333333333
18 0.24625 0.7158333333333334 0.035 0.05166666666666667
18 0.471875 0.6841666666666667 0.03375 0.04833333333333334
18 0.45375 0.7133333333333334 0.0325 0.04666666666666667
18 0.41250000000000003 0.7675000000000001 0.0425 0.028333333333333335
26 0.414375 0.5783333333333334 0.03875 0.06333333333333334
24 0.52875 0.8133333333333334 0.045 0.04666666666666667
19 0.834375 0.6466666666666667 0.03625 0.04666666666666667
23 0.79125 0.645 0.0375 0.04
23 0.700625 0.36000000000000004 0.043750000000000004 0.07
18 0.52875 0.4316666666666667 0.035 0.03666666666666667
18 0.41250000000000003 0.22916666666666669 0.035 0.04166666666666667
18 0.384375 0.20916666666666667 0.03875 0.05166666666666667
23 0.324375 0.19666666666666668 0.05625 0.09000000000000001
