20 0.31125 0.4058333333333334 0.025 0.05166666666666667
20 0.301875 0.5966666666666667 0.04125 0.043333333333333335
20 0.2575 0.6166666666666667 0.0275 0.03666666666666667
20 0.4975 0.62 0.035 0.043333333333333335
20 0.4625 0.7158333333333334 0.0375 0.04833333333333334
20 0.39125 0.7025 0.05 0.035
20 0.28 0.7483333333333334 0.0375 0.043333333333333335
20 0.34875 0.7416666666666667 0.0425 0.05
20 0.37875000000000003 0.7825000000000001 0.035 0.055
20 0.484375 0.8966666666666667 0.03625 0.03666666666666667
20 0.67875 0.7616666666666667 0.0325 0.03666666666666667
20 0.628125 0.77 0.03875 0.04
20 0.635 0.7225 0.0375 0.05166666666666667
20 0.7056250000000001 0.5366666666666667 0.03625 0.05
