26 0.4825 0.11583333333333334 0.0375 0.028333333333333335
26 0.421875 0.2025 0.02375 0.04833333333333334
26 0.31875000000000003 0.26583333333333337 0.0325 0.028333333333333335
26 0.2925 0.07 0.0325 0.030000000000000002
26 0.24 0.2808333333333333 0.035 0.028333333333333335
26 0.278125 0.25 0.03875 0.030000000000000002
26 0.284375 0.5041666666666667 0.02375 0.045000000000000005
26 0.24 0.43750000000000006 0.0175 0.045000000000000005
26 0.21375 0.42083333333333334 0.0225 0.045000000000000005
27 0.570625 0.06833333333333334 0.058750000000000004 0.05666666666666667
27 0.704375 0.115 0.04625 0.07333333333333333
27 0.8225 0.335 0.04 0.06666666666666667
27 0.719375 0.5466666666666667 0.06375 0.05333333333333334
21 0.58625 0.24583333333333335 0.055 0.08166666666666667
19 0.33187500000000003 0.3041666666666667 0.04125 0.05166666666666667
20 0.3325 0.41000000000000003 0.0425 0.05333333333333334
20 0.2425 0.5008333333333334 0.0325 0.035
18 0.20875 0.6225 0.0325 0.04833333333333334
18 0.2 0.49500000000000005 0.035 0.03333333333333333
18 0.351875 0.28 0.03625 0.030000000000000002
26 0.33375 0.44583333333333336 0.02 0.055
