11 0.35875 0.16833333333333333 0.0475 0.08
11 0.1075 0.195 0.0375 0.05666666666666667
11 0.36625 0.3725 0.0625 0.055
11 0.419375 0.36500000000000005 0.06125 0.07333333333333333
11 0.259375 0.66 0.03875 0.08333333333333334
11 0.226875 0.6491666666666667 0.04875 0.08833333333333333
11 0.165 0.6166666666666667 0.0525 0.07
11 0.255 0.7291666666666667 0.0625 0.06166666666666667
11 0.25875 0.9441666666666667 0.0475 0.055
11 0.87625 0.9550000000000001 0.0575 0.06666666666666667
11 0.920625 0.8366666666666667 0.03875 0.07666666666666667
11 0.9275 0.6741666666666667 0.0525 0.06166666666666667
20 0.755625 0.4541666666666667 0.043750000000000004 0.085
11 0.938125 0.25833333333333336 0.04125 0.08
11 0.816875 0.12083333333333333 0.043750000000000004 0.07500000000000001
