27 0.27625 0.06416666666666668 0.0425 0.07500000000000001
27 0.450625 0.08833333333333333 0.03875 0.06666666666666667
27 0.39687500000000003 0.17916666666666667 0.03875 0.07166666666666667
27 0.45 0.22916666666666669 0.0525 0.045000000000000005
27 0.548125 0.1525 0.04875 0.058333333333333334
27 0.7025 0.07666666666666667 0.055 0.08
27 0.76375 0.1691666666666667 0.045 0.05166666666666667
27 0.760625 0.21500000000000002 0.04625 0.04666666666666667
27 0.700625 0.21000000000000002 0.03625 0.06333333333333334
27 0.676875 0.27166666666666667 0.04125 0.06333333333333334
27 0.663125 0.31833333333333336 0.04625 0.043333333333333335
27 0.62 0.32833333333333337 0.04 0.07666666666666667
27 0.6675 0.36333333333333334 0.045 0.04666666666666667
27 0.120625 0.3691666666666667 0.04625 0.07166666666666667
27 0.21937500000000001 0.48750000000000004 0.04125 0.04833333333333334
27 0.17250000000000001 0.515 0.0375 0.06333333333333334
27 0.521875 0.29583333333333334 0.05375 0.04166666666666667
27 0.45437500000000003 0.27666666666666667 0.04875 0.05
27 0.48 0.39666666666666667 0.04 0.04666666666666667
27 0.444375 0.42833333333333334 0.03375 0.06333333333333334
27 0.52 0.405 0.04 0.06333333333333334
27 0.34500000000000003 0.4941666666666667 0.0375 0.07166666666666667
27 0.37375 0.5033333333333334 0.035 0.043333333333333335
27 0.418125 0.49250000000000005 0.04125 0.04166666666666667
27 0.26625 0.5333333333333333 0.0525 0.043333333333333335
27 0.30375 0.5591666666666667 0.045 0.035
27 0.340625 0.5716666666666667 0.04625 0.023333333333333334
27 0.351875 0.5425 0.03875 0.04166666666666667
27 0.2675 0.5808333333333334 0.0375 0.04833333333333334
27 0.250625 0.6341666666666667 0.03125 0.058333333333333334
27 0.28250000000000003 0.6691666666666667 0.0375 0.05166666666666667
27 0.30875 0.6158333333333333 0.035 0.05166666666666667
27 0.34500000000000003 0.62 0.0325 0.04666666666666667
27 0.34500000000000003 0.6708333333333334 0.035 0.07166666666666667
27 0.30062500000000003 0.7183333333333334 0.05375 0.043333333333333335
27 0.325 0.7475 0.0325 0.058333333333333334
27 0.3575 0.7150000000000001 0.03 0.05333333333333334
27 0.400625 0.7350000000000001 0.03125 0.060000000000000005
27 0.379375 0.7558333333333334 0.02375 0.06833333333333334
27 0.349375 0.7825000000000001 0.03875 0.05166666666666667
27 0.42 0.77 0.025 0.05333333333333334
27 0.429375 0.7233333333333334 0.03125 0.043333333333333335
27 0.4575 0.7508333333333334 0.0425 0.03833333333333334
27 0.47500000000000003 0.7758333333333334 0.05 0.035
27 0.49375 0.8075000000000001 0.045 0.058333333333333334
27 0.39 0.5533333333333333 0.04 0.06333333333333334
27 0.418125 0.5566666666666668 0.02875 0.05666666666666667
27 0.45437500000000003 0.53 0.02875 0.05
27 0.41000000000000003 0.6508333333333334 0.04 0.055
27 0.47750000000000004 0.5758333333333334 0.0225 0.045000000000000005
27 0.50125 0.5800000000000001 0.025 0.04666666666666667
27 0.47250000000000003 0.6225 0.025 0.03833333333333334
27 0.498125 0.6308333333333334 0.02125 0.04166666666666667
27 0.525625 0.6366666666666667 0.02375 0.04666666666666667
27 0.535625 0.6866666666666668 0.03125 0.05666666666666667
27 0.47375 0.6758333333333334 0.0275 0.058333333333333334
27 0.504375 0.6683333333333333 0.02375 0.04
27 0.485 0.7216666666666667 0.03 0.05333333333333334
27 0.519375 0.7341666666666667 0.03125 0.04166666666666667
27 0.57875 0.7350000000000001 0.04 0.04666666666666667
27 0.540625 0.5791666666666667 0.04875 0.03166666666666667
27 0.543125 0.6116666666666667 0.03125 0.04666666666666667
27 0.568125 0.6075 0.02375 0.05166666666666667
27 0.593125 0.635 0.03125 0.043333333333333335
27 0.56875 0.675 0.02 0.05
27 0.59 0.6833333333333333 0.025 0.05333333333333334
27 0.5387500000000001 0.49250000000000005 0.0375 0.058333333333333334
27 0.480625 0.4891666666666667 0.043750000000000004 0.045000000000000005
27 0.5493750000000001 0.33333333333333337 0.04625 0.05666666666666667
27 0.5543750000000001 0.3866666666666667 0.04625 0.05666666666666667
27 0.59 0.3875 0.055 0.065
27 0.5725 0.43000000000000005 0.0525 0.05333333333333334
27 0.5650000000000001 0.47500000000000003 0.0425 0.05333333333333334
27 0.5875 0.5216666666666667 0.0475 0.05
27 0.578125 0.5666666666666667 0.03625 0.05333333333333334
27 0.619375 0.5475 0.051250000000000004 0.05166666666666667
27 0.615625 0.48583333333333334 0.04125 0.065
27 0.604375 0.46416666666666667 0.043750000000000004 0.055
27 0.6531250000000001 0.5675 0.051250000000000004 0.04833333333333334
27 0.606875 0.6133333333333334 0.03625 0.05333333333333334
27 0.630625 0.6050000000000001 0.03875 0.043333333333333335
27 0.5675 0.9316666666666668 0.0625 0.043333333333333335
27 0.596875 0.8625 0.04625 0.07166666666666667
27 0.63375 0.8525 0.055 0.04833333333333334
27 0.6687500000000001 0.7175 0.0475 0.04833333333333334
27 0.649375 0.68 0.05375 0.04666666666666667
27 0.73375 0.7266666666666667 0.0425 0.043333333333333335
27 0.779375 0.6908333333333334 0.043750000000000004 0.06166666666666667
27 0.688125 0.6408333333333334 0.03875 0.055
27 0.725 0.6516666666666667 0.045 0.04
27 0.734375 0.6283333333333334 0.04125 0.043333333333333335
27 0.745625 0.6025 0.04125 0.04833333333333334
27 0.776875 0.5941666666666667 0.04625 0.045000000000000005
27 0.8375 0.6008333333333333 0.035 0.07166666666666667
27 0.785 0.5391666666666667 0.03 0.058333333333333334
24 0.745625 0.535 0.051250000000000004 0.060000000000000005
27 0.764375 0.49083333333333334 0.043750000000000004 0.04166666666666667
27 0.795 0.4608333333333334 0.045 0.058333333333333334
27 0.83125 0.47000000000000003 0.0475 0.07333333333333333
27 0.66125 0.5066666666666667 0.03 0.05666666666666667
27 0.6925 0.52 0.0325 0.05
27 0.75625 0.4033333333333334 0.0375 0.060000000000000005
27 0.73 0.41500000000000004 0.0325 0.07333333333333333
27 0.7225 0.3616666666666667 0.04 0.05
27 0.68625 0.38833333333333336 0.05 0.030000000000000002
27 0.659375 0.4191666666666667 0.04125 0.045000000000000005
27 0.668125 0.4633333333333334 0.03125 0.05333333333333334
27 0.69625 0.4291666666666667 0.0425 0.05166666666666667
27 0.699375 0.47500000000000003 0.043750000000000004 0.060000000000000005
11 0.470625 0.04166666666666667 0.05375 0.05
11 0.610625 0.0625 0.04875 0.04166666666666667
11 0.638125 0.13083333333333333 0.051250000000000004 0.045000000000000005
11 0.74125 0.25083333333333335 0.0475 0.045000000000000005
11 0.713125 0.32333333333333336 0.04125 0.05333333333333334
11 0.7468750000000001 0.33166666666666667 0.03875 0.05666666666666667
11 0.513125 0.3516666666666667 0.05375 0.05333333333333334
11 0.625 0.42500000000000004 0.0425 0.05333333333333334
11 0.6375000000000001 0.49500000000000005 0.035 0.05666666666666667
11 0.68125 0.5575 0.045 0.06166666666666667
11 0.675625 0.6066666666666667 0.03875 0.05666666666666667
11 0.803125 0.6191666666666668 0.03375 0.045000000000000005
11 0.7312500000000001 0.6816666666666668 0.05 0.043333333333333335
11 0.703125 0.6950000000000001 0.03625 0.04666666666666667
11 0.624375 0.6566666666666667 0.03375 0.060000000000000005
11 0.61375 0.7033333333333334 0.0325 0.05666666666666667
11 0.629375 0.7358333333333333 0.03875 0.065
11 0.68 0.8575 0.045 0.04833333333333334
11 0.583125 0.785 0.04625 0.04666666666666667
11 0.5437500000000001 0.7525000000000001 0.035 0.06833333333333334
11 0.40875 0.8700000000000001 0.055 0.06333333333333334
11 0.395625 0.7983333333333333 0.03875 0.05666666666666667
19 0.32625 0.8341666666666667 0.0325 0.05166666666666667
11 0.414375 0.61 0.04125 0.05
11 0.370625 0.5958333333333333 0.04125 0.058333333333333334
11 0.37875000000000003 0.635 0.0425 0.043333333333333335
11 0.5275 0.5366666666666667 0.0425 0.06333333333333334
11 0.49125 0.54 0.05 0.05333333333333334
11 0.50625 0.4691666666666667 0.045 0.055
11 0.41000000000000003 0.4266666666666667 0.05 0.04
11 0.4275 0.3541666666666667 0.05 0.05166666666666667
11 0.36875 0.050833333333333335 0.0525 0.05166666666666667
11 0.245 0.17 0.045 0.05666666666666667
11 0.228125 0.29500000000000004 0.04125 0.06666666666666667
11 0.301875 0.24833333333333335 0.03875 0.060000000000000005
11 0.29375 0.3691666666666667 0.035 0.06833333333333334
11 0.315 0.35083333333333333 0.035 0.058333333333333334
11 0.310625 0.5125000000000001 0.04625 0.04166666666666667
11 0.255625 0.5075000000000001 0.051250000000000004 0.04833333333333334
11 0.206875 0.6391666666666667 0.043750000000000004 0.04833333333333334
19 0.200625 0.5658333333333334 0.04875 0.055
