25 0.41875 0.25333333333333335 0.035 0.05666666666666667
25 0.6531250000000001 0.21000000000000002 0.04875 0.06666666666666667
19 0.62375 0.26 0.04 0.05333333333333334
19 0.8075 0.255 0.03 0.060000000000000005
19 0.685625 0.3241666666666667 0.03375 0.04833333333333334
25 0.6975 0.4025 0.065 0.058333333333333334
25 0.743125 0.41833333333333333 0.04625 0.08
23 0.650625 0.3691666666666667 0.043750000000000004 0.045000000000000005
20 0.639375 0.3375 0.02125 0.04166666666666667
25 0.68375 0.2325 0.045 0.06166666666666667
25 0.7468750000000001 0.21666666666666667 0.02625 0.07333333333333333
19 0.6 0.5675 0.0475 0.05166666666666667
22 0.465 0.8025000000000001 0.025 0.028333333333333335
