19 0.673125 0.19333333333333336 0.03875 0.06666666666666667
19 0.640625 0.22666666666666668 0.03875 0.05333333333333334
23 0.6637500000000001 0.26333333333333336 0.035 0.04666666666666667
23 0.61375 0.3191666666666667 0.04 0.08166666666666667
19 0.625625 0.39916666666666667 0.04875 0.06166666666666667
19 0.6675 0.3816666666666667 0.0425 0.05666666666666667
23 0.729375 0.4391666666666667 0.03125 0.05166666666666667
19 0.5493750000000001 0.4083333333333334 0.03625 0.07333333333333333
19 0.61 0.4416666666666667 0.045 0.043333333333333335
23 0.570625 0.5275000000000001 0.03875 0.07166666666666667
19 0.596875 0.5691666666666667 0.06375 0.055
28 0.77625 0.6025 0.045 0.065
