11 0.249375 0.37333333333333335 0.058750000000000004 0.05666666666666667
11 0.321875 0.36833333333333335 0.05625 0.04666666666666667
11 0.346875 0.4216666666666667 0.03625 0.08666666666666667
11 0.3125 0.43750000000000006 0.045 0.08166666666666667
11 0.254375 0.4366666666666667 0.058750000000000004 0.08333333333333334
11 0.4025 0.42083333333333334 0.05 0.07166666666666667
11 0.441875 0.4091666666666667 0.03125 0.07166666666666667
11 0.1925 0.5308333333333334 0.0525 0.08833333333333333
11 0.181875 0.7333333333333334 0.03625 0.06666666666666667
11 0.325625 0.7908333333333334 0.051250000000000004 0.07166666666666667
11 0.538125 0.7091666666666667 0.03875 0.07833333333333334
11 0.546875 0.5708333333333334 0.06125 0.058333333333333334
11 0.61125 0.6166666666666667 0.0475 0.09000000000000001
11 0.579375 0.42250000000000004 0.058750000000000004 0.05166666666666667
11 0.480625 0.41750000000000004 0.03875 0.08166666666666667
11 0.4925 0.35250000000000004 0.065 0.04166666666666667
11 0.389375 0.32583333333333336 0.06375 0.06166666666666667
11 0.489375 0.29083333333333333 0.04875 0.07833333333333334
11 0.46625 0.22583333333333336 0.06 0.045000000000000005
11 0.468125 0.14666666666666667 0.05375 0.060000000000000005
11 0.959375 0.36583333333333334 0.04125 0.055
