18 0.259375 0.28250000000000003 0.03125 0.035
18 0.195 0.27166666666666667 0.035 0.03333333333333333
18 0.120625 0.6625000000000001 0.02375 0.05166666666666667
18 0.268125 0.8666666666666667 0.04125 0.05
18 0.46187500000000004 0.8675 0.02875 0.05166666666666667
11 0.355 0.8491666666666667 0.0625 0.07166666666666667
11 0.176875 0.8041666666666667 0.043750000000000004 0.07166666666666667
11 0.141875 0.6325000000000001 0.04125 0.09166666666666667
11 0.35375 0.7366666666666667 0.0625 0.08666666666666667
11 0.39437500000000003 0.7125 0.06125 0.05166666666666667
11 0.37625000000000003 0.6716666666666667 0.07 0.05
11 0.39125 0.6266666666666667 0.065 0.05333333333333334
11 0.32625 0.6508333333333334 0.0525 0.08166666666666667
11 0.32625 0.5958333333333333 0.0525 0.058333333333333334
11 0.320625 0.5175000000000001 0.04625 0.09833333333333334
11 0.39625 0.5216666666666667 0.0625 0.060000000000000005
11 0.241875 0.48250000000000004 0.04625 0.07833333333333334
11 0.295 0.395 0.0575 0.05666666666666667
11 0.42 0.44 0.0575 0.08333333333333334
11 0.43 0.3225 0.04 0.07166666666666667
11 0.46875 0.39416666666666667 0.04 0.085
11 0.534375 0.275 0.07375 0.07333333333333333
11 0.5700000000000001 0.20833333333333334 0.055 0.05333333333333334
18 0.51 0.18666666666666668 0.03 0.04666666666666667
18 0.5625 0.11583333333333334 0.0325 0.045000000000000005
11 0.8025 0.405 0.0625 0.05666666666666667
11 0.698125 0.335 0.04625 0.08333333333333334
11 0.776875 0.5233333333333333 0.051250000000000004 0.10666666666666667
11 0.615 0.6191666666666668 0.055 0.08833333333333333
11 0.650625 0.7100000000000001 0.04875 0.1
11 0.61875 0.7558333333333334 0.0425 0.09166666666666667
11 0.79 0.8125 0.0675 0.05166666666666667
11 0.74375 0.9766666666666667 0.05 0.03666666666666667
18 0.90375 0.20500000000000002 0.0225 0.043333333333333335
18 0.93875 0.2775 0.0175 0.045000000000000005
