26 0.336875 0.07416666666666667 0.03375 0.055
26 0.38375000000000004 0.12833333333333335 0.03 0.03666666666666667
26 0.439375 0.1925 0.03625 0.035
26 0.251875 0.2758333333333334 0.03375 0.045000000000000005
26 0.22062500000000002 0.49583333333333335 0.03625 0.058333333333333334
26 0.216875 0.5983333333333334 0.02875 0.03666666666666667
26 0.30625 0.43833333333333335 0.0325 0.03333333333333333
19 0.33437500000000003 0.395 0.04875 0.08
26 0.455625 0.36250000000000004 0.05625 0.055
26 0.52125 0.24583333333333335 0.035 0.03833333333333334
11 0.5125 0.31833333333333336 0.0575 0.06333333333333334
11 0.745 0.21666666666666667 0.045 0.07666666666666667
26 0.705 0.35250000000000004 0.025 0.045000000000000005
11 0.82875 0.655 0.035 0.060000000000000005
26 0.52375 0.7216666666666667 0.025 0.043333333333333335
