11 0.294375 0.18500000000000003 0.03375 0.04
11 0.386875 0.1525 0.03125 0.05166666666666667
11 0.4225 0.17916666666666667 0.0375 0.04833333333333334
11 0.371875 0.3433333333333334 0.02875 0.060000000000000005
11 0.475625 0.38333333333333336 0.04625 0.03666666666666667
11 0.28875 0.3741666666666667 0.035 0.045000000000000005
11 0.31 0.5583333333333333 0.0375 0.03666666666666667
11 0.19375 0.5416666666666667 0.0325 0.05666666666666667
11 0.431875 0.5733333333333334 0.03875 0.03666666666666667
11 0.385 0.5383333333333333 0.04 0.07
11 0.514375 0.5383333333333333 0.043750000000000004 0.043333333333333335
11 0.5543750000000001 0.5433333333333333 0.03375 0.060000000000000005
11 0.6637500000000001 0.44083333333333335 0.0475 0.04833333333333334
11 0.77375 0.4916666666666667 0.025 0.060000000000000005
11 0.64125 0.5675 0.0325 0.045000000000000005
11 0.6275000000000001 0.5966666666666667 0.035 0.05333333333333334
11 0.510625 0.5933333333333334 0.03375 0.04666666666666667
11 0.52625 0.6516666666666667 0.0225 0.04666666666666667
11 0.7425 0.33333333333333337 0.035 0.04
11 0.678125 0.2275 0.02625 0.055
11 0.6531250000000001 0.23 0.03125 0.05333333333333334
11 0.58875 0.16333333333333333 0.0475 0.04
