1 0.639694 0.760399 0.042910 0.063772
1 0.578344 0.745961 0.068473 0.048932
1 0.743776 0.590105 0.042301 0.058557
12 0.461421 0.643808 0.051128 0.043314
12 0.266805 0.647618 0.051431 0.035694
12 0.278369 0.683114 0.042301 0.045722
12 0.066404 0.445876 0.030432 0.067782
12 0.182810 0.521679 0.032562 0.085429
2 0.289323 0.567202 0.076385 0.092246
1 0.374079 0.557376 0.046256 0.042115
1 0.717754 0.330247 0.040171 0.090641
1 0.861701 0.497655 0.037126 0.038102
1 0.892286 0.467374 0.027693 0.059359
12 0.485767 0.698353 0.043216 0.030482
1 0.702234 0.637250 0.031650 0.069344
9 0.841584 0.447461 0.033729 0.044784
1 0.661905 0.303577 0.029925 0.052475
3 0.678645 0.362566 0.037027 0.054812
12 0.838416 0.384794 0.021302 0.057821
12 0.793654 0.694790 0.021050 0.046125
12 0.541698 0.761305 0.038548 0.024065
12 0.545882 0.800741 0.029166 0.051471
12 0.577913 0.833161 0.040831 0.022392
1 0.472225 0.952997 0.034692 0.070747
12 0.711121 0.407774 0.036217 0.038102
12 0.688479 0.449312 0.034023 0.037651
12 0.643255 0.426625 0.028911 0.054144
12 0.681145 0.504435 0.023735 0.050134
12 0.751899 0.735320 0.035302 0.031684
12 0.714620 0.698754 0.037126 0.032084
12 0.744445 0.652230 0.034692 0.044120
12 0.788267 0.818276 0.029214 0.051340
12 0.809722 0.784585 0.045344 0.025666
12 0.610084 0.952635 0.048995 0.032088
12 0.562762 0.920148 0.037735 0.032887
12 0.513765 0.675694 0.025563 0.045322
12 0.495506 0.779172 0.049907 0.038905
