1 0.431354 0.612259 0.053943 0.040909
1 0.448237 0.651004 0.067946 0.038501
1 0.490232 0.734804 0.067946 0.043350
1 0.721953 0.460964 0.029054 0.084554
1 0.523011 0.026071 0.067597 0.050593
18 0.338044 0.813343 0.081534 0.074121
18 0.609370 0.803332 0.084416 0.094813
18 0.516923 0.475333 0.070828 0.097221
18 0.341707 0.351690 0.084416 0.051019
18 0.220643 0.235889 0.058061 0.081339
18 0.531542 0.311935 0.062182 0.081339
18 0.604222 0.257548 0.058472 0.102517
18 0.690286 0.432015 0.053533 0.103958
15 0.343355 0.594258 0.117361 0.136686
15 0.531542 0.682335 0.103358 0.103958
15 0.828645 0.454443 0.114476 0.139094
15 0.768318 0.363721 0.100065 0.109734
15 0.759054 0.259282 0.094709 0.114547
15 0.685755 0.096557 0.074946 0.098185
15 0.706552 0.036635 0.102533 0.072674
15 0.435389 0.142039 0.093063 0.128501
15 0.235261 0.327817 0.067535 0.096741
14 0.129228 0.472252 0.067121 0.039949
14 0.421802 0.424123 0.029648 0.073638
14 0.441979 0.511959 0.034591 0.068341
14 0.428226 0.697621 0.064239 0.054289
14 0.619046 0.620009 0.046944 0.079414
12 0.324496 0.942666 0.035415 0.050055
1 0.267051 0.163456 0.060532 0.098181
1 0.519270 0.165142 0.070828 0.079414
1 0.757694 0.148296 0.053533 0.068821
1 0.688308 0.177656 0.064653 0.064012
1 0.568890 0.389904 0.066296 0.058236
1 0.187372 0.352363 0.044472 0.084223
1 0.121692 0.324447 0.074532 0.061124
1 0.391204 0.289072 0.054354 0.072194
1 0.563744 0.225062 0.034591 0.085671
1 0.412412 0.561002 0.044059 0.054867
