19 0.318125 0.17666666666666667 0.03625 0.07666666666666667
21 0.26687500000000003 0.21583333333333335 0.03375 0.06166666666666667
19 0.39 0.13833333333333334 0.03 0.03333333333333333
19 0.403125 0.3166666666666667 0.03875 0.05666666666666667
19 0.47875 0.3416666666666667 0.0425 0.06666666666666667
19 0.238125 0.35833333333333334 0.03875 0.05333333333333334
24 0.31875000000000003 0.5258333333333334 0.04 0.06166666666666667
24 0.373125 0.5758333333333334 0.05375 0.058333333333333334
21 0.514375 0.6516666666666667 0.06875 0.06666666666666667
19 0.503125 0.6916666666666668 0.04875 0.05
19 0.328125 0.6916666666666668 0.03875 0.05666666666666667
19 0.3875 0.7150000000000001 0.0525 0.043333333333333335
19 0.2675 0.7258333333333333 0.0375 0.04833333333333334
19 0.34625 0.7983333333333333 0.0375 0.05
24 0.49 0.7258333333333333 0.0325 0.058333333333333334
21 0.46875 0.7883333333333333 0.0475 0.06666666666666667
21 0.514375 0.7508333333333334 0.04625 0.07166666666666667
24 0.506875 0.785 0.04125 0.043333333333333335
21 0.46875 0.8366666666666667 0.0475 0.060000000000000005
19 0.466875 0.885 0.043750000000000004 0.060000000000000005
24 0.545625 0.8608333333333333 0.02875 0.06166666666666667
21 0.56125 0.78 0.055 0.060000000000000005
19 0.671875 0.7875000000000001 0.043750000000000004 0.04833333333333334
19 0.6575 0.7291666666666667 0.04 0.045000000000000005
19 0.576875 0.7008333333333334 0.04875 0.055
28 0.591875 0.7275 0.04125 0.05166666666666667
24 0.5825 0.6658333333333334 0.0425 0.055
24 0.678125 0.6941666666666667 0.04125 0.07833333333333334
24 0.626875 0.6525000000000001 0.03875 0.06166666666666667
19 0.68125 0.6383333333333334 0.0525 0.043333333333333335
19 0.63 0.6058333333333333 0.0325 0.04833333333333334
21 0.716875 0.7133333333333334 0.03875 0.08666666666666667
19 0.725625 0.5833333333333334 0.04125 0.05
19 0.731875 0.47500000000000003 0.06125 0.04666666666666667
21 0.675625 0.4416666666666667 0.051250000000000004 0.07333333333333333
19 0.7125 0.41000000000000003 0.04 0.05333333333333334
19 0.63625 0.42833333333333334 0.0375 0.05
24 0.700625 0.275 0.04625 0.06666666666666667
19 0.6012500000000001 0.31333333333333335 0.0475 0.05
21 0.6125 0.26916666666666667 0.055 0.06833333333333334
19 0.61 0.20333333333333334 0.045 0.05333333333333334
