1 0.833855 0.470600 0.097781 0.100000
1 0.310725 0.463934 0.073333 0.069527
1 0.397507 0.483934 0.095338 0.063809
1 0.044678 0.293934 0.052966 0.104762
1 0.112719 0.709172 0.065188 0.104762
1 0.208055 0.672983 0.040741 0.089523
1 0.287910 0.596315 0.078223 0.048570
1 0.297280 0.719647 0.087190 0.040000
1 0.453322 0.617266 0.097781 0.073332
1 0.447213 0.705840 0.090448 0.054285
1 0.412988 0.757745 0.044818 0.080000
1 0.081754 0.938221 0.088002 0.069523
1 0.030419 0.874887 0.053778 0.055238
1 0.415840 0.943934 0.057040 0.092379
1 0.540103 0.830602 0.085559 0.063809
1 0.628922 0.845364 0.046446 0.085715
1 0.800039 0.789647 0.046446 0.079047
1 0.795151 0.709172 0.061114 0.078097
1 0.942230 0.546315 0.057040 0.112383
1 0.652960 0.645838 0.052151 0.092383
1 0.519325 0.484887 0.052151 0.082856
1 0.529104 0.400124 0.065185 0.092383
1 0.855042 0.293934 0.060299 0.068574
1 0.486324 0.275362 0.085559 0.090477
1 0.559661 0.281553 0.057852 0.114289
1 0.356355 0.166315 0.084743 0.053336
1 0.466362 0.181553 0.068447 0.062859
1 0.279762 0.149172 0.048892 0.087621
1 0.263058 0.067268 0.046446 0.081906
1 0.411766 0.032681 0.027703 0.065362
1 0.779669 0.185838 0.067635 0.090477
1 0.855856 0.153934 0.073336 0.074285
1 0.955632 0.117745 0.077326 0.041906
1 0.811040 0.050600 0.086374 0.061906
1 0.642775 0.100600 0.080669 0.049523
1 0.525030 0.187745 0.058668 0.088570
