25 0.56125 0.26666666666666666 0.0425 0.06666666666666667
18 0.659375 0.21333333333333335 0.02375 0.02666666666666667
25 0.6793750000000001 0.29833333333333334 0.06375 0.05333333333333334
20 0.730625 0.31333333333333335 0.02875 0.060000000000000005
22 0.57625 0.35083333333333333 0.0275 0.035
25 0.691875 0.42083333333333334 0.043750000000000004 0.058333333333333334
25 0.68625 0.35250000000000004 0.0475 0.065
19 0.73625 0.335 0.045 0.04666666666666667
26 0.7468750000000001 0.4608333333333334 0.03125 0.04833333333333334
18 0.670625 0.48833333333333334 0.03125 0.03333333333333333
22 0.42625 0.7675000000000001 0.015 0.04166666666666667
