11 0.351875 0.08416666666666667 0.04875 0.065
18 0.38125000000000003 0.14916666666666667 0.035 0.04833333333333334
11 0.44 0.30333333333333334 0.035 0.07
11 0.3525 0.37000000000000005 0.06 0.05
11 0.4175 0.44083333333333335 0.0675 0.06833333333333334
11 0.35125 0.4266666666666667 0.0675 0.04666666666666667
11 0.31125 0.4091666666666667 0.05 0.058333333333333334
18 0.23500000000000001 0.4625 0.025 0.045000000000000005
11 0.370625 0.4916666666666667 0.06375 0.07
11 0.326875 0.5483333333333333 0.058750000000000004 0.07333333333333333
11 0.195 0.5125000000000001 0.0425 0.085
11 0.249375 0.6341666666666667 0.06625 0.04833333333333334
11 0.170625 0.6666666666666667 0.058750000000000004 0.05
11 0.11875000000000001 0.6675000000000001 0.04 0.065
11 0.2775 0.7458333333333333 0.0325 0.07833333333333334
18 0.355 0.7108333333333334 0.04 0.06166666666666667
11 0.311875 0.8133333333333334 0.043750000000000004 0.07333333333333333
11 0.27 0.8275 0.0325 0.085
11 0.508125 0.8441666666666667 0.03875 0.07833333333333334
11 0.655 0.6791666666666667 0.07 0.055
11 0.511875 0.62 0.07625 0.05666666666666667
11 0.47625 0.5633333333333334 0.055 0.06666666666666667
18 0.47375 0.35333333333333333 0.03 0.04666666666666667
18 0.453125 0.2566666666666667 0.02875 0.043333333333333335
11 0.48812500000000003 0.10583333333333333 0.05375 0.04166666666666667
