20 0.26875 0.4216666666666667 0.0225 0.03333333333333333
18 0.231875 0.5933333333333334 0.01875 0.03333333333333333
21 0.273125 0.6333333333333334 0.03875 0.06666666666666667
24 0.403125 0.7366666666666667 0.043750000000000004 0.05666666666666667
21 0.451875 0.7175 0.05625 0.06166666666666667
19 0.49375 0.7966666666666667 0.0325 0.060000000000000005
18 0.48 0.8091666666666667 0.0225 0.03833333333333334
20 0.395 0.8583333333333334 0.04 0.03333333333333333
20 0.388125 0.8283333333333334 0.02125 0.03333333333333333
18 0.43375 0.8158333333333334 0.0225 0.021666666666666667
18 0.499375 0.655 0.02625 0.03333333333333333
20 0.596875 0.6933333333333334 0.03125 0.043333333333333335
18 0.5825 0.7308333333333333 0.0275 0.035
18 0.626875 0.7200000000000001 0.02375 0.04
18 0.68 0.6983333333333334 0.0225 0.05
18 0.7075 0.7033333333333334 0.025 0.030000000000000002
20 0.665 0.7225 0.03 0.028333333333333335
20 0.645625 0.7783333333333334 0.03125 0.05
18 0.675 0.7775000000000001 0.025 0.03166666666666667
19 0.7106250000000001 0.63 0.03625 0.06333333333333334
19 0.69625 0.6741666666666667 0.035 0.04833333333333334
21 0.641875 0.64 0.051250000000000004 0.07333333333333333
18 0.60875 0.6291666666666667 0.0225 0.03833333333333334
21 0.7275 0.5425 0.0475 0.095
21 0.651875 0.5041666666666667 0.05375 0.07166666666666667
20 0.64625 0.49333333333333335 0.0225 0.030000000000000002
18 0.61125 0.43833333333333335 0.03 0.03666666666666667
18 0.6175 0.4841666666666667 0.0225 0.035
18 0.5962500000000001 0.4791666666666667 0.0275 0.028333333333333335
21 0.700625 0.4441666666666667 0.03875 0.04833333333333334
18 0.689375 0.47750000000000004 0.02625 0.03166666666666667
24 0.7468750000000001 0.4066666666666667 0.03625 0.060000000000000005
18 0.7518750000000001 0.43583333333333335 0.02625 0.03833333333333334
18 0.660625 0.37000000000000005 0.02375 0.05333333333333334
18 0.67375 0.3141666666666667 0.025 0.03833333333333334
18 0.64875 0.32666666666666666 0.02 0.03666666666666667
18 0.66625 0.27416666666666667 0.0325 0.028333333333333335
24 0.641875 0.26583333333333337 0.04625 0.06166666666666667
18 0.606875 0.22083333333333335 0.02875 0.028333333333333335
18 0.59375 0.265 0.0275 0.02
21 0.5525 0.2066666666666667 0.0425 0.06333333333333334
19 0.511875 0.20333333333333334 0.03875 0.05333333333333334
21 0.47750000000000004 0.26833333333333337 0.0575 0.05333333333333334
12 0.310625 0.22666666666666668 0.00875 0.013333333333333334
18 0.36 0.4991666666666667 0.025 0.05166666666666667
18 0.68625 0.5066666666666667 0.0225 0.03333333333333333
18 0.701875 0.5566666666666668 0.01875 0.03333333333333333
18 0.5650000000000001 0.7508333333333334 0.025 0.035
18 0.59125 0.8516666666666667 0.0175 0.030000000000000002
18 0.57625 0.8508333333333334 0.025 0.035
18 0.404375 0.7616666666666667 0.02875 0.03333333333333333
18 0.37 0.7183333333333334 0.0325 0.03333333333333333
18 0.36875 0.6883333333333334 0.0225 0.030000000000000002
21 0.45875 0.67 0.055 0.05333333333333334
