11 0.3825 0.09833333333333334 0.0475 0.06333333333333334
11 0.31375000000000003 0.23333333333333334 0.0475 0.05
11 0.370625 0.24333333333333335 0.05625 0.05333333333333334
11 0.244375 0.22083333333333335 0.04125 0.07500000000000001
11 0.22312500000000002 0.28 0.03625 0.07
11 0.14125000000000001 0.3116666666666667 0.0325 0.06666666666666667
11 0.1775 0.3225 0.055 0.055
11 0.06875 0.39 0.05 0.06666666666666667
11 0.278125 0.31833333333333336 0.051250000000000004 0.043333333333333335
11 0.3375 0.29250000000000004 0.0525 0.04166666666666667
11 0.3525 0.335 0.055 0.04666666666666667
11 0.3925 0.2791666666666667 0.0375 0.07166666666666667
11 0.42812500000000003 0.2966666666666667 0.043750000000000004 0.08
11 0.41125 0.3591666666666667 0.06 0.04166666666666667
11 0.453125 0.3516666666666667 0.043750000000000004 0.043333333333333335
11 0.35375 0.3825 0.0475 0.058333333333333334
11 0.319375 0.4025 0.04625 0.045000000000000005
11 0.28125 0.35750000000000004 0.0525 0.055
11 0.251875 0.3766666666666667 0.043750000000000004 0.030000000000000002
11 0.23125 0.3375 0.0525 0.055
11 0.173125 0.3725 0.03125 0.06833333333333334
11 0.21125 0.38833333333333336 0.0375 0.05333333333333334
11 0.129375 0.43583333333333335 0.03625 0.065
11 0.16375 0.4166666666666667 0.05 0.05
11 0.194375 0.43500000000000005 0.03875 0.05
11 0.229375 0.44833333333333336 0.03875 0.05
11 0.26375 0.42583333333333334 0.0225 0.06166666666666667
11 0.29625 0.43000000000000005 0.06 0.04666666666666667
11 0.37625000000000003 0.4341666666666667 0.0475 0.04833333333333334
11 0.42375 0.4466666666666667 0.0525 0.05
11 0.379375 0.4808333333333334 0.03125 0.07500000000000001
11 0.3375 0.49583333333333335 0.0425 0.058333333333333334
11 0.295 0.4891666666666667 0.055 0.04833333333333334
11 0.26 0.48250000000000004 0.025 0.058333333333333334
11 0.205625 0.48250000000000004 0.043750000000000004 0.045000000000000005
11 0.17875 0.4966666666666667 0.03 0.06333333333333334
11 0.14625 0.5033333333333334 0.03 0.06666666666666667
11 0.113125 0.47250000000000003 0.03375 0.065
11 0.115625 0.5583333333333333 0.03125 0.06666666666666667
11 0.17250000000000001 0.5533333333333333 0.0475 0.05
11 0.2325 0.545 0.03 0.07333333333333333
11 0.25125000000000003 0.5391666666666667 0.0175 0.04833333333333334
11 0.285625 0.5358333333333334 0.03125 0.055
11 0.310625 0.5691666666666667 0.03375 0.055
11 0.346875 0.5525 0.04625 0.07500000000000001
11 0.381875 0.5466666666666667 0.02625 0.05666666666666667
11 0.42875 0.5266666666666667 0.0325 0.08
11 0.421875 0.5733333333333334 0.05375 0.04
11 0.379375 0.5858333333333333 0.03625 0.04833333333333334
11 0.359375 0.62 0.02625 0.05333333333333334
11 0.3275 0.62 0.04 0.06333333333333334
11 0.28250000000000003 0.5833333333333334 0.0475 0.05
11 0.229375 0.5958333333333333 0.04625 0.04166666666666667
11 0.1775 0.6033333333333334 0.0375 0.05333333333333334
11 0.1975 0.6283333333333334 0.0375 0.04
11 0.15125 0.6358333333333334 0.035 0.07833333333333334
11 0.198125 0.6825 0.06375 0.05166666666666667
11 0.224375 0.6483333333333334 0.03875 0.05
11 0.263125 0.6225 0.02875 0.045000000000000005
11 0.294375 0.6375000000000001 0.03875 0.06833333333333334
11 0.276875 0.6708333333333334 0.02625 0.04166666666666667
11 0.246875 0.6658333333333334 0.043750000000000004 0.04833333333333334
11 0.28125 0.7066666666666667 0.055 0.05
11 0.318125 0.6983333333333334 0.04125 0.05333333333333334
11 0.345625 0.6825 0.02625 0.07166666666666667
11 0.36562500000000003 0.6900000000000001 0.03625 0.060000000000000005
11 0.416875 0.66 0.05625 0.04
11 0.443125 0.6375000000000001 0.03625 0.065
11 0.20750000000000002 0.7283333333333334 0.0275 0.06666666666666667
11 0.23625000000000002 0.7150000000000001 0.03 0.043333333333333335
11 0.24875 0.7475 0.0325 0.058333333333333334
11 0.276875 0.7575000000000001 0.03125 0.04833333333333334
11 0.30125 0.7708333333333334 0.04 0.06833333333333334
11 0.325625 0.7400000000000001 0.03125 0.05333333333333334
11 0.178125 0.7716666666666667 0.04875 0.07333333333333333
11 0.4625 0.6133333333333334 0.045 0.07
11 0.498125 0.6033333333333334 0.02875 0.08333333333333334
11 0.5337500000000001 0.6341666666666667 0.0375 0.08166666666666667
11 0.58375 0.6658333333333334 0.0525 0.055
11 0.62125 0.6925 0.045 0.065
11 0.5725 0.7041666666666667 0.06 0.058333333333333334
11 0.51 0.67 0.0575 0.04
11 0.484375 0.6991666666666667 0.06125 0.04833333333333334
11 0.41875 0.6891666666666667 0.0425 0.065
11 0.44125000000000003 0.7375 0.0575 0.03833333333333334
11 0.491875 0.7516666666666667 0.043750000000000004 0.05
11 0.533125 0.7191666666666667 0.043750000000000004 0.05166666666666667
11 0.533125 0.7566666666666667 0.04625 0.05333333333333334
11 0.564375 0.7558333333333334 0.04125 0.06833333333333334
11 0.598125 0.7691666666666667 0.03625 0.07166666666666667
11 0.448125 0.7866666666666667 0.04125 0.05666666666666667
11 0.439375 0.8183333333333334 0.06875 0.05333333333333334
11 0.49062500000000003 0.7983333333333333 0.03875 0.05333333333333334
11 0.5181250000000001 0.8366666666666667 0.051250000000000004 0.05
11 0.5437500000000001 0.7991666666666667 0.0425 0.06166666666666667
11 0.379375 0.7425 0.06875 0.028333333333333335
11 0.38625 0.78 0.025 0.05666666666666667
11 0.35375 0.7816666666666667 0.03 0.060000000000000005
11 0.33437500000000003 0.8 0.04125 0.05
11 0.3125 0.8108333333333334 0.03 0.05166666666666667
11 0.34500000000000003 0.8441666666666667 0.0325 0.058333333333333334
11 0.37625000000000003 0.8333333333333334 0.025 0.04
11 0.40625 0.8366666666666667 0.0325 0.07333333333333333
11 0.43625 0.8666666666666667 0.045 0.05666666666666667
11 0.376875 0.8783333333333334 0.04125 0.05333333333333334
11 0.148125 0.8650000000000001 0.03875 0.07333333333333333
11 0.193125 0.8191666666666667 0.04125 0.06833333333333334
11 0.228125 0.8541666666666667 0.051250000000000004 0.045000000000000005
11 0.24625 0.805 0.0375 0.060000000000000005
11 0.27875 0.8066666666666668 0.025 0.05
11 0.3 0.8525 0.0375 0.04833333333333334
11 0.265 0.8791666666666668 0.055 0.035
11 0.2775 0.9233333333333333 0.035 0.060000000000000005
11 0.21 0.9233333333333333 0.055 0.060000000000000005
11 0.32937500000000003 0.9391666666666667 0.03625 0.07166666666666667
11 0.384375 0.9550000000000001 0.03625 0.07
11 0.398125 0.9125000000000001 0.02625 0.06833333333333334
11 0.439375 0.9358333333333334 0.03125 0.055
11 0.473125 0.8741666666666668 0.02625 0.05166666666666667
11 0.513125 0.8758333333333334 0.04125 0.03833333333333334
11 0.5175 0.9075000000000001 0.055 0.03833333333333334
11 0.480625 0.9216666666666667 0.02875 0.03333333333333333
11 0.483125 0.9616666666666668 0.043750000000000004 0.03333333333333333
11 0.5325 0.9766666666666667 0.0325 0.04
11 0.524375 0.9375000000000001 0.02625 0.055
11 0.550625 0.8733333333333334 0.02625 0.06333333333333334
11 0.556875 0.9383333333333334 0.03625 0.05
11 0.598125 0.9 0.043750000000000004 0.043333333333333335
11 0.588125 0.9508333333333334 0.03625 0.058333333333333334
11 0.620625 0.935 0.03625 0.060000000000000005
11 0.6587500000000001 0.9083333333333334 0.04 0.07
11 0.5750000000000001 0.8325 0.03 0.07166666666666667
11 0.613125 0.8633333333333334 0.06125 0.04
11 0.67 0.8525 0.05 0.045000000000000005
11 0.65 0.8141666666666667 0.0475 0.05166666666666667
11 0.6075 0.8166666666666668 0.05 0.060000000000000005
11 0.663125 0.7541666666666668 0.03625 0.07833333333333334
11 0.6975 0.7441666666666668 0.0375 0.05166666666666667
11 0.700625 0.795 0.043750000000000004 0.03666666666666667
11 0.711875 0.8400000000000001 0.03375 0.07
11 0.7375 0.905 0.0525 0.08333333333333334
11 0.81125 0.9241666666666667 0.05 0.045000000000000005
11 0.76875 0.8258333333333334 0.0425 0.06833333333333334
11 0.735625 0.8200000000000001 0.03625 0.05333333333333334
11 0.74625 0.7566666666666667 0.0475 0.07
11 0.795625 0.7358333333333333 0.04875 0.04833333333333334
11 0.841875 0.7183333333333334 0.04125 0.07
11 0.8425 0.785 0.0375 0.08666666666666667
11 0.9293750000000001 0.8133333333333334 0.05625 0.05666666666666667
11 0.938125 0.6708333333333334 0.02875 0.07166666666666667
11 0.6475 0.6233333333333334 0.04 0.06666666666666667
11 0.665 0.67 0.03 0.08333333333333334
11 0.69625 0.6900000000000001 0.0375 0.06666666666666667
11 0.7368750000000001 0.68 0.06875 0.05666666666666667
11 0.79 0.68 0.0525 0.08333333333333334
11 0.80375 0.7358333333333333 0.055 0.055
11 0.9656250000000001 0.5916666666666667 0.043750000000000004 0.05666666666666667
11 0.949375 0.5441666666666667 0.058750000000000004 0.058333333333333334
11 0.76875 0.6408333333333334 0.065 0.05166666666666667
11 0.76 0.5983333333333334 0.0575 0.04
11 0.7525000000000001 0.5533333333333333 0.06 0.05333333333333334
11 0.714375 0.6166666666666667 0.03875 0.07
11 0.6843750000000001 0.5883333333333334 0.051250000000000004 0.08
11 0.64625 0.5575 0.0625 0.04833333333333334
11 0.665 0.49000000000000005 0.0475 0.06666666666666667
11 0.796875 0.4541666666666667 0.06375 0.055
11 0.594375 0.5466666666666667 0.051250000000000004 0.07
11 0.5925 0.4816666666666667 0.045 0.07666666666666667
11 0.64 0.4608333333333334 0.045 0.06833333333333334
11 0.65625 0.39416666666666667 0.065 0.06833333333333334
11 0.593125 0.4008333333333334 0.058750000000000004 0.07166666666666667
11 0.5425 0.44583333333333336 0.0425 0.07166666666666667
11 0.54 0.5208333333333334 0.05 0.08833333333333333
11 0.466875 0.5016666666666667 0.043750000000000004 0.07333333333333333
11 0.48562500000000003 0.44833333333333336 0.06375 0.05333333333333334
11 0.419375 0.4008333333333334 0.06875 0.055
11 0.51875 0.31833333333333336 0.0575 0.05333333333333334
11 0.5750000000000001 0.28500000000000003 0.06 0.06333333333333334
11 0.62 0.2575 0.05 0.07500000000000001
11 0.475625 0.21000000000000002 0.06875 0.06666666666666667
11 0.683125 0.20833333333333334 0.04125 0.07333333333333333
11 0.57125 0.17750000000000002 0.0625 0.058333333333333334
11 0.59 0.13416666666666668 0.04 0.08166666666666667
11 0.62375 0.12333333333333334 0.0375 0.07666666666666667
27 0.780625 0.8758333333333334 0.04625 0.07500000000000001
12 0.84125 0.6633333333333333 0.025 0.023333333333333334
12 0.373125 0.13416666666666668 0.02375 0.028333333333333335
