21 0.371875 0.3416666666666667 0.07375 0.10333333333333335
30 0.503125 0.0325 0.043750000000000004 0.05166666666666667
30 0.19 0.39916666666666667 0.0425 0.05166666666666667
30 0.2925 0.48750000000000004 0.035 0.055
30 0.326875 0.6408333333333334 0.04125 0.055
30 0.46187500000000004 0.9166666666666667 0.03125 0.04666666666666667
30 0.5906250000000001 0.9191666666666667 0.04625 0.04166666666666667
30 0.62 0.9216666666666667 0.03 0.05666666666666667
30 0.79125 0.8725 0.0325 0.03833333333333334
30 0.77625 0.8883333333333334 0.03 0.043333333333333335
30 0.8200000000000001 0.6191666666666668 0.0375 0.058333333333333334
24 0.479375 0.18583333333333335 0.058750000000000004 0.065
27 0.464375 0.6358333333333334 0.06875 0.058333333333333334
11 0.42375 0.025833333333333337 0.05 0.055
11 0.54125 0.04833333333333334 0.0625 0.05333333333333334
11 0.5543750000000001 0.09250000000000001 0.058750000000000004 0.058333333333333334
11 0.496875 0.12583333333333335 0.05625 0.06833333333333334
11 0.51 0.23750000000000002 0.0425 0.07833333333333334
11 0.495 0.28833333333333333 0.0525 0.08
11 0.5525 0.2816666666666667 0.055 0.06666666666666667
11 0.52375 0.33666666666666667 0.065 0.06333333333333334
11 0.515625 0.4041666666666667 0.06125 0.06166666666666667
11 0.551875 0.4566666666666667 0.05375 0.08333333333333334
11 0.5856250000000001 0.5416666666666667 0.07125000000000001 0.07333333333333333
11 0.238125 0.3566666666666667 0.05375 0.08
11 0.19187500000000002 0.46 0.051250000000000004 0.07
11 0.354375 0.48000000000000004 0.05375 0.05666666666666667
11 0.431875 0.5208333333333334 0.07875 0.07166666666666667
11 0.361875 0.5566666666666668 0.06625 0.06333333333333334
11 0.388125 0.6133333333333334 0.04625 0.09333333333333334
11 0.445 0.5966666666666667 0.0675 0.06333333333333334
11 0.5075000000000001 0.6133333333333334 0.0575 0.05666666666666667
11 0.504375 0.6583333333333333 0.058750000000000004 0.07
11 0.469375 0.6691666666666667 0.05625 0.06833333333333334
11 0.42375 0.6741666666666667 0.05 0.08166666666666667
11 0.38625 0.7000000000000001 0.05 0.08333333333333334
11 0.359375 0.7375 0.05375 0.07833333333333334
11 0.438125 0.7166666666666667 0.06125 0.06666666666666667
11 0.499375 0.7116666666666667 0.06125 0.05
11 0.463125 0.76 0.05375 0.07
11 0.50875 0.7791666666666667 0.055 0.07500000000000001
11 0.23 0.6825 0.0575 0.058333333333333334
11 0.13375 0.8575 0.0575 0.07833333333333334
11 0.233125 0.8558333333333333 0.058750000000000004 0.08166666666666667
11 0.400625 0.785 0.06375 0.08333333333333334
11 0.46875 0.8250000000000001 0.0625 0.08
11 0.424375 0.8475 0.05375 0.065
11 0.39625 0.8650000000000001 0.045 0.08333333333333334
11 0.36375 0.8716666666666667 0.0325 0.07
11 0.44625000000000004 0.8991666666666667 0.065 0.06833333333333334
11 0.4525 0.9425000000000001 0.055 0.06833333333333334
11 0.57875 0.8558333333333333 0.065 0.058333333333333334
11 0.790625 0.052500000000000005 0.043750000000000004 0.07500000000000001
11 0.894375 0.20750000000000002 0.05625 0.06833333333333334
11 0.951875 0.39 0.043750000000000004 0.07666666666666667
11 0.8768750000000001 0.41750000000000004 0.04125 0.095
11 0.846875 0.4091666666666667 0.04125 0.06833333333333334
11 0.756875 0.43500000000000005 0.04625 0.07666666666666667
11 0.800625 0.47500000000000003 0.05625 0.060000000000000005
11 0.895625 0.6125 0.05375 0.065
11 0.793125 0.6491666666666667 0.03875 0.09166666666666667
11 0.740625 0.6433333333333334 0.051250000000000004 0.08333333333333334
11 0.688125 0.6741666666666667 0.043750000000000004 0.085
11 0.645625 0.6916666666666668 0.06375 0.07
11 0.67 0.7641666666666667 0.0425 0.085
11 0.70625 0.7691666666666667 0.0375 0.085
11 0.7993750000000001 0.78 0.04875 0.06333333333333334
11 0.86625 0.8408333333333334 0.055 0.06833333333333334
11 0.803125 0.8258333333333334 0.05375 0.058333333333333334
11 0.68375 0.8408333333333334 0.045 0.07166666666666667
11 0.7225 0.8241666666666667 0.0575 0.05166666666666667
11 0.745 0.8550000000000001 0.0525 0.05666666666666667
11 0.801875 0.9491666666666667 0.05625 0.045000000000000005
