11 0.2025 0.15833333333333335 0.0625 0.07666666666666667
11 0.263125 0.4041666666666667 0.058750000000000004 0.08166666666666667
11 0.698125 0.5616666666666666 0.06375 0.08333333333333334
11 0.2225 0.6558333333333334 0.065 0.07500000000000001
11 0.946875 0.29750000000000004 0.04625 0.085
18 0.308125 0.17250000000000001 0.03875 0.04833333333333334
18 0.473125 0.0475 0.03875 0.058333333333333334
18 0.505 0.05416666666666667 0.0325 0.058333333333333334
18 0.53 0.1716666666666667 0.0475 0.05666666666666667
18 0.5475 0.26583333333333337 0.0425 0.055
18 0.115625 0.5066666666666667 0.03125 0.05333333333333334
18 0.214375 0.5141666666666667 0.03375 0.055
18 0.279375 0.7908333333333334 0.03875 0.055
18 0.65375 0.8600000000000001 0.04 0.05666666666666667
18 0.835 0.88 0.0375 0.060000000000000005
18 0.74125 0.66 0.0375 0.05333333333333334
