24 0.239375 0.335 0.051250000000000004 0.09000000000000001
23 0.19 0.3325 0.0475 0.065
23 0.05 0.4266666666666667 0.04 0.04666666666666667
20 0.225 0.48750000000000004 0.0275 0.055
20 0.315625 0.6358333333333334 0.04875 0.06166666666666667
21 0.291875 0.6625000000000001 0.07625 0.10500000000000001
18 0.443125 0.5741666666666667 0.043750000000000004 0.07500000000000001
24 0.2 0.7466666666666667 0.04 0.07666666666666667
18 0.195 0.8225 0.0425 0.04166666666666667
18 0.386875 0.8258333333333334 0.03375 0.058333333333333334
24 0.378125 0.7425 0.07875 0.09833333333333334
24 0.4375 0.8316666666666667 0.055 0.06666666666666667
23 0.625625 0.9825 0.05625 0.03166666666666667
23 0.39187500000000003 0.9741666666666667 0.05625 0.04833333333333334
23 0.46875 0.9866666666666667 0.0575 0.023333333333333334
21 0.7368750000000001 0.6525000000000001 0.06875 0.06833333333333334
21 0.755625 0.5933333333333334 0.06625 0.09000000000000001
18 0.1625 0.6841666666666667 0.03 0.05166666666666667
