11 0.601875 0.3383333333333334 0.03875 0.043333333333333335
11 0.49312500000000004 0.34 0.02875 0.05333333333333334
11 0.578125 0.43583333333333335 0.04125 0.04166666666666667
11 0.526875 0.4266666666666667 0.02875 0.043333333333333335
11 0.7625000000000001 0.48333333333333334 0.0375 0.043333333333333335
11 0.676875 0.6016666666666667 0.03875 0.03666666666666667
11 0.69875 0.6433333333333334 0.0325 0.05
11 0.625625 0.6108333333333333 0.03125 0.04166666666666667
11 0.54875 0.6241666666666668 0.03 0.05166666666666667
11 0.553125 0.6725000000000001 0.02625 0.055
11 0.646875 0.7583333333333334 0.02625 0.043333333333333335
11 0.56375 0.7791666666666667 0.025 0.04833333333333334
11 0.49312500000000004 0.8208333333333334 0.03875 0.03833333333333334
11 0.304375 0.6425000000000001 0.02625 0.05166666666666667
11 0.319375 0.6008333333333333 0.04125 0.03166666666666667
11 0.35875 0.6091666666666667 0.0275 0.035
11 0.464375 0.6066666666666667 0.04125 0.03333333333333333
11 0.4475 0.5591666666666667 0.0375 0.04166666666666667
11 0.335625 0.5558333333333334 0.02625 0.045000000000000005
