18 0.1825 0.18083333333333335 0.025 0.045000000000000005
18 0.355625 0.14416666666666667 0.03375 0.04833333333333334
18 0.441875 0.08166666666666667 0.02875 0.04
18 0.42312500000000003 0.1275 0.02875 0.025
18 0.489375 0.17750000000000002 0.03375 0.035
18 0.36875 0.23833333333333334 0.03 0.04666666666666667
18 0.31875000000000003 0.26833333333333337 0.0325 0.04
18 0.389375 0.2841666666666667 0.02875 0.03833333333333334
18 0.3675 0.29833333333333334 0.0325 0.04666666666666667
18 0.229375 0.2833333333333333 0.03625 0.03666666666666667
18 0.346875 0.3491666666666667 0.01875 0.03833333333333334
18 0.20375000000000001 0.38 0.0225 0.04
18 0.15625 0.38833333333333336 0.03 0.04666666666666667
18 0.27375 0.3741666666666667 0.0325 0.03833333333333334
18 0.318125 0.3825 0.03375 0.035
18 0.2975 0.4191666666666667 0.025 0.04166666666666667
18 0.325 0.4108333333333334 0.0225 0.045000000000000005
18 0.450625 0.3591666666666667 0.03125 0.03833333333333334
18 0.4875 0.4116666666666667 0.0325 0.03666666666666667
18 0.406875 0.49083333333333334 0.02375 0.04166666666666667
18 0.4425 0.4916666666666667 0.0325 0.04666666666666667
18 0.33437500000000003 0.4841666666666667 0.03125 0.04833333333333334
18 0.34125 0.445 0.03 0.043333333333333335
18 0.28375 0.62 0.035 0.03333333333333333
18 0.213125 0.6441666666666667 0.03625 0.045000000000000005
18 0.29 0.6816666666666668 0.03 0.04666666666666667
18 0.340625 0.6941666666666667 0.02875 0.04166666666666667
18 0.309375 0.7575000000000001 0.03125 0.045000000000000005
18 0.354375 0.8016666666666667 0.02875 0.04
18 0.405 0.745 0.03 0.04
18 0.43062500000000004 0.6975 0.03375 0.04166666666666667
18 0.398125 0.63 0.02875 0.043333333333333335
18 0.4625 0.6025 0.0225 0.045000000000000005
18 0.51625 0.6916666666666668 0.03 0.05
18 0.55875 0.7791666666666667 0.03 0.04166666666666667
18 0.58125 0.7408333333333333 0.035 0.03833333333333334
18 0.64125 0.7716666666666667 0.0325 0.03666666666666667
18 0.5725 0.5475 0.04 0.04833333333333334
18 0.613125 0.5591666666666667 0.03375 0.03833333333333334
18 0.669375 0.555 0.02875 0.05666666666666667
18 0.59125 0.465 0.0325 0.05
18 0.6125 0.3433333333333334 0.0375 0.05333333333333334
18 0.634375 0.24583333333333335 0.03625 0.04833333333333334
18 0.5775 0.21666666666666667 0.035 0.043333333333333335
11 0.6531250000000001 0.6950000000000001 0.051250000000000004 0.07
11 0.506875 0.34500000000000003 0.03625 0.06666666666666667
11 0.68625 0.04833333333333334 0.045 0.05
11 0.29625 0.058333333333333334 0.04 0.06333333333333334
24 0.3425 0.555 0.0475 0.06666666666666667
24 0.3675 0.6575000000000001 0.06 0.07500000000000001
19 0.419375 0.6016666666666667 0.04875 0.05666666666666667
