11 0.25875 0.1675 0.055 0.065
11 0.41625 0.19 0.045 0.07666666666666667
11 0.483125 0.14250000000000002 0.04125 0.07833333333333334
11 0.504375 0.28833333333333333 0.04875 0.060000000000000005
11 0.446875 0.30583333333333335 0.06125 0.065
11 0.509375 0.3516666666666667 0.06375 0.08
11 0.305625 0.35833333333333334 0.043750000000000004 0.08666666666666667
11 0.193125 0.195 0.04125 0.07333333333333333
11 0.25375000000000003 0.45083333333333336 0.055 0.058333333333333334
11 0.3325 0.4816666666666667 0.045 0.08
11 0.2025 0.43083333333333335 0.0475 0.07166666666666667
11 0.243125 0.535 0.04625 0.08
11 0.274375 0.5116666666666667 0.05375 0.06666666666666667
11 0.333125 0.5633333333333334 0.043750000000000004 0.07666666666666667
11 0.18 0.5358333333333334 0.06 0.07166666666666667
11 0.15937500000000002 0.5725 0.03625 0.07500000000000001
11 0.39375 0.5825 0.0375 0.085
11 0.4375 0.6050000000000001 0.055 0.08666666666666667
11 0.4475 0.555 0.0475 0.06666666666666667
11 0.49062500000000003 0.5725 0.05625 0.065
11 0.53125 0.5266666666666667 0.0575 0.04
11 0.50375 0.48500000000000004 0.0525 0.08
11 0.446875 0.48583333333333334 0.06375 0.06166666666666667
11 0.5337500000000001 0.6316666666666667 0.0575 0.060000000000000005
11 0.48625 0.6483333333333334 0.0375 0.09333333333333334
11 0.42312500000000003 0.6866666666666668 0.04625 0.08333333333333334
11 0.385625 0.655 0.05375 0.07666666666666667
11 0.260625 0.63 0.03875 0.08333333333333334
11 0.211875 0.7175 0.058750000000000004 0.07166666666666667
11 0.318125 0.8541666666666667 0.058750000000000004 0.06166666666666667
11 0.328125 0.9058333333333334 0.06375 0.055
18 0.413125 0.885 0.02625 0.043333333333333335
11 0.3725 0.9375000000000001 0.065 0.055
11 0.33 0.9750000000000001 0.0525 0.04666666666666667
11 0.503125 0.9733333333333334 0.043750000000000004 0.04
11 0.61 0.6491666666666667 0.05 0.08166666666666667
11 0.668125 0.6533333333333333 0.04625 0.08666666666666667
11 0.70875 0.6691666666666667 0.045 0.07500000000000001
11 0.678125 0.5950000000000001 0.07125000000000001 0.05666666666666667
11 0.619375 0.5241666666666667 0.05625 0.085
11 0.661875 0.4541666666666667 0.06125 0.07500000000000001
11 0.6118750000000001 0.3641666666666667 0.051250000000000004 0.08166666666666667
11 0.570625 0.38833333333333336 0.03375 0.08666666666666667
11 0.55125 0.30250000000000005 0.0425 0.085
11 0.61125 0.2041666666666667 0.0475 0.08166666666666667
11 0.7887500000000001 0.27166666666666667 0.0525 0.07666666666666667
11 0.719375 0.5675 0.06375 0.06166666666666667
11 0.968125 0.4891666666666667 0.02625 0.055
