11 0.29812500000000003 0.23583333333333334 0.03625 0.045000000000000005
11 0.343125 0.24083333333333334 0.04125 0.04166666666666667
11 0.295 0.28583333333333333 0.0325 0.045000000000000005
11 0.250625 0.29583333333333334 0.04125 0.04166666666666667
11 0.35000000000000003 0.1991666666666667 0.03 0.04833333333333334
11 0.37 0.21583333333333335 0.02 0.05166666666666667
11 0.39687500000000003 0.21250000000000002 0.03375 0.035
11 0.41250000000000003 0.24416666666666667 0.0425 0.04166666666666667
11 0.40125 0.18416666666666667 0.035 0.03833333333333334
11 0.375 0.17833333333333334 0.0325 0.03666666666666667
11 0.22875 0.36333333333333334 0.035 0.03666666666666667
11 0.20875 0.39083333333333337 0.03 0.05166666666666667
11 0.229375 0.4891666666666667 0.03875 0.03166666666666667
11 0.2575 0.5383333333333333 0.0225 0.05
11 0.286875 0.5408333333333334 0.02375 0.055
11 0.36125 0.5408333333333334 0.035 0.05166666666666667
11 0.45937500000000003 0.28583333333333333 0.03375 0.03833333333333334
11 0.426875 0.32083333333333336 0.03375 0.045000000000000005
11 0.455625 0.33666666666666667 0.04125 0.030000000000000002
11 0.49 0.3433333333333334 0.0375 0.03333333333333333
11 0.45 0.3691666666666667 0.0325 0.04166666666666667
11 0.476875 0.37333333333333335 0.02875 0.04
11 0.421875 0.4041666666666667 0.04125 0.04166666666666667
11 0.49 0.41500000000000004 0.0325 0.04666666666666667
11 0.520625 0.3725 0.02375 0.045000000000000005
11 0.5181250000000001 0.43250000000000005 0.03625 0.035
11 0.543125 0.41250000000000003 0.03125 0.03833333333333334
11 0.4825 0.4716666666666667 0.0325 0.043333333333333335
11 0.5125 0.4691666666666667 0.025 0.028333333333333335
11 0.5337500000000001 0.4733333333333334 0.0175 0.05
11 0.556875 0.4491666666666667 0.02125 0.045000000000000005
11 0.585 0.44083333333333335 0.025 0.04833333333333334
11 0.5775 0.4758333333333334 0.0325 0.03166666666666667
11 0.558125 0.4991666666666667 0.02875 0.035
11 0.5225 0.5066666666666667 0.035 0.03666666666666667
11 0.441875 0.5175000000000001 0.03625 0.035
11 0.47125 0.5308333333333334 0.035 0.035
11 0.460625 0.56 0.03375 0.03666666666666667
11 0.443125 0.5900000000000001 0.02375 0.05
11 0.419375 0.5750000000000001 0.02125 0.05333333333333334
11 0.39875 0.5541666666666667 0.03 0.04166666666666667
11 0.2475 0.7000000000000001 0.0275 0.05333333333333334
11 0.365 0.7108333333333334 0.045 0.03833333333333334
11 0.380625 0.7566666666666667 0.04625 0.03666666666666667
11 0.405 0.7766666666666667 0.0225 0.04666666666666667
11 0.484375 0.7483333333333334 0.04125 0.04
11 0.504375 0.79 0.02625 0.04666666666666667
11 0.53 0.775 0.035 0.03333333333333333
11 0.558125 0.7908333333333334 0.02875 0.03833333333333334
11 0.565625 0.8400000000000001 0.02875 0.04666666666666667
11 0.583125 0.7933333333333333 0.03625 0.043333333333333335
11 0.588125 0.8266666666666668 0.01875 0.03333333333333333
11 0.61125 0.7966666666666667 0.03 0.04
11 0.63375 0.7966666666666667 0.0275 0.04
11 0.595625 0.7716666666666667 0.03125 0.02666666666666667
11 0.583125 0.7408333333333333 0.03625 0.035
11 0.56 0.7308333333333333 0.0275 0.03166666666666667
11 0.56375 0.6975 0.0375 0.04166666666666667
11 0.5962500000000001 0.7075 0.035 0.035
11 0.6175 0.6875 0.025 0.05166666666666667
11 0.646875 0.6858333333333334 0.02625 0.055
11 0.673125 0.7175 0.02875 0.035
11 0.645 0.7408333333333333 0.0325 0.04166666666666667
11 0.665 0.7675000000000001 0.0225 0.04166666666666667
11 0.6825 0.7533333333333334 0.025 0.04
11 0.693125 0.6858333333333334 0.02875 0.045000000000000005
11 0.7156250000000001 0.6758333333333334 0.01875 0.04166666666666667
11 0.5275 0.6375000000000001 0.0275 0.05166666666666667
11 0.539375 0.67 0.03125 0.043333333333333335
11 0.56875 0.6583333333333333 0.02 0.05
11 0.588125 0.6683333333333333 0.03125 0.03666666666666667
11 0.59875 0.64 0.0375 0.02666666666666667
11 0.468125 0.6733333333333333 0.043750000000000004 0.04
11 0.505625 0.5875 0.03375 0.04833333333333334
11 0.5337500000000001 0.5700000000000001 0.0325 0.06333333333333334
11 0.56375 0.5425 0.0375 0.035
11 0.57125 0.5775 0.025 0.04166666666666667
11 0.615625 0.5850000000000001 0.03125 0.030000000000000002
11 0.6425 0.6000000000000001 0.04 0.04
11 0.655625 0.5841666666666667 0.02625 0.021666666666666667
11 0.671875 0.5725 0.02625 0.04833333333333334
11 0.641875 0.5541666666666667 0.03875 0.035
11 0.613125 0.5608333333333334 0.02375 0.04166666666666667
11 0.5875 0.5466666666666667 0.0275 0.04
11 0.613125 0.5258333333333334 0.03375 0.021666666666666667
11 0.620625 0.4841666666666667 0.02625 0.04166666666666667
11 0.596875 0.5025000000000001 0.03375 0.045000000000000005
11 0.705 0.5841666666666667 0.025 0.04833333333333334
11 0.73 0.6216666666666667 0.03 0.03333333333333333
11 0.748125 0.5891666666666667 0.02375 0.04166666666666667
11 0.726875 0.5633333333333334 0.01875 0.03666666666666667
11 0.74875 0.5416666666666667 0.025 0.04666666666666667
11 0.714375 0.5341666666666667 0.02625 0.04166666666666667
11 0.704375 0.5075000000000001 0.02875 0.03166666666666667
11 0.685 0.5283333333333333 0.0275 0.04666666666666667
11 0.734375 0.5083333333333334 0.02625 0.05
11 0.775625 0.5125000000000001 0.02625 0.055
11 0.70125 0.4675 0.0275 0.05166666666666667
11 0.7225 0.4633333333333334 0.0325 0.03333333333333333
11 0.74125 0.4466666666666667 0.03 0.03666666666666667
11 0.7575000000000001 0.42833333333333334 0.0425 0.03333333333333333
11 0.7625000000000001 0.39583333333333337 0.0225 0.04833333333333334
11 0.71875 0.4266666666666667 0.03 0.04666666666666667
11 0.6900000000000001 0.41750000000000004 0.025 0.04833333333333334
11 0.668125 0.4541666666666667 0.03625 0.028333333333333335
11 0.628125 0.445 0.03375 0.043333333333333335
11 0.63625 0.42083333333333334 0.04 0.03833333333333334
11 0.6625 0.41500000000000004 0.035 0.043333333333333335
11 0.54 0.3375 0.0225 0.065
11 0.56125 0.36250000000000004 0.03 0.04833333333333334
11 0.574375 0.32833333333333337 0.02625 0.043333333333333335
11 0.589375 0.3541666666666667 0.03125 0.025
11 0.58875 0.385 0.03 0.05
11 0.6012500000000001 0.32 0.03 0.043333333333333335
11 0.6168750000000001 0.3566666666666667 0.01625 0.03333333333333333
11 0.635 0.33 0.03 0.043333333333333335
11 0.634375 0.36333333333333334 0.03125 0.043333333333333335
11 0.640625 0.39083333333333337 0.04625 0.025
11 0.6825 0.36083333333333334 0.0325 0.028333333333333335
11 0.72875 0.35500000000000004 0.035 0.030000000000000002
11 0.73375 0.3916666666666667 0.0275 0.04
11 0.6725 0.335 0.0225 0.03666666666666667
11 0.7000000000000001 0.335 0.025 0.05333333333333334
11 0.72 0.3216666666666667 0.0225 0.05
11 0.49 0.30250000000000005 0.03 0.058333333333333334
11 0.5337500000000001 0.27 0.0275 0.05333333333333334
11 0.56125 0.26666666666666666 0.0375 0.03666666666666667
11 0.58125 0.2775 0.0225 0.045000000000000005
11 0.6062500000000001 0.2733333333333334 0.0325 0.03333333333333333
11 0.49875 0.24750000000000003 0.0325 0.035
11 0.46875 0.22083333333333335 0.0275 0.03166666666666667
11 0.45 0.195 0.0175 0.043333333333333335
11 0.474375 0.18416666666666667 0.02375 0.025
11 0.5 0.1925 0.025 0.045000000000000005
11 0.5181250000000001 0.21583333333333335 0.02375 0.04166666666666667
11 0.529375 0.18666666666666668 0.02875 0.030000000000000002
11 0.553125 0.19833333333333333 0.03125 0.02666666666666667
11 0.57875 0.18333333333333335 0.03 0.03333333333333333
11 0.6125 0.18250000000000002 0.0325 0.03166666666666667
11 0.59375 0.20083333333333334 0.0275 0.025
11 0.609375 0.21583333333333335 0.02375 0.03166666666666667
11 0.58625 0.23750000000000002 0.0325 0.03166666666666667
11 0.62875 0.2016666666666667 0.02 0.030000000000000002
11 0.65 0.22333333333333336 0.0275 0.030000000000000002
11 0.671875 0.2325 0.02875 0.04833333333333334
11 0.6875 0.2675 0.0275 0.035
11 0.71125 0.2833333333333333 0.02 0.04
11 0.66625 0.29500000000000004 0.0275 0.02666666666666667
11 0.638125 0.24583333333333335 0.02375 0.035
24 0.46625 0.63 0.04 0.06666666666666667
24 0.338125 0.635 0.043750000000000004 0.05
23 0.386875 0.5916666666666667 0.03375 0.04
23 0.45437500000000003 0.77 0.03375 0.04666666666666667
18 0.305 0.4041666666666667 0.02 0.035
23 0.534375 0.7350000000000001 0.04875 0.05
25 0.694375 0.39666666666666667 0.04625 0.06333333333333334
