22 0.30312500000000003 0.030000000000000002 0.043750000000000004 0.04666666666666667
22 0.35000000000000003 0.025 0.03 0.04666666666666667
22 0.41125 0.035 0.0475 0.03666666666666667
22 0.37125 0.08916666666666667 0.0275 0.045000000000000005
22 0.3875 0.1366666666666667 0.0425 0.03666666666666667
23 0.210625 0.35833333333333334 0.04125 0.07
25 0.34125 0.5208333333333334 0.05 0.085
23 0.3125 0.5475 0.045 0.065
23 0.30625 0.64 0.055 0.05666666666666667
19 0.4175 0.6233333333333334 0.0575 0.060000000000000005
19 0.23750000000000002 0.7908333333333334 0.045 0.07166666666666667
18 0.21375 0.7208333333333333 0.0375 0.04833333333333334
18 0.3525 0.9491666666666667 0.0375 0.04166666666666667
23 0.805625 0.8416666666666667 0.04625 0.07
24 0.7262500000000001 0.5541666666666667 0.06 0.065
19 0.650625 0.625 0.04625 0.07
22 0.75 0.3066666666666667 0.0425 0.060000000000000005
22 0.9425 0.27666666666666667 0.025 0.060000000000000005
22 0.65125 0.21083333333333334 0.035 0.035
