7 0.517354 0.162146 0.141600 0.084831
5 0.601105 0.758356 0.078867 0.124060
5 0.219963 0.544782 0.110153 0.098665
7 0.719085 0.325569 0.068310 0.158850
7 0.687392 0.380304 0.049798 0.153027
7 0.686351 0.188760 0.148008 0.083165
7 0.590761 0.376251 0.155347 0.073187
7 0.568587 0.277748 0.124525 0.083165
7 0.289298 0.330144 0.058347 0.172990
7 0.372905 0.266937 0.066178 0.133067
7 0.440266 0.403443 0.051755 0.158017
7 0.354406 0.464873 0.053368 0.166333
7 0.309933 0.395015 0.059773 0.149702
7 0.214583 0.387528 0.071158 0.156351
7 0.524469 0.567168 0.073290 0.148036
7 0.707698 0.566339 0.096772 0.176315
7 0.620531 0.538892 0.073293 0.169658
7 0.455890 0.627759 0.054040 0.171379
7 0.424963 0.696622 0.061130 0.149702
7 0.303529 0.646179 0.145160 0.086493
7 0.305903 0.936846 0.138522 0.077344
7 0.221343 0.952830 0.084678 0.094340
7 0.334838 0.790471 0.081117 0.168829
7 0.419513 0.885284 0.093928 0.187126
