12 0.540147 0.844775 0.025266 0.064975
12 0.494333 0.771377 0.026178 0.056150
12 0.681306 0.860416 0.023136 0.061765
12 0.555582 0.879868 0.067580 0.042113
12 0.603891 0.872598 0.018454 0.052659
12 0.621378 0.878838 0.018780 0.057354
12 0.584501 0.817701 0.063318 0.037299
12 0.496372 0.839158 0.023440 0.064171
12 0.443252 0.782808 0.043228 0.023665
12 0.473481 0.840764 0.018570 0.061765
12 0.775066 0.796043 0.062100 0.038906
12 0.711291 0.713221 0.050838 0.045721
12 0.685415 0.624584 0.045966 0.020055
12 0.652843 0.658876 0.024658 0.074200
12 0.700484 0.435277 0.056620 0.063370
12 0.657409 0.355863 0.036226 0.075404
12 0.717074 0.513486 0.019788 0.054545
12 0.613116 0.648850 0.058448 0.040509
12 0.248961 0.500501 0.046710 0.044079
12 0.514029 0.547577 0.040486 0.086632
12 0.634121 0.575250 0.048098 0.079412
12 0.689373 0.559008 0.057534 0.047729
12 0.735339 0.756136 0.056318 0.029679
12 0.645536 0.739491 0.026484 0.070187
12 0.662583 0.751925 0.016134 0.053341
9 0.736659 0.581523 0.029846 0.056685
12 0.677044 0.738289 0.020092 0.054148
12 0.694395 0.671710 0.038966 0.038103
12 0.746298 0.709011 0.024048 0.056551
12 0.457864 0.644237 0.043836 0.068986
12 0.591960 0.761951 0.031964 0.066980
12 0.620270 0.725054 0.022832 0.077407
12 0.732448 0.923585 0.052968 0.066980
12 0.630164 0.913559 0.049924 0.030079
12 0.653451 0.879267 0.036226 0.053744
