18 0.145 0.3725 0.03 0.045000000000000005
18 0.250625 0.30833333333333335 0.03875 0.03333333333333333
18 0.268125 0.36500000000000005 0.02875 0.05333333333333334
18 0.3075 0.41500000000000004 0.0425 0.043333333333333335
18 0.02125 0.4733333333333334 0.0375 0.03666666666666667
18 0.081875 0.5066666666666667 0.02625 0.03333333333333333
18 0.106875 0.5275000000000001 0.02625 0.03833333333333334
18 0.1575 0.5458333333333334 0.0375 0.03833333333333334
18 0.12687500000000002 0.5466666666666667 0.03375 0.030000000000000002
18 0.376875 0.5025000000000001 0.03375 0.05166666666666667
18 0.16125 0.4791666666666667 0.035 0.065
18 0.1875 0.4708333333333334 0.025 0.05166666666666667
18 0.20500000000000002 0.49000000000000005 0.035 0.05333333333333334
18 0.21625 0.5475 0.0375 0.06166666666666667
18 0.19125 0.5583333333333333 0.0325 0.05666666666666667
18 0.230625 0.4966666666666667 0.03375 0.043333333333333335
18 0.169375 0.6175 0.03375 0.04833333333333334
18 0.215625 0.635 0.02875 0.05666666666666667
18 0.2175 0.6925 0.0325 0.05166666666666667
18 0.265625 0.7000000000000001 0.03625 0.043333333333333335
18 0.230625 0.7775000000000001 0.02875 0.03833333333333334
18 0.295 0.7591666666666668 0.0325 0.03166666666666667
18 0.26 0.8033333333333333 0.03 0.043333333333333335
18 0.280625 0.8216666666666668 0.03125 0.04666666666666667
19 0.213125 0.8158333333333334 0.06125 0.06166666666666667
18 0.270625 0.9033333333333334 0.03875 0.04
18 0.321875 0.9 0.04125 0.05333333333333334
18 0.36375 0.9275000000000001 0.0375 0.035
18 0.335625 0.9616666666666668 0.03625 0.03666666666666667
11 0.420625 0.7041666666666667 0.06375 0.06166666666666667
19 0.471875 0.6641666666666667 0.05625 0.07166666666666667
18 0.353125 0.6950000000000001 0.03875 0.05333333333333334
18 0.37875000000000003 0.665 0.035 0.05
18 0.42812500000000003 0.6458333333333334 0.03625 0.04833333333333334
18 0.509375 0.7058333333333334 0.03125 0.05166666666666667
18 0.570625 0.7291666666666667 0.03625 0.055
18 0.52125 0.7916666666666667 0.04 0.03333333333333333
18 0.59 0.7716666666666667 0.0425 0.060000000000000005
18 0.5275 0.935 0.035 0.03666666666666667
18 0.54875 0.8825000000000001 0.03 0.045000000000000005
18 0.591875 0.8783333333333334 0.03625 0.04666666666666667
18 0.615 0.9391666666666667 0.03 0.045000000000000005
18 0.6675 0.8450000000000001 0.025 0.04666666666666667
18 0.613125 0.8483333333333334 0.04125 0.03333333333333333
11 0.70125 0.6883333333333334 0.0475 0.08666666666666667
18 0.733125 0.7933333333333333 0.03625 0.04666666666666667
18 0.764375 0.7041666666666667 0.03625 0.05166666666666667
18 0.808125 0.7400000000000001 0.03875 0.05
18 0.7212500000000001 0.6058333333333333 0.0375 0.03166666666666667
20 0.750625 0.6333333333333334 0.043750000000000004 0.07
18 0.60375 0.545 0.0425 0.043333333333333335
11 0.859375 0.31083333333333335 0.058750000000000004 0.06166666666666667
18 0.7125 0.3358333333333334 0.035 0.045000000000000005
