1 0.986220 0.761371 0.027560 0.055227
1 0.258117 0.544764 0.081724 0.077974
1 0.378198 0.482386 0.055039 0.087719
1 0.286886 0.419520 0.080887 0.061404
1 0.453668 0.307921 0.082555 0.054583
1 0.337337 0.318643 0.065045 0.052630
1 0.388623 0.268936 0.092565 0.046784
1 0.374448 0.226051 0.074217 0.046784
1 0.333168 0.153927 0.073383 0.042885
1 0.278129 0.114453 0.053371 0.084794
1 0.083413 0.183165 0.059206 0.087719
1 0.424897 0.747492 0.090062 0.046784
1 0.486189 0.789889 0.092565 0.041910
1 0.524133 0.884920 0.096732 0.070175
1 0.379866 0.979496 0.101737 0.041008
1 0.458254 0.570104 0.070047 0.074074
1 0.614611 0.700709 0.035857 0.109160
1 0.723853 0.592523 0.077554 0.046784
1 0.620865 0.452172 0.063374 0.058479
1 0.684242 0.442910 0.070047 0.059454
1 0.717599 0.529656 0.040028 0.071150
1 0.651720 0.353730 0.045033 0.085773
1 0.733442 0.284531 0.045030 0.070175
1 0.672566 0.309871 0.061709 0.048734
1 0.602937 0.213379 0.055870 0.077970
1 0.481186 0.048661 0.055873 0.089669
1 0.817666 0.823516 0.050034 0.095515
1 0.974295 0.926342 0.051410 0.045809
1 0.916902 0.889793 0.053368 0.040939
1 0.709122 0.948954 0.029760 0.068152
2 0.077339 0.361133 0.059359 0.102092
2 0.264630 0.052716 0.070940 0.060353
2 0.327848 0.865495 0.053567 0.038920
2 0.402407 0.789633 0.058876 0.039483
2 0.779308 0.218543 0.045363 0.060353
9 0.643028 0.056826 0.048640 0.031826
1 0.783505 0.163323 0.061289 0.037792
1 0.937449 0.071384 0.055496 0.042303
1 0.431443 0.105873 0.071046 0.028203
1 0.206069 0.241439 0.042726 0.056795
18 0.281500 0.305284 0.110314 0.096293
18 0.369318 0.600164 0.044918 0.107443
1 0.827664 0.241986 0.046246 0.029378
1 0.266727 0.019975 0.054289 0.033685
1 0.138708 0.298665 0.040218 0.071677
