20 0.27875 0.48250000000000004 0.045 0.045000000000000005
20 0.5650000000000001 0.6066666666666667 0.035 0.04666666666666667
27 0.6725 0.3091666666666667 0.04 0.04833333333333334
27 0.505 0.19 0.0325 0.043333333333333335
27 0.485 0.545 0.03 0.05
11 0.61375 0.7341666666666667 0.03 0.05166666666666667
24 0.5962500000000001 0.5183333333333333 0.04 0.08666666666666667
24 0.6925 0.6025 0.0375 0.04833333333333334
23 0.380625 0.6233333333333334 0.03875 0.04666666666666667
23 0.545625 0.8058333333333334 0.03125 0.055
23 0.474375 0.8325 0.02875 0.028333333333333335
23 0.661875 0.6025 0.03375 0.058333333333333334
18 0.313125 0.27666666666666667 0.02625 0.030000000000000002
18 0.2225 0.55 0.02 0.02666666666666667
18 0.24375 0.5075000000000001 0.0225 0.03166666666666667
18 0.21125 0.6516666666666667 0.0225 0.030000000000000002
18 0.34750000000000003 0.68 0.0225 0.02666666666666667
18 0.398125 0.7183333333333334 0.02625 0.03333333333333333
18 0.385 0.7433333333333334 0.03 0.030000000000000002
18 0.505625 0.7241666666666667 0.02375 0.035
18 0.49562500000000004 0.8175 0.02375 0.04166666666666667
18 0.44875 0.885 0.0275 0.030000000000000002
18 0.446875 0.8441666666666667 0.02375 0.025
18 0.458125 0.8625 0.02875 0.028333333333333335
18 0.539375 0.7575000000000001 0.02875 0.03166666666666667
18 0.569375 0.8191666666666667 0.02375 0.03166666666666667
18 0.565625 0.8591666666666667 0.02625 0.045000000000000005
18 0.506875 0.8700000000000001 0.02625 0.023333333333333334
18 0.655 0.8141666666666667 0.015 0.035
18 0.66125 0.795 0.025 0.03333333333333333
18 0.636875 0.5691666666666667 0.02625 0.03166666666666667
18 0.703125 0.45083333333333336 0.02125 0.035
22 0.500625 0.41000000000000003 0.01625 0.04666666666666667
20 0.315625 0.7641666666666667 0.02625 0.045000000000000005
20 0.623125 0.8350000000000001 0.043750000000000004 0.03333333333333333
