18 0.356875 0.2941666666666667 0.02375 0.04833333333333334
18 0.294375 0.335 0.02125 0.043333333333333335
18 0.12562500000000001 0.4491666666666667 0.02625 0.04166666666666667
18 0.18875 0.48000000000000004 0.035 0.04
26 0.280625 0.40166666666666667 0.03625 0.03333333333333333
26 0.39937500000000004 0.2866666666666667 0.02625 0.043333333333333335
11 0.258125 0.06583333333333334 0.03625 0.055
11 0.30062500000000003 0.08 0.043750000000000004 0.05
11 0.393125 0.1975 0.04125 0.06833333333333334
11 0.246875 0.29083333333333333 0.04625 0.07166666666666667
11 0.28125 0.2816666666666667 0.0375 0.05666666666666667
11 0.3175 0.3116666666666667 0.0425 0.05
11 0.379375 0.2575 0.03125 0.06166666666666667
11 0.45375 0.25333333333333335 0.04 0.07
11 0.596875 0.1691666666666667 0.03875 0.065
11 0.735 0.2541666666666667 0.05 0.06833333333333334
11 0.686875 0.38833333333333336 0.03875 0.060000000000000005
11 0.358125 0.3916666666666667 0.04125 0.05666666666666667
11 0.401875 0.395 0.04125 0.060000000000000005
11 0.45437500000000003 0.39416666666666667 0.03875 0.06833333333333334
11 0.530625 0.4116666666666667 0.04125 0.07
11 0.5525 0.4841666666666667 0.0425 0.065
11 0.414375 0.5533333333333333 0.03625 0.06666666666666667
11 0.218125 0.7416666666666667 0.04125 0.06333333333333334
11 0.435 0.6233333333333334 0.04 0.03666666666666667
11 0.439375 0.6658333333333334 0.05375 0.05166666666666667
11 0.494375 0.6175 0.05625 0.055
11 0.6168750000000001 0.5666666666666667 0.05375 0.05666666666666667
11 0.733125 0.5916666666666667 0.04125 0.07
11 0.500625 0.675 0.03625 0.06666666666666667
11 0.47250000000000003 0.7183333333333334 0.04 0.06666666666666667
11 0.398125 0.8475 0.04875 0.04166666666666667
11 0.568125 0.6875 0.051250000000000004 0.06833333333333334
11 0.608125 0.7608333333333334 0.03875 0.058333333333333334
11 0.8150000000000001 0.7033333333333334 0.0425 0.06333333333333334
11 0.850625 0.5616666666666666 0.04625 0.05666666666666667
11 0.80125 0.5383333333333333 0.0475 0.05
11 0.795 0.5 0.045 0.043333333333333335
11 0.8075 0.44083333333333335 0.045 0.06166666666666667
11 0.6525 0.052500000000000005 0.0475 0.04166666666666667
27 0.6975 0.07500000000000001 0.04 0.05333333333333334
27 0.724375 0.14666666666666667 0.03625 0.06666666666666667
27 0.629375 0.09416666666666668 0.03875 0.05166666666666667
27 0.628125 0.135 0.058750000000000004 0.05
27 0.6175 0.2 0.0525 0.05
27 0.63 0.25083333333333335 0.0325 0.06166666666666667
27 0.6625 0.27 0.0475 0.05666666666666667
27 0.8143750000000001 0.31083333333333335 0.04625 0.055
27 0.816875 0.35833333333333334 0.051250000000000004 0.043333333333333335
27 0.811875 0.39416666666666667 0.04625 0.04166666666666667
27 0.85875 0.4733333333333334 0.0375 0.06666666666666667
27 0.790625 0.5716666666666667 0.051250000000000004 0.03666666666666667
27 0.730625 0.38583333333333336 0.04875 0.05166666666666667
27 0.7425 0.41833333333333333 0.045 0.05666666666666667
27 0.6637500000000001 0.4733333333333334 0.04 0.06333333333333334
27 0.691875 0.445 0.04625 0.05333333333333334
27 0.508125 0.7733333333333334 0.06375 0.05333333333333334
27 0.56625 0.7416666666666667 0.0475 0.06666666666666667
27 0.60875 0.7058333333333334 0.0525 0.045000000000000005
27 0.619375 0.6541666666666667 0.043750000000000004 0.06166666666666667
27 0.58375 0.6375000000000001 0.055 0.04833333333333334
27 0.533125 0.6608333333333334 0.04125 0.06166666666666667
27 0.555 0.5716666666666667 0.045 0.07333333333333333
27 0.62 0.4391666666666667 0.05 0.05166666666666667
27 0.5725 0.42833333333333334 0.04 0.060000000000000005
27 0.6 0.405 0.0475 0.04
27 0.628125 0.375 0.04625 0.06666666666666667
27 0.564375 0.37833333333333335 0.051250000000000004 0.043333333333333335
27 0.558125 0.34 0.051250000000000004 0.043333333333333335
27 0.50125 0.3066666666666667 0.04 0.060000000000000005
27 0.469375 0.2941666666666667 0.02625 0.06166666666666667
27 0.525 0.32333333333333336 0.0325 0.060000000000000005
27 0.588125 0.3041666666666667 0.05375 0.058333333333333334
27 0.625 0.3066666666666667 0.0375 0.05333333333333334
27 0.65125 0.33333333333333337 0.04 0.060000000000000005
27 0.54625 0.21916666666666668 0.05 0.058333333333333334
27 0.5625 0.18250000000000002 0.0325 0.058333333333333334
27 0.5181250000000001 0.23750000000000002 0.04875 0.055
27 0.4875 0.2325 0.0225 0.06833333333333334
27 0.529375 0.15583333333333335 0.043750000000000004 0.065
27 0.49562500000000004 0.14083333333333334 0.04625 0.05166666666666667
27 0.47875 0.18416666666666667 0.0425 0.058333333333333334
27 0.44625000000000004 0.12583333333333335 0.045 0.03833333333333334
27 0.439375 0.16583333333333333 0.03375 0.058333333333333334
27 0.401875 0.13833333333333334 0.04625 0.07
27 0.355625 0.1525 0.04625 0.045000000000000005
27 0.335 0.11083333333333334 0.0425 0.04833333333333334
27 0.204375 0.20583333333333334 0.04625 0.06833333333333334
27 0.1775 0.2758333333333334 0.0475 0.05166666666666667
27 0.195625 0.32666666666666666 0.051250000000000004 0.060000000000000005
27 0.27375 0.23583333333333334 0.0525 0.05166666666666667
27 0.3025 0.20333333333333334 0.0525 0.05666666666666667
27 0.325625 0.26916666666666667 0.04875 0.06833333333333334
27 0.35125 0.24083333333333334 0.0325 0.07166666666666667
27 0.30375 0.37333333333333335 0.0475 0.060000000000000005
27 0.26125 0.44083333333333335 0.05 0.058333333333333334
27 0.28125 0.5 0.045 0.07
27 0.36625 0.4791666666666667 0.05 0.058333333333333334
27 0.408125 0.45333333333333337 0.04625 0.05666666666666667
27 0.39937500000000004 0.49750000000000005 0.04125 0.058333333333333334
27 0.448125 0.4466666666666667 0.043750000000000004 0.06333333333333334
27 0.49062500000000003 0.44 0.05375 0.04666666666666667
27 0.435625 0.5108333333333334 0.03375 0.065
27 0.47375 0.4941666666666667 0.055 0.045000000000000005
27 0.509375 0.5108333333333334 0.05375 0.055
27 0.481875 0.5375000000000001 0.051250000000000004 0.05166666666666667
27 0.466875 0.5566666666666668 0.03875 0.05333333333333334
27 0.45687500000000003 0.5958333333333333 0.04125 0.055
27 0.51375 0.5783333333333334 0.05 0.05
27 0.37625000000000003 0.5625 0.055 0.04833333333333334
27 0.390625 0.6108333333333333 0.04625 0.06833333333333334
27 0.37125 0.6583333333333333 0.04 0.07
27 0.375 0.7508333333333334 0.045 0.06833333333333334
27 0.41875 0.8016666666666667 0.0475 0.06333333333333334
27 0.44375000000000003 0.7583333333333334 0.045 0.05333333333333334
