19 0.318125 0.24750000000000003 0.03375 0.058333333333333334
20 0.281875 0.31 0.03625 0.03666666666666667
18 0.3 0.11583333333333334 0.04 0.045000000000000005
18 0.41125 0.15333333333333335 0.03 0.03666666666666667
18 0.325625 0.2025 0.02625 0.028333333333333335
18 0.4 0.2341666666666667 0.0325 0.03166666666666667
18 0.435625 0.20916666666666667 0.02875 0.03166666666666667
18 0.485 0.21166666666666667 0.03 0.03333333333333333
18 0.465 0.2275 0.0275 0.025
18 0.45437500000000003 0.2808333333333333 0.02875 0.035
18 0.46625 0.29333333333333333 0.025 0.030000000000000002
18 0.37 0.32833333333333337 0.035 0.02666666666666667
18 0.390625 0.32833333333333337 0.02125 0.03666666666666667
18 0.471875 0.3425 0.02875 0.04166666666666667
18 0.43625 0.38083333333333336 0.03 0.03166666666666667
18 0.46125 0.38 0.025 0.04
18 0.246875 0.22833333333333336 0.03125 0.030000000000000002
18 0.3175 0.3325 0.0275 0.04166666666666667
18 0.286875 0.38583333333333336 0.02625 0.04166666666666667
18 0.315625 0.40166666666666667 0.03625 0.030000000000000002
18 0.25375000000000003 0.32666666666666666 0.03 0.03333333333333333
18 0.216875 0.36750000000000005 0.03375 0.025
18 0.21875 0.44333333333333336 0.03 0.03666666666666667
18 0.3325 0.4758333333333334 0.0225 0.03833333333333334
18 0.35125 0.56 0.025 0.04666666666666667
18 0.40875 0.5216666666666667 0.0225 0.03666666666666667
18 0.1625 0.5483333333333333 0.02 0.04
18 0.229375 0.6075 0.02625 0.045000000000000005
18 0.29125 0.6375000000000001 0.02 0.045000000000000005
18 0.253125 0.6791666666666667 0.02125 0.045000000000000005
18 0.275625 0.7441666666666668 0.02125 0.03833333333333334
18 0.24875 0.8125 0.0325 0.04166666666666667
18 0.275625 0.79 0.03375 0.02666666666666667
18 0.34500000000000003 0.7475 0.0275 0.035
18 0.36 0.7575000000000001 0.025 0.03833333333333334
18 0.3825 0.7408333333333333 0.0375 0.03833333333333334
18 0.439375 0.6916666666666668 0.03375 0.030000000000000002
18 0.46625 0.6808333333333334 0.0275 0.04166666666666667
18 0.451875 0.7375 0.03375 0.03833333333333334
24 0.43125 0.7200000000000001 0.0475 0.05333333333333334
19 0.36625 0.6441666666666667 0.0375 0.055
26 0.42375 0.5916666666666667 0.03 0.02666666666666667
18 0.381875 0.8591666666666667 0.03375 0.025
18 0.40125 0.8700000000000001 0.0225 0.03666666666666667
18 0.41375 0.885 0.03 0.030000000000000002
18 0.3975 0.8958333333333334 0.0325 0.028333333333333335
18 0.55875 0.8966666666666667 0.0275 0.03333333333333333
18 0.54125 0.8475 0.0325 0.028333333333333335
18 0.538125 0.8266666666666668 0.03625 0.03333333333333333
18 0.66 0.7908333333333334 0.03 0.028333333333333335
18 0.6587500000000001 0.7666666666666667 0.03 0.03666666666666667
18 0.5700000000000001 0.7150000000000001 0.0275 0.04666666666666667
18 0.546875 0.7300000000000001 0.01875 0.043333333333333335
18 0.5375 0.685 0.02 0.03666666666666667
18 0.508125 0.6308333333333334 0.02625 0.045000000000000005
18 0.531875 0.6483333333333334 0.02875 0.043333333333333335
24 0.63875 0.6958333333333334 0.045 0.06833333333333334
18 0.675 0.5916666666666667 0.0275 0.03333333333333333
18 0.7418750000000001 0.5716666666666667 0.02875 0.02666666666666667
18 0.6531250000000001 0.5875 0.02625 0.03833333333333334
18 0.725 0.49083333333333334 0.0225 0.03833333333333334
18 0.685625 0.45 0.02625 0.030000000000000002
18 0.700625 0.3983333333333334 0.02125 0.04
18 0.6168750000000001 0.3491666666666667 0.03625 0.028333333333333335
24 0.595625 0.5441666666666667 0.02625 0.058333333333333334
19 0.58 0.3841666666666667 0.0425 0.04833333333333334
27 0.7887500000000001 0.8175 0.0375 0.045000000000000005
27 0.75875 0.7258333333333333 0.045 0.065
27 0.39375 0.9275000000000001 0.0475 0.04833333333333334
27 0.59375 0.5866666666666667 0.0425 0.04
27 0.700625 0.4783333333333334 0.03125 0.06666666666666667
27 0.638125 0.04666666666666667 0.043750000000000004 0.04
11 0.279375 0.15000000000000002 0.04875 0.05666666666666667
11 0.258125 0.19 0.051250000000000004 0.05
11 0.28875 0.2366666666666667 0.0425 0.05666666666666667
11 0.294375 0.28250000000000003 0.05625 0.05166666666666667
11 0.13625 0.36583333333333334 0.0475 0.058333333333333334
11 0.13375 0.5358333333333334 0.0425 0.045000000000000005
11 0.125 0.5808333333333334 0.0425 0.055
11 0.153125 0.6091666666666667 0.03375 0.058333333333333334
11 0.203125 0.5650000000000001 0.04125 0.06333333333333334
11 0.251875 0.5441666666666667 0.05625 0.06166666666666667
11 0.22875 0.7416666666666667 0.0525 0.07
11 0.33 0.6966666666666667 0.05 0.060000000000000005
11 0.411875 0.75 0.04125 0.05666666666666667
11 0.42875 0.9408333333333334 0.0375 0.06166666666666667
11 0.5025000000000001 0.8833333333333334 0.04 0.05
11 0.485 0.905 0.0475 0.043333333333333335
11 0.48625 0.9375000000000001 0.0425 0.04166666666666667
11 0.53 0.9166666666666667 0.05 0.05666666666666667
11 0.61625 0.8941666666666668 0.0525 0.05166666666666667
11 0.63 0.8008333333333334 0.045 0.05166666666666667
11 0.6793750000000001 0.8391666666666667 0.04625 0.055
11 0.7056250000000001 0.805 0.04625 0.05
11 0.69125 0.7625000000000001 0.045 0.06166666666666667
11 0.73625 0.7708333333333334 0.04 0.055
11 0.671875 0.6983333333333334 0.04125 0.05666666666666667
11 0.709375 0.68 0.03375 0.05666666666666667
11 0.733125 0.6958333333333334 0.04625 0.05166666666666667
11 0.696875 0.6375000000000001 0.03375 0.065
11 0.7125 0.6158333333333333 0.0375 0.06166666666666667
11 0.755 0.6241666666666668 0.0375 0.058333333333333334
11 0.795 0.6741666666666667 0.0425 0.05166666666666667
11 0.786875 0.6341666666666667 0.04125 0.05166666666666667
11 0.8143750000000001 0.6166666666666667 0.03875 0.06333333333333334
11 0.84375 0.635 0.0325 0.060000000000000005
11 0.605 0.6333333333333334 0.05 0.05
11 0.5593750000000001 0.6425000000000001 0.04625 0.04833333333333334
11 0.479375 0.62 0.051250000000000004 0.04666666666666667
11 0.48125 0.5800000000000001 0.0475 0.060000000000000005
11 0.54875 0.5800000000000001 0.0425 0.06333333333333334
11 0.525625 0.5575 0.03875 0.055
11 0.516875 0.5075000000000001 0.04625 0.06166666666666667
11 0.5593750000000001 0.5108333333333334 0.03625 0.07166666666666667
11 0.588125 0.48500000000000004 0.04125 0.05666666666666667
11 0.6168750000000001 0.5016666666666667 0.05625 0.05333333333333334
11 0.6425 0.555 0.035 0.07333333333333333
11 0.678125 0.5216666666666667 0.03125 0.08
11 0.6625 0.47750000000000004 0.0325 0.055
11 0.665625 0.4291666666666667 0.03875 0.058333333333333334
11 0.76375 0.4841666666666667 0.045 0.045000000000000005
11 0.82625 0.43333333333333335 0.0375 0.06666666666666667
11 0.77125 0.4425 0.0475 0.04833333333333334
11 0.719375 0.42250000000000004 0.04125 0.058333333333333334
11 0.7775 0.36000000000000004 0.0425 0.04666666666666667
11 0.75875 0.32583333333333336 0.055 0.03833333333333334
11 0.6325000000000001 0.3841666666666667 0.0375 0.07166666666666667
11 0.666875 0.3666666666666667 0.058750000000000004 0.05333333333333334
11 0.704375 0.32583333333333336 0.04625 0.06833333333333334
11 0.6118750000000001 0.4341666666666667 0.03875 0.065
11 0.5825 0.43250000000000005 0.04 0.06166666666666667
11 0.55375 0.44 0.035 0.06333333333333334
11 0.52625 0.45333333333333337 0.0425 0.06333333333333334
11 0.545625 0.39333333333333337 0.04125 0.060000000000000005
11 0.5075000000000001 0.40750000000000003 0.0525 0.05166666666666667
11 0.49562500000000004 0.37083333333333335 0.051250000000000004 0.06166666666666667
11 0.510625 0.30833333333333335 0.04125 0.07
11 0.57875 0.3433333333333334 0.0425 0.05666666666666667
11 0.61125 0.31833333333333336 0.045 0.07
11 0.435 0.35750000000000004 0.0475 0.058333333333333334
11 0.4225 0.32833333333333337 0.0575 0.04
11 0.375625 0.29000000000000004 0.04875 0.05666666666666667
11 0.42812500000000003 0.23500000000000001 0.03875 0.060000000000000005
11 0.51125 0.24166666666666667 0.0375 0.07
11 0.79 0.25333333333333335 0.0475 0.05666666666666667
11 0.74125 0.24500000000000002 0.0425 0.06333333333333334
11 0.706875 0.2566666666666667 0.03625 0.060000000000000005
11 0.651875 0.2675 0.058750000000000004 0.05166666666666667
11 0.620625 0.24250000000000002 0.04625 0.06166666666666667
11 0.584375 0.26666666666666666 0.051250000000000004 0.06333333333333334
11 0.53625 0.18500000000000003 0.0425 0.06333333333333334
11 0.57125 0.18666666666666668 0.045 0.05666666666666667
11 0.605625 0.1675 0.051250000000000004 0.04833333333333334
11 0.61875 0.195 0.0475 0.060000000000000005
11 0.485 0.125 0.0525 0.05666666666666667
11 0.486875 0.05333333333333334 0.05375 0.060000000000000005
11 0.545 0.06666666666666667 0.05 0.05
11 0.57625 0.04 0.0525 0.04666666666666667
11 0.613125 0.09166666666666667 0.051250000000000004 0.04666666666666667
11 0.6575 0.0825 0.0475 0.05166666666666667
11 0.6950000000000001 0.10916666666666668 0.0375 0.055
11 0.695625 0.14333333333333334 0.05375 0.05333333333333334
