18 0.335 0.1875 0.0225 0.03166666666666667
18 0.438125 0.24250000000000002 0.02125 0.035
18 0.3375 0.26916666666666667 0.025 0.03166666666666667
18 0.2175 0.35000000000000003 0.02 0.03333333333333333
18 0.214375 0.3975 0.01625 0.03166666666666667
18 0.2525 0.45083333333333336 0.025 0.04166666666666667
18 0.323125 0.48750000000000004 0.02625 0.03166666666666667
11 0.265625 0.27166666666666667 0.02625 0.05333333333333334
11 0.5275 0.4033333333333334 0.055 0.05333333333333334
11 0.6843750000000001 0.26666666666666666 0.03625 0.03666666666666667
11 0.6743750000000001 0.3875 0.04625 0.028333333333333335
18 0.735625 0.42250000000000004 0.02625 0.028333333333333335
18 0.715 0.39666666666666667 0.0225 0.03333333333333333
18 0.608125 0.2066666666666667 0.02375 0.030000000000000002
18 0.67125 0.3325 0.02 0.03166666666666667
18 0.71625 0.35500000000000004 0.025 0.03666666666666667
18 0.64375 0.3641666666666667 0.025 0.03166666666666667
18 0.75375 0.5225000000000001 0.0175 0.035
11 0.6925 0.7366666666666667 0.0225 0.04
18 0.6062500000000001 0.7525000000000001 0.0275 0.035
18 0.571875 0.7258333333333333 0.02375 0.03166666666666667
18 0.5525 0.7108333333333334 0.025 0.035
18 0.5225 0.7325 0.025 0.03166666666666667
18 0.583125 0.7708333333333334 0.02375 0.03166666666666667
18 0.60875 0.7933333333333333 0.0225 0.02666666666666667
18 0.585 0.8058333333333334 0.0225 0.028333333333333335
18 0.605 0.8391666666666667 0.0225 0.028333333333333335
18 0.57375 0.8450000000000001 0.025 0.02666666666666667
18 0.544375 0.8625 0.02625 0.025
18 0.535 0.8241666666666667 0.0225 0.035
18 0.515625 0.8025000000000001 0.01875 0.035
18 0.4975 0.8783333333333334 0.0225 0.04
18 0.433125 0.8575 0.02625 0.035
18 0.3925 0.8025000000000001 0.025 0.03166666666666667
18 0.319375 0.8066666666666668 0.02625 0.03666666666666667
18 0.45875 0.7291666666666667 0.0225 0.028333333333333335
18 0.439375 0.7066666666666667 0.02375 0.030000000000000002
18 0.40625 0.7475 0.0275 0.03166666666666667
18 0.38625 0.6833333333333333 0.025 0.043333333333333335
18 0.349375 0.7275 0.02125 0.03166666666666667
11 0.36562500000000003 0.7866666666666667 0.03375 0.05
18 0.290625 0.7483333333333334 0.02125 0.04
18 0.305 0.6791666666666667 0.0225 0.028333333333333335
18 0.25 0.65 0.02 0.03333333333333333
18 0.229375 0.6408333333333334 0.02625 0.04833333333333334
18 0.236875 0.535 0.02375 0.03333333333333333
24 0.37875000000000003 0.5875 0.0475 0.058333333333333334
20 0.21937500000000001 0.4916666666666667 0.01875 0.03666666666666667
11 0.460625 0.5741666666666667 0.03875 0.03833333333333334
11 0.419375 0.25 0.03625 0.060000000000000005
