19 0.161875 0.37333333333333335 0.02875 0.060000000000000005
20 0.500625 0.36083333333333334 0.03375 0.05166666666666667
26 0.226875 0.39916666666666667 0.02375 0.045000000000000005
26 0.28875 0.35583333333333333 0.025 0.045000000000000005
26 0.335 0.3175 0.025 0.045000000000000005
26 0.309375 0.2941666666666667 0.03625 0.04166666666666667
26 0.39875 0.27166666666666667 0.0325 0.043333333333333335
26 0.40875 0.41500000000000004 0.0275 0.03666666666666667
26 0.3675 0.4783333333333334 0.025 0.04666666666666667
26 0.39625 0.6925 0.03 0.035
26 0.415625 0.7166666666666667 0.03125 0.030000000000000002
26 0.34125 0.7091666666666667 0.03 0.03166666666666667
11 0.791875 0.5608333333333334 0.03125 0.07500000000000001
26 0.615 0.37833333333333335 0.0225 0.05
21 0.519375 0.095 0.06375 0.09000000000000001
24 0.319375 0.24583333333333335 0.04625 0.09166666666666667
25 0.34375 0.5483333333333333 0.0725 0.07333333333333333
24 0.50875 0.4466666666666667 0.045 0.05
26 0.38625 0.6041666666666667 0.035 0.03166666666666667
26 0.28625 0.6058333333333333 0.02 0.04166666666666667
26 0.2975 0.6208333333333333 0.0275 0.045000000000000005
26 0.33625 0.6775 0.03 0.03833333333333334
24 0.325 0.7991666666666667 0.07 0.07500000000000001
26 0.531875 0.7325 0.03875 0.028333333333333335
26 0.40125 0.8725 0.0275 0.03833333333333334
