24 0.409375 0.030833333333333334 0.07875 0.065
24 0.435625 0.10416666666666667 0.05625 0.07166666666666667
24 0.16375 0.155 0.06 0.07
21 0.26687500000000003 0.1691666666666667 0.07375 0.09833333333333334
24 0.4475 0.385 0.0625 0.08333333333333334
24 0.28125 0.36083333333333334 0.0625 0.10500000000000001
18 0.296875 0.3016666666666667 0.03875 0.060000000000000005
19 0.32875 0.5058333333333334 0.0325 0.07500000000000001
21 0.274375 0.5291666666666667 0.05375 0.115
21 0.293125 0.6616666666666667 0.06125 0.08333333333333334
19 0.233125 0.6175 0.04625 0.06833333333333334
21 0.47625 0.6841666666666667 0.065 0.10833333333333334
21 0.503125 0.5208333333333334 0.08375 0.07166666666666667
18 0.088125 0.6266666666666667 0.02625 0.043333333333333335
21 0.23375 0.77 0.075 0.09666666666666668
21 0.291875 0.7866666666666667 0.05375 0.09666666666666668
24 0.348125 0.7908333333333334 0.04125 0.07500000000000001
24 0.26937500000000003 0.8566666666666667 0.06625 0.08666666666666667
18 0.198125 0.795 0.03125 0.05
18 0.43 0.9741666666666667 0.035 0.04166666666666667
21 0.49625 0.8558333333333333 0.065 0.07500000000000001
24 0.444375 0.7641666666666667 0.05375 0.08833333333333333
21 0.39937500000000004 0.7708333333333334 0.06125 0.08833333333333333
24 0.49125 0.7566666666666667 0.0625 0.07333333333333333
24 0.42812500000000003 0.6841666666666667 0.06125 0.06833333333333334
25 0.45125 0.6116666666666667 0.07 0.04666666666666667
21 0.54875 0.1391666666666667 0.0525 0.09833333333333334
21 0.6525 0.030000000000000002 0.0625 0.06333333333333334
24 0.696875 0.24750000000000003 0.06875 0.06833333333333334
23 0.75375 0.1975 0.04 0.07500000000000001
18 0.699375 0.4008333333333334 0.03875 0.055
21 0.726875 0.5158333333333334 0.05625 0.115
24 0.673125 0.52 0.04625 0.10333333333333335
21 0.605625 0.5650000000000001 0.07875 0.09333333333333334
21 0.61875 0.66 0.08 0.11333333333333334
21 0.579375 0.7066666666666667 0.058750000000000004 0.11
24 0.600625 0.7908333333333334 0.06125 0.085
21 0.586875 0.9208333333333334 0.06125 0.07500000000000001
21 0.755 0.7641666666666667 0.0825 0.08166666666666667
24 0.820625 0.5416666666666667 0.06375 0.1
24 0.765625 0.42750000000000005 0.06125 0.12166666666666667
18 0.82125 0.4216666666666667 0.035 0.043333333333333335
19 0.829375 0.3716666666666667 0.03375 0.09666666666666668
18 0.8225 0.2541666666666667 0.0325 0.05166666666666667
18 0.8125 0.48250000000000004 0.0425 0.055
24 0.724375 0.5791666666666667 0.051250000000000004 0.07833333333333334
