24 0.21625 0.23083333333333333 0.065 0.04833333333333334
24 0.39625 0.21666666666666667 0.07 0.09000000000000001
24 0.30375 0.3325 0.08 0.09833333333333334
24 0.344375 0.4291666666666667 0.06375 0.095
24 0.195 0.7058333333333334 0.0575 0.095
24 0.280625 0.7216666666666667 0.051250000000000004 0.09666666666666668
24 0.364375 0.8008333333333334 0.058750000000000004 0.07833333333333334
24 0.31125 0.7983333333333333 0.0575 0.07333333333333333
24 0.3025 0.8616666666666667 0.07 0.08333333333333334
24 0.13875 0.7241666666666667 0.06 0.06833333333333334
20 0.176875 0.7741666666666667 0.04125 0.04166666666666667
21 0.279375 0.9341666666666667 0.06625 0.07500000000000001
21 0.383125 0.9391666666666667 0.04875 0.09166666666666667
24 0.435625 0.9616666666666668 0.06375 0.06666666666666667
24 0.398125 0.8691666666666668 0.10875 0.06166666666666667
24 0.485 0.8400000000000001 0.06 0.08333333333333334
24 0.41875 0.7658333333333334 0.08 0.065
24 0.501875 0.7341666666666667 0.06875 0.085
24 0.445625 0.6808333333333334 0.06125 0.07166666666666667
24 0.479375 0.6216666666666667 0.06375 0.07666666666666667
21 0.344375 0.61 0.09125 0.09666666666666668
24 0.4625 0.4916666666666667 0.0575 0.08333333333333334
24 0.49 0.2941666666666667 0.0675 0.07500000000000001
24 0.4625 0.3141666666666667 0.0525 0.07500000000000001
20 0.51375 0.011666666666666667 0.0425 0.02666666666666667
24 0.586875 0.09000000000000001 0.07125000000000001 0.07666666666666667
24 0.585 0.3875 0.0725 0.10500000000000001
24 0.571875 0.45 0.07875 0.06333333333333334
24 0.578125 0.5258333333333334 0.06125 0.09833333333333334
24 0.654375 0.6825 0.06625 0.095
20 0.626875 0.6666666666666667 0.04625 0.05333333333333334
21 0.610625 0.7783333333333334 0.07625 0.07333333333333333
24 0.7125 0.6025 0.0625 0.07500000000000001
24 0.723125 0.5491666666666667 0.07125000000000001 0.065
24 0.794375 0.6608333333333334 0.06375 0.08833333333333333
20 0.839375 0.5566666666666668 0.03625 0.05666666666666667
20 0.894375 0.5808333333333334 0.04875 0.06166666666666667
18 0.8612500000000001 0.42833333333333334 0.04 0.06666666666666667
24 0.77 0.4341666666666667 0.0575 0.09833333333333334
24 0.724375 0.3716666666666667 0.07125000000000001 0.04666666666666667
24 0.7425 0.3375 0.075 0.07166666666666667
20 0.928125 0.7400000000000001 0.02625 0.060000000000000005
20 0.315625 0.6908333333333334 0.043750000000000004 0.035
20 0.30625 0.7283333333333334 0.04 0.05333333333333334
23 0.261875 0.35000000000000003 0.02875 0.08
