13 0.335 0.13416666666666668 0.05 0.05166666666666667
13 0.389375 0.19583333333333336 0.03625 0.08166666666666667
13 0.416875 0.5158333333333334 0.04875 0.07833333333333334
13 0.51125 0.4391666666666667 0.0475 0.07166666666666667
7 0.7418750000000001 0.44083333333333335 0.051250000000000004 0.14833333333333334
7 0.681875 0.43500000000000005 0.06625 0.1366666666666667
7 0.4925 0.14333333333333334 0.1 0.10666666666666667
7 0.46187500000000004 0.23 0.09125 0.10666666666666667
7 0.485 0.02416666666666667 0.09 0.04833333333333334
7 0.31625000000000003 0.6858333333333334 0.1 0.125
7 0.366875 0.5666666666666667 0.06375 0.14333333333333334
7 0.341875 0.5558333333333334 0.051250000000000004 0.13833333333333334
7 0.29625 0.48750000000000004 0.1125 0.10833333333333334
20 0.275 0.8491666666666667 0.045 0.05166666666666667
