28 0.28 0.035833333333333335 0.0675 0.058333333333333334
21 0.20750000000000002 0.5841666666666667 0.075 0.10500000000000001
21 0.136875 0.635 0.08375 0.07666666666666667
21 0.24125 0.6933333333333334 0.0825 0.10333333333333335
21 0.18812500000000001 0.6775 0.07125000000000001 0.11166666666666668
21 0.310625 0.7366666666666667 0.08625000000000001 0.09000000000000001
21 0.27125 0.8250000000000001 0.065 0.11
24 0.29875 0.8025000000000001 0.0625 0.07166666666666667
24 0.446875 0.9216666666666667 0.06875 0.08666666666666667
24 0.41875 0.8108333333333334 0.085 0.10166666666666667
24 0.43 0.6208333333333333 0.085 0.07500000000000001
24 0.32625 0.6583333333333333 0.075 0.07
21 0.409375 0.6875 0.08375 0.10166666666666667
21 0.37375 0.8266666666666668 0.0825 0.09666666666666668
21 0.50375 0.9158333333333334 0.0825 0.10833333333333334
21 0.6012500000000001 0.6408333333333334 0.0825 0.11833333333333335
21 0.67625 0.6516666666666667 0.0575 0.11666666666666667
21 0.7325 0.5950000000000001 0.0725 0.13333333333333333
24 0.7993750000000001 0.7275 0.07625 0.07166666666666667
