18 0.18625 0.3775 0.0325 0.03833333333333334
18 0.18875 0.4116666666666667 0.03 0.043333333333333335
18 0.15625 0.41500000000000004 0.0275 0.05666666666666667
18 0.2175 0.4416666666666667 0.03 0.05333333333333334
18 0.17500000000000002 0.4475 0.0375 0.028333333333333335
18 0.11375 0.5166666666666667 0.0325 0.04666666666666667
18 0.168125 0.5441666666666667 0.03625 0.04166666666666667
18 0.08750000000000001 0.4783333333333334 0.03 0.043333333333333335
18 0.0725 0.5016666666666667 0.03 0.04
18 0.28250000000000003 0.5608333333333334 0.035 0.04833333333333334
18 0.264375 0.5958333333333333 0.03125 0.03833333333333334
18 0.11 0.5958333333333333 0.03 0.04166666666666667
18 0.131875 0.6575000000000001 0.03375 0.05166666666666667
18 0.259375 0.6283333333333334 0.02625 0.04666666666666667
18 0.28500000000000003 0.6583333333333333 0.0375 0.05333333333333334
18 0.27375 0.7375 0.0325 0.05166666666666667
18 0.205625 0.6941666666666667 0.03375 0.03833333333333334
18 0.173125 0.7033333333333334 0.02875 0.05
18 0.145 0.7241666666666667 0.03 0.04833333333333334
18 0.183125 0.7308333333333333 0.03125 0.03833333333333334
18 0.2 0.7783333333333334 0.0275 0.05
18 0.256875 0.8008333333333334 0.02875 0.045000000000000005
18 0.14 0.8008333333333334 0.03 0.04166666666666667
18 0.22625 0.805 0.03 0.060000000000000005
18 0.148125 0.89 0.02875 0.05
18 0.230625 0.8516666666666667 0.02875 0.05
18 0.290625 0.8650000000000001 0.03125 0.05
18 0.294375 0.9258333333333334 0.02875 0.04833333333333334
18 0.256875 0.9708333333333334 0.03125 0.05166666666666667
18 0.341875 0.7241666666666667 0.03375 0.04166666666666667
18 0.36 0.7725000000000001 0.0425 0.04833333333333334
18 0.330625 0.8083333333333333 0.03125 0.03666666666666667
18 0.36375 0.8216666666666668 0.0275 0.04
18 0.42 0.8425 0.0175 0.055
18 0.348125 0.8700000000000001 0.03125 0.05
18 0.38125000000000003 0.8716666666666667 0.0325 0.043333333333333335
18 0.365 0.925 0.04 0.043333333333333335
18 0.455 0.9375000000000001 0.035 0.055
18 0.44625000000000004 0.8933333333333334 0.0325 0.04
18 0.521875 0.8550000000000001 0.03625 0.04
18 0.49375 0.7925000000000001 0.03 0.04833333333333334
18 0.441875 0.8025000000000001 0.03875 0.04166666666666667
18 0.56 0.8508333333333334 0.0375 0.04833333333333334
18 0.574375 0.8891666666666668 0.02875 0.04166666666666667
18 0.421875 0.9833333333333334 0.03375 0.030000000000000002
18 0.623125 0.7350000000000001 0.04125 0.04666666666666667
18 0.586875 0.7075 0.03375 0.058333333333333334
18 0.5906250000000001 0.6058333333333333 0.04125 0.035
18 0.5856250000000001 0.7925000000000001 0.03875 0.04166666666666667
18 0.573125 0.9666666666666667 0.03875 0.02666666666666667
20 0.608125 0.9458333333333334 0.03875 0.04833333333333334
18 0.639375 0.9175000000000001 0.03625 0.045000000000000005
18 0.618125 0.8841666666666668 0.03375 0.04166666666666667
20 0.6687500000000001 0.7483333333333334 0.035 0.05666666666666667
18 0.795 0.07083333333333333 0.0325 0.045000000000000005
18 0.7975 0.5725 0.0275 0.055
18 0.75375 0.5833333333333334 0.04 0.04666666666666667
18 0.7225 0.5425 0.04 0.04833333333333334
18 0.7518750000000001 0.7683333333333334 0.043750000000000004 0.043333333333333335
18 0.764375 0.7316666666666667 0.03875 0.04
18 0.77125 0.7933333333333333 0.03 0.04666666666666667
21 0.46 0.6425000000000001 0.075 0.06833333333333334
18 0.414375 0.7425 0.03875 0.04166666666666667
18 0.606875 0.8275 0.03625 0.04833333333333334
18 0.495 0.9375000000000001 0.04 0.045000000000000005
18 0.31375000000000003 0.8908333333333334 0.0275 0.045000000000000005
20 0.1925 0.6608333333333334 0.04 0.035
19 0.820625 0.3641666666666667 0.05375 0.07833333333333334
