19 0.265 0.22916666666666669 0.035 0.045000000000000005
19 0.318125 0.2541666666666667 0.043750000000000004 0.045000000000000005
19 0.359375 0.24083333333333334 0.051250000000000004 0.045000000000000005
19 0.258125 0.26666666666666666 0.03875 0.05
19 0.44875 0.2066666666666667 0.035 0.06666666666666667
19 0.5593750000000001 0.24250000000000002 0.04625 0.055
19 0.57125 0.2991666666666667 0.0375 0.058333333333333334
19 0.5181250000000001 0.30583333333333335 0.043750000000000004 0.058333333333333334
21 0.44375000000000003 0.24583333333333335 0.0525 0.06833333333333334
31 0.563125 0.1716666666666667 0.03625 0.02
11 0.6925 0.23583333333333334 0.0375 0.035
19 0.654375 0.23833333333333334 0.04125 0.05666666666666667
19 0.665 0.2916666666666667 0.0375 0.06666666666666667
18 0.756875 0.3725 0.01875 0.035
19 0.75625 0.46416666666666667 0.035 0.055
28 0.67 0.4691666666666667 0.0425 0.055
28 0.73875 0.4966666666666667 0.0425 0.05333333333333334
19 0.699375 0.5191666666666667 0.05375 0.058333333333333334
19 0.585 0.4491666666666667 0.0375 0.06833333333333334
19 0.763125 0.5808333333333334 0.03625 0.04166666666666667
19 0.665 0.5483333333333333 0.02 0.05333333333333334
19 0.6375000000000001 0.5483333333333333 0.04 0.043333333333333335
19 0.655 0.6066666666666667 0.035 0.043333333333333335
11 0.54875 0.5341666666666667 0.04 0.04166666666666667
19 0.5962500000000001 0.64 0.0425 0.07333333333333333
19 0.7212500000000001 0.6983333333333334 0.0325 0.05333333333333334
19 0.7418750000000001 0.7350000000000001 0.02375 0.04666666666666667
19 0.54625 0.6783333333333333 0.04 0.06666666666666667
19 0.58 0.7150000000000001 0.0425 0.04666666666666667
19 0.6531250000000001 0.7741666666666667 0.03875 0.04833333333333334
19 0.70375 0.8475 0.04 0.055
19 0.539375 0.8450000000000001 0.04875 0.03666666666666667
18 0.573125 0.8866666666666667 0.02375 0.03333333333333333
19 0.49125 0.8066666666666668 0.0325 0.04
28 0.51 0.77 0.0325 0.05
19 0.4625 0.8966666666666667 0.0325 0.03333333333333333
19 0.45687500000000003 0.8258333333333334 0.03625 0.03166666666666667
19 0.44375000000000003 0.7958333333333334 0.0275 0.045000000000000005
19 0.405625 0.7916666666666667 0.03125 0.05333333333333334
20 0.37125 0.8683333333333334 0.0225 0.02666666666666667
19 0.43 0.6333333333333334 0.05 0.05333333333333334
19 0.398125 0.7158333333333334 0.03375 0.06166666666666667
19 0.321875 0.7150000000000001 0.03875 0.060000000000000005
19 0.306875 0.7400000000000001 0.03375 0.07333333333333333
19 0.28 0.7125 0.0325 0.065
19 0.301875 0.6608333333333334 0.03625 0.058333333333333334
19 0.22312500000000002 0.6391666666666667 0.03625 0.04833333333333334
19 0.29812500000000003 0.4291666666666667 0.03875 0.055
19 0.255625 0.43333333333333335 0.03375 0.04666666666666667
11 0.199375 0.4675 0.03375 0.035
19 0.48375 0.6866666666666668 0.035 0.04666666666666667
19 0.498125 0.635 0.03875 0.06333333333333334
