11 0.489375 0.21500000000000002 0.03375 0.043333333333333335
11 0.386875 0.26416666666666666 0.03625 0.04166666666666667
11 0.228125 0.3091666666666667 0.03375 0.04166666666666667
11 0.20750000000000002 0.3458333333333334 0.0275 0.045000000000000005
11 0.246875 0.4091666666666667 0.02875 0.045000000000000005
11 0.286875 0.39583333333333337 0.03375 0.04833333333333334
11 0.281875 0.42833333333333334 0.03625 0.04666666666666667
11 0.204375 0.5225000000000001 0.03125 0.04166666666666667
11 0.414375 0.31 0.03875 0.043333333333333335
11 0.45937500000000003 0.3358333333333334 0.02625 0.05166666666666667
11 0.483125 0.3383333333333334 0.03375 0.05666666666666667
11 0.543125 0.31333333333333335 0.02625 0.03666666666666667
11 0.536875 0.37833333333333335 0.04125 0.04
11 0.47875 0.4166666666666667 0.0425 0.043333333333333335
11 0.37875000000000003 0.5041666666666667 0.025 0.04833333333333334
11 0.48 0.47250000000000003 0.0275 0.058333333333333334
11 0.506875 0.4791666666666667 0.03125 0.05166666666666667
11 0.53 0.5025000000000001 0.04 0.04166666666666667
11 0.519375 0.5491666666666667 0.03625 0.04833333333333334
11 0.615625 0.48000000000000004 0.03375 0.05666666666666667
11 0.633125 0.5408333333333334 0.03625 0.05166666666666667
11 0.43 0.5933333333333334 0.0375 0.060000000000000005
11 0.458125 0.6016666666666667 0.03625 0.03666666666666667
11 0.451875 0.6433333333333334 0.03125 0.04666666666666667
11 0.47625 0.6641666666666667 0.035 0.058333333333333334
11 0.505 0.6475000000000001 0.035 0.04833333333333334
11 0.530625 0.6575000000000001 0.02875 0.045000000000000005
11 0.530625 0.7041666666666667 0.02625 0.05166666666666667
11 0.49312500000000004 0.6975 0.03375 0.04166666666666667
11 0.49375 0.7358333333333333 0.0425 0.04166666666666667
11 0.386875 0.7641666666666667 0.02875 0.058333333333333334
11 0.36312500000000003 0.8266666666666668 0.03375 0.04
11 0.34 0.8608333333333333 0.03 0.035
11 0.574375 0.7891666666666667 0.03375 0.03166666666666667
11 0.60375 0.8158333333333334 0.0425 0.045000000000000005
11 0.723125 0.6583333333333333 0.03125 0.05333333333333334
11 0.685 0.64 0.0375 0.03666666666666667
11 0.66125 0.6050000000000001 0.0275 0.05333333333333334
11 0.7525000000000001 0.5375000000000001 0.0325 0.04166666666666667
11 0.6675 0.53 0.0375 0.043333333333333335
11 0.68 0.43333333333333335 0.03 0.043333333333333335
11 0.728125 0.38833333333333336 0.03625 0.043333333333333335
11 0.68625 0.3841666666666667 0.0425 0.045000000000000005
11 0.639375 0.3916666666666667 0.03375 0.043333333333333335
11 0.726875 0.2916666666666667 0.03125 0.043333333333333335
11 0.703125 0.33 0.03125 0.05
11 0.6425 0.32833333333333337 0.0375 0.05333333333333334
11 0.60875 0.3358333333333334 0.035 0.04166666666666667
11 0.598125 0.2966666666666667 0.043750000000000004 0.04
11 0.615 0.26166666666666666 0.0325 0.04
11 0.644375 0.21583333333333335 0.04125 0.04833333333333334
11 0.5806250000000001 0.20500000000000002 0.03875 0.043333333333333335
11 0.4475 0.15583333333333335 0.0425 0.04166666666666667
