7 0.601875 0.13833333333333334 0.08375 0.12666666666666668
7 0.23875000000000002 0.3375 0.11 0.095
7 0.791875 0.33666666666666667 0.09625 0.1366666666666667
7 0.84875 0.43083333333333335 0.0925 0.125
7 0.718125 0.4066666666666667 0.11125 0.09333333333333334
7 0.766875 0.4658333333333334 0.09125 0.07833333333333334
7 0.70875 0.49500000000000005 0.115 0.09000000000000001
7 0.733125 0.5958333333333333 0.08625000000000001 0.10500000000000001
7 0.753125 0.675 0.08125 0.1366666666666667
7 0.96875 0.5883333333333334 0.06 0.14333333333333334
7 0.926875 0.12666666666666668 0.05375 0.1
7 0.4175 0.6016666666666667 0.08 0.1
7 0.59875 0.7258333333333333 0.10250000000000001 0.10166666666666667
7 0.2575 0.5741666666666667 0.0525 0.125
7 0.196875 0.6025 0.058750000000000004 0.12166666666666667
7 0.230625 0.6741666666666667 0.04875 0.13166666666666668
7 0.275625 0.6491666666666667 0.07125000000000001 0.07833333333333334
7 0.359375 0.6641666666666667 0.06375 0.085
7 0.41500000000000004 0.7133333333333334 0.07 0.13
7 0.136875 0.6358333333333334 0.08125 0.09833333333333334
7 0.150625 0.7008333333333334 0.06625 0.09833333333333334
7 0.133125 0.7741666666666667 0.08375 0.07833333333333334
7 0.19625 0.7366666666666667 0.0525 0.12333333333333334
7 0.265625 0.77 0.04125 0.1
7 0.34625 0.7525000000000001 0.07 0.09166666666666667
7 0.295625 0.7608333333333334 0.06375 0.09166666666666667
7 0.309375 0.8400000000000001 0.04625 0.11333333333333334
7 0.3925 0.8550000000000001 0.085 0.08
7 0.47500000000000003 0.8775000000000001 0.1 0.065
7 0.565625 0.8158333333333334 0.10875 0.065
7 0.615 0.8716666666666667 0.06 0.10333333333333335
7 0.203125 0.8283333333333334 0.08125 0.05333333333333334
7 0.168125 0.88 0.08625000000000001 0.08
7 0.26125 0.8450000000000001 0.055 0.08333333333333334
7 0.264375 0.9375000000000001 0.058750000000000004 0.115
7 0.33125 0.9275000000000001 0.0575 0.115
7 0.43625 0.925 0.075 0.1
7 0.52 0.9025000000000001 0.0525 0.10833333333333334
7 0.60875 0.9566666666666668 0.04 0.07333333333333333
7 0.7275 0.8966666666666667 0.055 0.11333333333333334
7 0.7725 0.9125000000000001 0.0725 0.115
7 0.8462500000000001 0.0275 0.05 0.058333333333333334
7 0.8931250000000001 0.030833333333333334 0.04125 0.065
