2 0.900098 0.612154 0.046583 0.062670
2 0.163721 0.446151 0.054625 0.060320
2 0.319824 0.509332 0.058310 0.057581
2 0.400926 0.480347 0.046919 0.064631
2 0.443654 0.530678 0.047252 0.066588
2 0.475492 0.472708 0.056636 0.049352
2 0.599320 0.544585 0.071046 0.042696
2 0.579046 0.446466 0.065350 0.062674
2 0.530787 0.327979 0.061998 0.051310
2 0.489399 0.382425 0.054292 0.052095
2 0.554916 0.625078 0.058646 0.051706
2 0.416676 0.617636 0.049599 0.048570
2 0.389530 0.562605 0.043567 0.063063
2 0.628310 0.737690 0.055966 0.065413
2 0.677406 0.752967 0.035521 0.061495
2 0.517885 0.783127 0.054289 0.050531
2 0.491913 0.864012 0.045910 0.063456
2 0.593122 0.901417 0.049262 0.061495
2 0.384672 0.858529 0.066019 0.064238
2 0.797884 0.942741 0.057977 0.059538
2 0.902277 0.922765 0.055633 0.065020
2 0.866250 0.739453 0.051273 0.067374
2 0.943497 0.541059 0.058982 0.036428
2 0.937633 0.492686 0.065350 0.063452
2 0.825532 0.365580 0.042225 0.060713
2 0.709244 0.443920 0.043567 0.064631
2 0.889877 0.333267 0.059655 0.050920
2 0.926741 0.244352 0.058313 0.052488
2 0.791181 0.239065 0.051276 0.059927
2 0.785652 0.183248 0.052281 0.040735
2 0.934113 0.134091 0.058982 0.045831
2 0.703210 0.012503 0.052951 0.025005
2 0.511852 0.158376 0.055630 0.056009
2 0.384838 0.155242 0.044908 0.063849
2 0.388022 0.269420 0.048593 0.047003
2 0.336749 0.363036 0.063340 0.067374
2 0.339094 0.298210 0.054628 0.063849
2 0.195660 0.265504 0.034519 0.060320
2 0.274749 0.276275 0.047252 0.057577
2 0.300889 0.232406 0.065350 0.049745
2 0.249113 0.161313 0.056303 0.037599
2 0.224480 0.130957 0.059318 0.046613
2 0.325689 0.033816 0.068702 0.041128
2 0.031821 0.211202 0.055854 0.040477
2 0.068405 0.177419 0.055297 0.042106
9 0.493038 0.547585 0.045845 0.040422
