11 0.139375 0.15333333333333335 0.06125 0.08
11 0.22125 0.13583333333333333 0.0675 0.065
11 0.27 0.18666666666666668 0.0725 0.05666666666666667
11 0.26687500000000003 0.25583333333333336 0.05375 0.07166666666666667
11 0.173125 0.23 0.04625 0.06666666666666667
11 0.14625 0.3075 0.06 0.08166666666666667
11 0.51875 0.10500000000000001 0.045 0.09333333333333334
11 0.584375 0.058333333333333334 0.051250000000000004 0.07333333333333333
11 0.6675 0.10416666666666667 0.05 0.085
11 0.5337500000000001 0.3616666666666667 0.0525 0.09333333333333334
11 0.0775 0.5808333333333334 0.05 0.065
11 0.12375 0.6816666666666668 0.0625 0.08333333333333334
11 0.309375 0.5366666666666667 0.04625 0.08666666666666667
11 0.390625 0.4491666666666667 0.06625 0.07500000000000001
11 0.651875 0.5283333333333333 0.07125000000000001 0.06666666666666667
11 0.70875 0.6508333333333334 0.05 0.07500000000000001
11 0.863125 0.5800000000000001 0.06625 0.06666666666666667
18 0.244375 0.32916666666666666 0.03375 0.045000000000000005
18 0.178125 0.4808333333333334 0.03875 0.04833333333333334
18 0.18937500000000002 0.5441666666666667 0.043750000000000004 0.035
18 0.18812500000000001 0.6625000000000001 0.03375 0.035
18 0.25625 0.66 0.035 0.04666666666666667
18 0.349375 0.55 0.03875 0.03666666666666667
18 0.2325 0.8200000000000001 0.03 0.04666666666666667
18 0.286875 0.8200000000000001 0.03625 0.023333333333333334
18 0.310625 0.8016666666666667 0.03375 0.04
18 0.34375 0.8450000000000001 0.0425 0.03666666666666667
18 0.381875 0.7775000000000001 0.02875 0.04833333333333334
18 0.42125 0.7475 0.03 0.045000000000000005
18 0.42 0.7875000000000001 0.0375 0.03833333333333334
18 0.40750000000000003 0.8358333333333334 0.0325 0.03833333333333334
18 0.368125 0.8975000000000001 0.03625 0.03833333333333334
18 0.38125000000000003 0.9675 0.045 0.03833333333333334
18 0.15937500000000002 0.7408333333333333 0.02875 0.04833333333333334
19 0.213125 0.7666666666666667 0.05625 0.06333333333333334
19 0.29875 0.7466666666666667 0.0575 0.08
19 0.3975 0.8983333333333334 0.0525 0.060000000000000005
18 0.466875 0.9225000000000001 0.03625 0.04166666666666667
18 0.696875 0.8591666666666667 0.04125 0.045000000000000005
18 0.793125 0.8041666666666667 0.03125 0.045000000000000005
18 0.7262500000000001 0.7200000000000001 0.0275 0.05333333333333334
18 0.664375 0.7258333333333333 0.043750000000000004 0.05166666666666667
18 0.55875 0.6983333333333334 0.0375 0.04666666666666667
18 0.545625 0.6391666666666667 0.03875 0.03833333333333334
18 0.56125 0.6000000000000001 0.0475 0.03333333333333333
18 0.790625 0.5875 0.02875 0.045000000000000005
18 0.806875 0.5650000000000001 0.03375 0.04666666666666667
18 0.82625 0.5166666666666667 0.0325 0.05333333333333334
19 0.86375 0.5116666666666667 0.05 0.08333333333333334
20 0.734375 0.535 0.043750000000000004 0.04666666666666667
18 0.87375 0.6225 0.0275 0.05166666666666667
18 0.816875 0.61 0.02875 0.05
18 0.76 0.44083333333333335 0.055 0.045000000000000005
18 0.7625000000000001 0.4033333333333334 0.03 0.04
18 0.81375 0.385 0.0325 0.04
18 0.73 0.36583333333333334 0.025 0.045000000000000005
18 0.75625 0.3616666666666667 0.03 0.04666666666666667
18 0.78625 0.3691666666666667 0.03 0.035
18 0.79125 0.33 0.04 0.04
18 0.818125 0.3516666666666667 0.03375 0.023333333333333334
18 0.7625000000000001 0.09416666666666668 0.0325 0.045000000000000005
