20 0.28250000000000003 0.1325 0.035 0.05166666666666667
24 0.26125 0.24750000000000003 0.055 0.085
24 0.3275 0.23833333333333334 0.065 0.09000000000000001
24 0.304375 0.3175 0.06875 0.10833333333333334
24 0.349375 0.3275 0.04625 0.095
24 0.27875 0.3766666666666667 0.06 0.09000000000000001
24 0.413125 0.32833333333333337 0.06125 0.08333333333333334
24 0.45625 0.37833333333333335 0.06 0.1
24 0.398125 0.24666666666666667 0.06375 0.1
24 0.439375 0.1716666666666667 0.07125000000000001 0.05666666666666667
18 0.38375000000000004 0.1975 0.03 0.04833333333333334
18 0.259375 0.17750000000000002 0.04125 0.055
24 0.570625 0.23 0.06375 0.07333333333333333
24 0.525625 0.20750000000000002 0.05625 0.08833333333333333
24 0.47750000000000004 0.20750000000000002 0.045 0.08166666666666667
24 0.494375 0.11083333333333334 0.06375 0.085
24 0.58875 0.15916666666666668 0.0675 0.08166666666666667
18 0.64625 0.09833333333333334 0.0425 0.05666666666666667
24 0.55 0.030000000000000002 0.0675 0.060000000000000005
24 0.886875 0.4441666666666667 0.06625 0.065
24 0.93125 0.6733333333333333 0.0525 0.08666666666666667
24 0.9031250000000001 0.885 0.04875 0.07333333333333333
24 0.253125 0.5466666666666667 0.06625 0.060000000000000005
