11 0.36125 0.15333333333333335 0.035 0.03666666666666667
11 0.35000000000000003 0.1925 0.035 0.03833333333333334
11 0.389375 0.17250000000000001 0.01875 0.03833333333333334
11 0.43125 0.3325 0.025 0.05166666666666667
11 0.245 0.315 0.0275 0.04666666666666667
11 0.27187500000000003 0.3458333333333334 0.02375 0.045000000000000005
11 0.33437500000000003 0.4133333333333334 0.03125 0.04666666666666667
11 0.3 0.4575 0.03 0.05166666666666667
11 0.20875 0.42250000000000004 0.03 0.05166666666666667
11 0.2225 0.5466666666666667 0.035 0.04
11 0.39937500000000004 0.5516666666666667 0.043750000000000004 0.03666666666666667
11 0.31 0.6066666666666667 0.0425 0.02666666666666667
11 0.30312500000000003 0.7050000000000001 0.043750000000000004 0.04666666666666667
11 0.37625000000000003 0.685 0.035 0.04
11 0.429375 0.6391666666666667 0.03375 0.055
11 0.455625 0.6341666666666667 0.02625 0.04833333333333334
11 0.484375 0.6566666666666667 0.03125 0.06333333333333334
11 0.48812500000000003 0.7083333333333334 0.04625 0.04
11 0.385 0.795 0.0375 0.043333333333333335
11 0.521875 0.5766666666666667 0.03625 0.03333333333333333
11 0.54625 0.64 0.0325 0.05
11 0.6793750000000001 0.68 0.03375 0.05
11 0.6743750000000001 0.8250000000000001 0.03625 0.03666666666666667
11 0.645625 0.49750000000000005 0.03125 0.045000000000000005
11 0.6125 0.4766666666666667 0.0425 0.043333333333333335
11 0.6062500000000001 0.43250000000000005 0.0425 0.03833333333333334
11 0.576875 0.3983333333333334 0.03375 0.05
11 0.588125 0.34500000000000003 0.03125 0.060000000000000005
11 0.55875 0.33083333333333337 0.045 0.04166666666666667
11 0.735 0.395 0.0425 0.04
18 0.275625 0.5800000000000001 0.02125 0.02666666666666667
18 0.23750000000000002 0.35000000000000003 0.03 0.03333333333333333
18 0.25 0.7158333333333334 0.0225 0.028333333333333335
18 0.495 0.8825000000000001 0.0275 0.018333333333333333
18 0.41125 0.8716666666666667 0.0275 0.03333333333333333
18 0.74125 0.4241666666666667 0.02 0.035
11 0.30312500000000003 0.20750000000000002 0.02625 0.045000000000000005
11 0.294375 0.2366666666666667 0.03875 0.02666666666666667
