12 0.531638 0.103722 0.063124 0.072192
12 0.564953 0.219232 0.064878 0.051402
12 0.628076 0.152813 0.033316 0.088366
12 0.824681 0.388163 0.053918 0.083167
12 0.795310 0.645173 0.060056 0.091252
12 0.762652 0.525332 0.028932 0.076814
12 0.731748 0.494721 0.026740 0.071038
12 0.654817 0.506561 0.041206 0.070461
12 0.651529 0.445341 0.039014 0.069307
12 0.667090 0.383544 0.039452 0.071615
12 0.515418 0.641420 0.035944 0.080279
12 0.497884 0.721120 0.067508 0.035231
12 0.518706 0.754041 0.040768 0.038696
12 0.281992 0.921530 0.066192 0.057178
12 0.596515 0.902183 0.035070 0.087787
12 0.544350 0.829123 0.044712 0.065265
12 0.495254 0.820460 0.030684 0.076814
12 0.463691 0.668275 0.027178 0.055444
12 0.733064 0.441299 0.070576 0.033497
12 0.594303 0.272306 0.018518 0.048464
12 0.612106 0.587573 0.061736 0.036580
12 0.657226 0.970390 0.060276 0.034092
12 0.712630 0.912635 0.020092 0.058155
12 0.340951 0.369682 0.085042 0.100493
7 0.709442 0.213727 0.189552 0.150021
7 0.724177 0.328448 0.154722 0.125312
7 0.673646 0.721144 0.090620 0.171199
6 0.562282 0.643746 0.049248 0.061067
6 0.695116 0.955441 0.059236 0.038287
9 0.157157 0.030286 0.081142 0.060572
