18 0.38875 0.035833333333333335 0.035 0.03833333333333334
18 0.42 0.1125 0.0325 0.03833333333333334
18 0.368125 0.35583333333333333 0.03125 0.05166666666666667
18 0.284375 0.41500000000000004 0.03875 0.04
18 0.090625 0.445 0.03375 0.04
18 0.3425 0.7266666666666667 0.035 0.043333333333333335
18 0.5906250000000001 0.2783333333333334 0.03875 0.05
11 0.9775 0.7608333333333334 0.025 0.05166666666666667
11 0.928125 0.7816666666666667 0.03375 0.08
11 0.858125 0.88 0.05625 0.06666666666666667
11 0.74 0.6883333333333334 0.075 0.05
11 0.958125 0.3541666666666667 0.03625 0.08833333333333333
11 0.73 0.41250000000000003 0.0475 0.07500000000000001
11 0.7225 0.48333333333333334 0.06 0.09000000000000001
11 0.6012500000000001 0.535 0.06 0.060000000000000005
11 0.478125 0.8558333333333333 0.05625 0.06833333333333334
11 0.515 0.8066666666666668 0.0475 0.09666666666666668
11 0.5 0.7125 0.06 0.08833333333333333
11 0.31875000000000003 0.8550000000000001 0.0625 0.04666666666666667
11 0.325 0.6608333333333334 0.055 0.095
11 0.29375 0.5991666666666667 0.0375 0.09166666666666667
11 0.33375 0.47000000000000003 0.0625 0.04666666666666667
11 0.420625 0.41000000000000003 0.07625 0.05
11 0.28 0.3516666666666667 0.055 0.07
11 0.240625 0.5308333333333334 0.07875 0.05166666666666667
20 0.1875 0.655 0.0475 0.05
