11 0.2775 0.2316666666666667 0.02 0.04666666666666667
11 0.3025 0.20750000000000002 0.0275 0.035
11 0.30375 0.24333333333333335 0.0325 0.030000000000000002
11 0.3225 0.29500000000000004 0.0325 0.03666666666666667
11 0.265625 0.30833333333333335 0.03375 0.043333333333333335
11 0.23625000000000002 0.3241666666666667 0.03 0.03833333333333334
11 0.36875 0.16166666666666668 0.0325 0.04
11 0.3975 0.14500000000000002 0.0375 0.04
11 0.425 0.15000000000000002 0.045 0.03666666666666667
11 0.38375000000000004 0.1925 0.045 0.03833333333333334
11 0.38625 0.23083333333333333 0.025 0.04833333333333334
11 0.45437500000000003 0.2 0.03125 0.02666666666666667
11 0.4425 0.17666666666666667 0.04 0.03333333333333333
11 0.49312500000000004 0.1575 0.043750000000000004 0.03166666666666667
11 0.473125 0.18083333333333335 0.03125 0.03166666666666667
11 0.49375 0.18333333333333335 0.025 0.03666666666666667
11 0.49 0.21500000000000002 0.025 0.030000000000000002
11 0.48125 0.24083333333333334 0.0325 0.04833333333333334
11 0.45375 0.2325 0.0225 0.045000000000000005
11 0.46 0.28833333333333333 0.045 0.04
11 0.515 0.25583333333333336 0.0325 0.045000000000000005
11 0.55125 0.195 0.0325 0.03666666666666667
11 0.601875 0.17416666666666666 0.04125 0.035
11 0.5700000000000001 0.1691666666666667 0.0275 0.03166666666666667
11 0.59375 0.21333333333333335 0.03 0.030000000000000002
11 0.55875 0.2325 0.0425 0.03833333333333334
11 0.536875 0.2575 0.02125 0.045000000000000005
11 0.56 0.29000000000000004 0.0225 0.04666666666666667
11 0.58 0.27416666666666667 0.035 0.03833333333333334
11 0.6 0.25916666666666666 0.0275 0.04833333333333334
11 0.619375 0.22833333333333336 0.03875 0.030000000000000002
11 0.628125 0.2 0.03375 0.03333333333333333
11 0.654375 0.22333333333333336 0.03375 0.030000000000000002
11 0.6587500000000001 0.2566666666666667 0.0325 0.043333333333333335
11 0.695625 0.27416666666666667 0.03625 0.045000000000000005
11 0.630625 0.25916666666666666 0.03125 0.035
11 0.629375 0.28583333333333333 0.03125 0.035
11 0.59875 0.3016666666666667 0.0325 0.04
11 0.615625 0.32666666666666666 0.02625 0.04
11 0.644375 0.315 0.02375 0.05333333333333334
11 0.660625 0.29083333333333333 0.02875 0.03166666666666667
11 0.676875 0.3066666666666667 0.02875 0.03333333333333333
11 0.70875 0.31083333333333335 0.0375 0.035
11 0.713125 0.385 0.03625 0.04
11 0.743125 0.40750000000000003 0.03875 0.035
11 0.678125 0.4091666666666667 0.04625 0.03833333333333334
11 0.49875 0.3383333333333334 0.025 0.05
11 0.525625 0.3375 0.02875 0.045000000000000005
11 0.540625 0.35833333333333334 0.03625 0.030000000000000002
11 0.576875 0.36500000000000005 0.03125 0.043333333333333335
11 0.515625 0.3825 0.043750000000000004 0.03166666666666667
11 0.536875 0.4033333333333334 0.04125 0.03333333333333333
11 0.57625 0.4241666666666667 0.04 0.055
11 0.550625 0.445 0.02875 0.05333333333333334
11 0.5025000000000001 0.43500000000000005 0.0275 0.05333333333333334
11 0.5275 0.4466666666666667 0.0275 0.05
11 0.52375 0.4916666666666667 0.03 0.05
11 0.479375 0.4691666666666667 0.04125 0.035
11 0.45375 0.43583333333333335 0.035 0.058333333333333334
11 0.47375 0.5291666666666667 0.0325 0.045000000000000005
11 0.5075000000000001 0.5316666666666667 0.0475 0.03333333333333333
11 0.535625 0.5566666666666668 0.03625 0.04666666666666667
11 0.483125 0.5658333333333334 0.03375 0.04166666666666667
11 0.50625 0.5875 0.0375 0.035
11 0.54 0.6008333333333333 0.0275 0.045000000000000005
11 0.5725 0.5008333333333334 0.045 0.035
11 0.610625 0.44583333333333336 0.03125 0.03166666666666667
11 0.636875 0.4241666666666667 0.02875 0.04166666666666667
11 0.63625 0.455 0.0375 0.030000000000000002
11 0.6125 0.48333333333333334 0.035 0.023333333333333334
11 0.614375 0.5141666666666667 0.03625 0.03166666666666667
11 0.649375 0.49833333333333335 0.02125 0.04666666666666667
11 0.641875 0.5375000000000001 0.03625 0.03166666666666667
11 0.604375 0.5408333333333334 0.03125 0.025
11 0.618125 0.5658333333333334 0.04125 0.028333333333333335
11 0.655 0.5650000000000001 0.035 0.02666666666666667
11 0.6431250000000001 0.5800000000000001 0.03625 0.030000000000000002
11 0.658125 0.5983333333333334 0.02625 0.04
11 0.599375 0.5858333333333333 0.04125 0.035
11 0.570625 0.5458333333333334 0.03375 0.03833333333333334
11 0.56375 0.5775 0.0325 0.03833333333333334
11 0.59375 0.6158333333333333 0.0325 0.035
11 0.70625 0.4341666666666667 0.0175 0.045000000000000005
11 0.69125 0.4633333333333334 0.0225 0.05333333333333334
11 0.7175 0.4625 0.02 0.03833333333333334
11 0.73625 0.48583333333333334 0.03 0.045000000000000005
11 0.74 0.5183333333333333 0.0375 0.03666666666666667
11 0.71875 0.5316666666666667 0.0325 0.03333333333333333
11 0.68375 0.5241666666666667 0.035 0.03166666666666667
11 0.67125 0.5033333333333334 0.0275 0.043333333333333335
11 0.725 0.5691666666666667 0.02 0.05166666666666667
11 0.75 0.5833333333333334 0.0275 0.043333333333333335
11 0.7000000000000001 0.5858333333333333 0.03 0.04166666666666667
11 0.725 0.6091666666666667 0.04 0.03166666666666667
11 0.7525000000000001 0.6408333333333334 0.0275 0.05166666666666667
11 0.73 0.6625000000000001 0.03 0.04166666666666667
11 0.6793750000000001 0.6541666666666667 0.03375 0.03166666666666667
11 0.698125 0.6925 0.03125 0.03166666666666667
11 0.651875 0.6425000000000001 0.01875 0.04166666666666667
11 0.63375 0.6633333333333333 0.04 0.04666666666666667
11 0.61375 0.6316666666666667 0.0325 0.03333333333333333
11 0.555625 0.635 0.02625 0.03666666666666667
11 0.58125 0.6308333333333334 0.03 0.045000000000000005
11 0.558125 0.6733333333333333 0.03875 0.04666666666666667
11 0.588125 0.685 0.03125 0.04666666666666667
11 0.65 0.7116666666666667 0.035 0.03666666666666667
11 0.5675 0.7283333333333334 0.03 0.05
11 0.529375 0.6975 0.03875 0.03833333333333334
11 0.553125 0.7883333333333333 0.03875 0.043333333333333335
11 0.566875 0.8300000000000001 0.02625 0.043333333333333335
11 0.504375 0.7841666666666667 0.02625 0.04833333333333334
11 0.443125 0.8358333333333334 0.03875 0.03833333333333334
11 0.36062500000000003 0.8216666666666668 0.03125 0.02666666666666667
11 0.309375 0.8183333333333334 0.04125 0.03666666666666667
11 0.32375 0.7791666666666667 0.03 0.04833333333333334
11 0.29375 0.7741666666666667 0.0325 0.03166666666666667
11 0.275625 0.745 0.03625 0.03666666666666667
11 0.245 0.7383333333333334 0.035 0.04
11 0.339375 0.7116666666666667 0.03375 0.04
11 0.35125 0.6566666666666667 0.0425 0.03666666666666667
11 0.274375 0.635 0.03125 0.04666666666666667
11 0.22375 0.675 0.0325 0.03333333333333333
11 0.215625 0.6375000000000001 0.03375 0.055
11 0.31 0.5708333333333334 0.0375 0.04166666666666667
11 0.19875 0.535 0.0225 0.05666666666666667
11 0.235625 0.4466666666666667 0.02875 0.05
11 0.275 0.41250000000000003 0.03 0.058333333333333334
11 0.330625 0.49583333333333335 0.03125 0.055
11 0.34625 0.4675 0.0375 0.04833333333333334
11 0.409375 0.5075000000000001 0.02875 0.05166666666666667
11 0.3925 0.46166666666666667 0.04 0.04
11 0.3575 0.38583333333333336 0.025 0.055
11 0.38625 0.4008333333333334 0.0375 0.04833333333333334
11 0.3775 0.3375 0.04 0.035
11 0.23750000000000002 0.39916666666666667 0.03 0.045000000000000005
11 0.390625 0.5858333333333333 0.043750000000000004 0.03833333333333334
11 0.40625 0.5575 0.05 0.04833333333333334
11 0.445625 0.5816666666666667 0.02875 0.05666666666666667
11 0.424375 0.61 0.03375 0.05
11 0.4875 0.6433333333333334 0.0325 0.04666666666666667
