27 0.249375 0.10500000000000001 0.05625 0.060000000000000005
27 0.22062500000000002 0.1975 0.051250000000000004 0.04833333333333334
27 0.355 0.07333333333333333 0.045 0.05333333333333334
27 0.390625 0.08416666666666667 0.05375 0.058333333333333334
27 0.42875 0.17500000000000002 0.0375 0.06333333333333334
27 0.465 0.17666666666666667 0.0375 0.07333333333333333
27 0.509375 0.05166666666666667 0.05625 0.05
27 0.53625 0.014166666666666668 0.04 0.028333333333333335
27 0.52875 0.09916666666666667 0.055 0.055
27 0.5275 0.23 0.0425 0.06666666666666667
27 0.500625 0.24666666666666667 0.03875 0.06666666666666667
27 0.5650000000000001 0.2733333333333334 0.0575 0.05333333333333334
27 0.52375 0.29083333333333333 0.0375 0.058333333333333334
27 0.560625 0.3383333333333334 0.04125 0.07333333333333333
27 0.521875 0.34750000000000003 0.04125 0.055
27 0.476875 0.38583333333333336 0.04625 0.065
27 0.335625 0.395 0.058750000000000004 0.06666666666666667
27 0.6168750000000001 0.41833333333333333 0.03125 0.08
27 0.5543750000000001 0.4391666666666667 0.03125 0.06166666666666667
27 0.52125 0.46416666666666667 0.035 0.06833333333333334
27 0.47000000000000003 0.45583333333333337 0.055 0.055
27 0.44625000000000004 0.47250000000000003 0.04 0.065
27 0.42375 0.51 0.035 0.07
27 0.3525 0.51 0.045 0.04666666666666667
27 0.38625 0.5391666666666667 0.0375 0.065
27 0.3675 0.6316666666666667 0.05 0.05666666666666667
27 0.44125000000000003 0.5541666666666667 0.0425 0.055
27 0.4675 0.5058333333333334 0.0325 0.06166666666666667
27 0.5125 0.5233333333333333 0.03 0.060000000000000005
27 0.534375 0.5558333333333334 0.04125 0.07500000000000001
27 0.563125 0.535 0.03875 0.07
27 0.48375 0.5583333333333333 0.045 0.04666666666666667
27 0.48375 0.6141666666666667 0.035 0.07166666666666667
27 0.52375 0.6475000000000001 0.03 0.07166666666666667
27 0.48625 0.6625000000000001 0.04 0.04166666666666667
27 0.486875 0.7533333333333334 0.03875 0.060000000000000005
27 0.511875 0.7258333333333333 0.05375 0.05166666666666667
27 0.5337500000000001 0.6950000000000001 0.0575 0.043333333333333335
27 0.5725 0.7283333333333334 0.0375 0.05
27 0.595625 0.7116666666666667 0.04625 0.04666666666666667
27 0.6 0.5983333333333334 0.0475 0.03666666666666667
27 0.5700000000000001 0.6466666666666667 0.035 0.060000000000000005
27 0.61375 0.4991666666666667 0.0475 0.055
27 0.640625 0.545 0.03125 0.07
27 0.6687500000000001 0.7566666666666667 0.045 0.04666666666666667
27 0.7625000000000001 0.64 0.0375 0.06666666666666667
27 0.83875 0.5691666666666667 0.0425 0.045000000000000005
27 0.836875 0.48250000000000004 0.02875 0.07833333333333334
27 0.69875 0.46166666666666667 0.0375 0.05
27 0.785 0.3425 0.04 0.065
27 0.44375000000000003 0.27083333333333337 0.0525 0.045000000000000005
11 0.625625 0.10583333333333333 0.051250000000000004 0.05166666666666667
11 0.641875 0.24000000000000002 0.04625 0.05666666666666667
11 0.5387500000000001 0.14416666666666667 0.0475 0.055
11 0.551875 0.49000000000000005 0.043750000000000004 0.05666666666666667
11 0.6062500000000001 0.6633333333333333 0.055 0.08
20 0.295625 0.3691666666666667 0.043750000000000004 0.058333333333333334
