19 0.26375 0.2275 0.03 0.04166666666666667
19 0.350625 0.26416666666666666 0.03625 0.045000000000000005
19 0.436875 0.24333333333333335 0.06125 0.043333333333333335
19 0.39875 0.2 0.03 0.043333333333333335
19 0.37875000000000003 0.21916666666666668 0.0375 0.04833333333333334
19 0.41500000000000004 0.14250000000000002 0.0325 0.035
24 0.36625 0.17666666666666667 0.035 0.060000000000000005
19 0.524375 0.15333333333333335 0.04125 0.03333333333333333
19 0.5750000000000001 0.17666666666666667 0.03 0.04
19 0.599375 0.19583333333333336 0.02875 0.04833333333333334
19 0.61375 0.23333333333333334 0.0275 0.043333333333333335
19 0.5825 0.22333333333333336 0.0325 0.05
19 0.54625 0.21500000000000002 0.04 0.04666666666666667
19 0.699375 0.23333333333333334 0.03875 0.05
19 0.659375 0.2516666666666667 0.02875 0.05
11 0.655 0.21333333333333335 0.035 0.04
11 0.5825 0.2783333333333334 0.03 0.03666666666666667
19 0.6625 0.2991666666666667 0.035 0.04833333333333334
19 0.72375 0.29583333333333334 0.0425 0.045000000000000005
24 0.68875 0.26833333333333337 0.04 0.05666666666666667
19 0.57375 0.3066666666666667 0.0625 0.05333333333333334
19 0.598125 0.3541666666666667 0.04125 0.055
19 0.645 0.3983333333333334 0.04 0.05666666666666667
19 0.681875 0.39916666666666667 0.03875 0.06833333333333334
19 0.708125 0.3616666666666667 0.02375 0.04666666666666667
19 0.719375 0.32666666666666666 0.03625 0.043333333333333335
28 0.7156250000000001 0.36833333333333335 0.03375 0.05666666666666667
19 0.74125 0.3891666666666667 0.035 0.055
24 0.7518750000000001 0.42000000000000004 0.04625 0.05333333333333334
19 0.73 0.455 0.0325 0.04
19 0.7000000000000001 0.4566666666666667 0.035 0.04666666666666667
19 0.6775 0.49333333333333335 0.035 0.06333333333333334
19 0.71125 0.5233333333333333 0.025 0.05
19 0.65375 0.48833333333333334 0.04 0.04666666666666667
19 0.669375 0.4516666666666667 0.03125 0.043333333333333335
19 0.605 0.48000000000000004 0.045 0.05
19 0.658125 0.42750000000000005 0.03125 0.04166666666666667
19 0.5806250000000001 0.4041666666666667 0.03625 0.05166666666666667
19 0.771875 0.5766666666666667 0.03125 0.04666666666666667
19 0.7175 0.5825 0.04 0.07166666666666667
19 0.6687500000000001 0.5583333333333333 0.0325 0.07333333333333333
19 0.686875 0.5975 0.04125 0.04833333333333334
19 0.613125 0.5433333333333333 0.043750000000000004 0.05666666666666667
19 0.605 0.5925 0.025 0.04833333333333334
19 0.706875 0.6233333333333334 0.03625 0.05
19 0.680625 0.6358333333333334 0.03375 0.03833333333333334
19 0.66625 0.66 0.0375 0.043333333333333335
19 0.6431250000000001 0.6758333333333334 0.043750000000000004 0.035
19 0.69625 0.7316666666666667 0.0425 0.04666666666666667
19 0.51125 0.6433333333333334 0.0325 0.04666666666666667
19 0.544375 0.685 0.03875 0.05666666666666667
19 0.5906250000000001 0.7125 0.03625 0.03833333333333334
19 0.56125 0.7400000000000001 0.0375 0.060000000000000005
24 0.573125 0.6208333333333333 0.051250000000000004 0.03833333333333334
12 0.6218750000000001 0.665 0.04875 0.05666666666666667
19 0.46875 0.6375000000000001 0.0375 0.04166666666666667
19 0.5543750000000001 0.8108333333333334 0.04125 0.04166666666666667
19 0.453125 0.795 0.043750000000000004 0.05666666666666667
19 0.4375 0.775 0.03 0.04666666666666667
19 0.438125 0.7333333333333334 0.05375 0.05
19 0.369375 0.7408333333333333 0.03375 0.058333333333333334
19 0.39875 0.7833333333333334 0.0375 0.043333333333333335
19 0.36562500000000003 0.7908333333333334 0.03125 0.055
19 0.368125 0.8400000000000001 0.03625 0.02666666666666667
18 0.4375 0.6983333333333334 0.0275 0.023333333333333334
19 0.40875 0.8833333333333334 0.0375 0.04666666666666667
19 0.3625 0.8725 0.0325 0.025
19 0.37 0.895 0.0325 0.043333333333333335
19 0.29812500000000003 0.7525000000000001 0.03875 0.04166666666666667
19 0.34750000000000003 0.6775 0.04 0.06833333333333334
19 0.29125 0.6725000000000001 0.0275 0.045000000000000005
19 0.270625 0.6933333333333334 0.02375 0.043333333333333335
19 0.2625 0.7208333333333333 0.03 0.045000000000000005
19 0.40125 0.5975 0.035 0.05166666666666667
19 0.294375 0.6108333333333333 0.058750000000000004 0.04166666666666667
19 0.241875 0.6008333333333333 0.03125 0.045000000000000005
23 0.42 0.56 0.035 0.04
19 0.21937500000000001 0.3841666666666667 0.02375 0.05166666666666667
19 0.46375 0.34750000000000003 0.0325 0.058333333333333334
