18 0.378125 0.13333333333333333 0.03375 0.043333333333333335
18 0.375625 0.1975 0.02625 0.05166666666666667
18 0.33875 0.2041666666666667 0.03 0.05166666666666667
18 0.289375 0.24500000000000002 0.03375 0.04666666666666667
18 0.211875 0.335 0.04125 0.03666666666666667
18 0.124375 0.44083333333333335 0.03375 0.04166666666666667
18 0.26125 0.4516666666666667 0.0325 0.043333333333333335
18 0.43625 0.2325 0.0325 0.05166666666666667
18 0.1875 0.5808333333333334 0.0325 0.05166666666666667
18 0.19062500000000002 0.76 0.04125 0.04
18 0.49 0.55 0.03 0.04666666666666667
18 0.516875 0.6716666666666667 0.043750000000000004 0.043333333333333335
18 0.521875 0.7333333333333334 0.03375 0.04666666666666667
18 0.3775 0.6625000000000001 0.035 0.04166666666666667
18 0.386875 0.6050000000000001 0.03375 0.043333333333333335
18 0.3825 0.5016666666666667 0.0225 0.04
18 0.323125 0.7783333333333334 0.03625 0.04
24 0.651875 0.05916666666666667 0.05625 0.065
24 0.686875 0.35333333333333333 0.058750000000000004 0.08333333333333334
24 0.588125 0.3216666666666667 0.07875 0.06666666666666667
24 0.49062500000000003 0.41583333333333333 0.058750000000000004 0.085
24 0.56375 0.39916666666666667 0.06 0.05166666666666667
24 0.61375 0.4441666666666667 0.05 0.095
24 0.623125 0.5433333333333333 0.051250000000000004 0.060000000000000005
24 0.64 0.6583333333333333 0.06 0.06333333333333334
24 0.550625 0.6950000000000001 0.06625 0.07333333333333333
24 0.35875 0.7541666666666668 0.0475 0.07500000000000001
24 0.368125 0.7033333333333334 0.05625 0.060000000000000005
24 0.289375 0.6391666666666667 0.06625 0.08166666666666667
24 0.425 0.56 0.0525 0.07333333333333333
24 0.36875 0.5558333333333334 0.0625 0.07500000000000001
24 0.46125 0.3491666666666667 0.0525 0.07833333333333334
24 0.36312500000000003 0.3066666666666667 0.07625 0.07666666666666667
24 0.301875 0.32666666666666666 0.06125 0.06333333333333334
19 0.29 0.48833333333333334 0.055 0.07666666666666667
20 0.246875 0.5175000000000001 0.043750000000000004 0.055
20 0.5337500000000001 0.535 0.0375 0.043333333333333335
20 0.370625 0.505 0.03625 0.03666666666666667
20 0.309375 0.7541666666666668 0.03875 0.03833333333333334
20 0.673125 0.6191666666666668 0.04875 0.06166666666666667
20 0.37875000000000003 0.9233333333333333 0.0325 0.05
18 0.584375 0.7441666666666668 0.03875 0.05166666666666667
21 0.651875 0.48833333333333334 0.06125 0.09000000000000001
18 0.57625 0.5341666666666667 0.03 0.04166666666666667
24 0.426875 0.3866666666666667 0.03875 0.06666666666666667
24 0.335625 0.42750000000000005 0.058750000000000004 0.08833333333333333
24 0.335625 0.5900000000000001 0.06375 0.08333333333333334
