11 0.301875 0.17333333333333334 0.02875 0.03666666666666667
11 0.273125 0.2 0.02375 0.030000000000000002
11 0.30062500000000003 0.21250000000000002 0.03375 0.025
11 0.28125 0.24166666666666667 0.0325 0.043333333333333335
11 0.309375 0.24583333333333335 0.02375 0.03833333333333334
11 0.305 0.2791666666666667 0.04 0.03833333333333334
11 0.26875 0.28250000000000003 0.035 0.028333333333333335
11 0.28375 0.3166666666666667 0.025 0.05
11 0.30875 0.3241666666666667 0.0325 0.028333333333333335
11 0.34 0.3016666666666667 0.025 0.04666666666666667
11 0.32875 0.35083333333333333 0.0375 0.028333333333333335
11 0.33625 0.2225 0.0225 0.03833333333333334
11 0.335625 0.18500000000000003 0.02375 0.04
11 0.358125 0.17333333333333334 0.02125 0.043333333333333335
11 0.32937500000000003 0.14916666666666667 0.03125 0.03166666666666667
11 0.381875 0.1975 0.02125 0.045000000000000005
11 0.39375 0.2325 0.035 0.035
11 0.210625 0.34833333333333333 0.02375 0.05
11 0.28 0.37333333333333335 0.03 0.043333333333333335
11 0.308125 0.37333333333333335 0.02625 0.04
11 0.28625 0.39916666666666667 0.0325 0.035
11 0.259375 0.42083333333333334 0.03125 0.03833333333333334
11 0.31375000000000003 0.4391666666666667 0.035 0.035
11 0.23875000000000002 0.45833333333333337 0.04 0.030000000000000002
11 0.26937500000000003 0.4608333333333334 0.02875 0.058333333333333334
11 0.290625 0.5125000000000001 0.03625 0.045000000000000005
11 0.23375 0.5041666666666667 0.0375 0.028333333333333335
11 0.19062500000000002 0.6016666666666667 0.02375 0.05666666666666667
11 0.355 0.6091666666666667 0.0425 0.04833333333333334
11 0.35625 0.6816666666666668 0.04 0.043333333333333335
11 0.385 0.6666666666666667 0.0225 0.043333333333333335
11 0.4475 0.665 0.04 0.03666666666666667
11 0.308125 0.7225 0.03125 0.05166666666666667
11 0.385625 0.7966666666666667 0.02875 0.05333333333333334
11 0.39625 0.5075000000000001 0.035 0.058333333333333334
11 0.551875 0.5983333333333334 0.02875 0.05666666666666667
11 0.40625 0.2733333333333334 0.04 0.03333333333333333
11 0.415625 0.15333333333333335 0.03375 0.03333333333333333
11 0.410625 0.20083333333333334 0.03625 0.04166666666666667
11 0.448125 0.2041666666666667 0.03375 0.04166666666666667
11 0.45375 0.1525 0.025 0.045000000000000005
11 0.476875 0.1691666666666667 0.02375 0.04833333333333334
11 0.483125 0.2 0.02625 0.04666666666666667
11 0.506875 0.2041666666666667 0.03375 0.03833333333333334
11 0.4425 0.24166666666666667 0.025 0.04666666666666667
11 0.46875 0.23500000000000001 0.03 0.043333333333333335
11 0.45687500000000003 0.27083333333333337 0.02375 0.045000000000000005
11 0.46125 0.31 0.03 0.043333333333333335
11 0.435 0.32583333333333336 0.04 0.045000000000000005
11 0.36562500000000003 0.32333333333333336 0.02875 0.043333333333333335
11 0.40125 0.31083333333333335 0.035 0.04166666666666667
11 0.39937500000000004 0.35500000000000004 0.03125 0.03666666666666667
11 0.35375 0.375 0.0325 0.04666666666666667
11 0.37875000000000003 0.405 0.0325 0.05
11 0.413125 0.395 0.03625 0.043333333333333335
11 0.4325 0.36500000000000005 0.04 0.03333333333333333
11 0.450625 0.4041666666666667 0.02375 0.04833333333333334
11 0.43625 0.44333333333333336 0.0425 0.03666666666666667
11 0.40375 0.4691666666666667 0.04 0.028333333333333335
11 0.4475 0.5758333333333334 0.04 0.04166666666666667
11 0.485 0.5908333333333333 0.025 0.055
11 0.469375 0.5475 0.03875 0.03166666666666667
11 0.46125 0.49833333333333335 0.0275 0.04666666666666667
11 0.47000000000000003 0.42083333333333334 0.0275 0.03833333333333334
11 0.47500000000000003 0.45 0.03 0.030000000000000002
11 0.499375 0.4116666666666667 0.03625 0.03333333333333333
11 0.50375 0.44083333333333335 0.0275 0.025
11 0.49562500000000004 0.4683333333333334 0.03875 0.02666666666666667
11 0.4875 0.4891666666666667 0.035 0.035
11 0.51625 0.4591666666666667 0.03 0.03833333333333334
11 0.54125 0.45083333333333336 0.0275 0.045000000000000005
11 0.506875 0.5216666666666667 0.03625 0.04
11 0.5231250000000001 0.5633333333333334 0.02625 0.05666666666666667
11 0.5375 0.5191666666666667 0.025 0.04166666666666667
11 0.556875 0.5425 0.02875 0.05166666666666667
11 0.58625 0.5325000000000001 0.035 0.03166666666666667
11 0.62125 0.5291666666666667 0.025 0.04833333333333334
11 0.600625 0.48583333333333334 0.02375 0.04833333333333334
11 0.566875 0.48750000000000004 0.03125 0.04166666666666667
11 0.62 0.7200000000000001 0.0325 0.043333333333333335
11 0.659375 0.7583333333333334 0.02875 0.05
11 0.6218750000000001 0.7816666666666667 0.03375 0.04
11 0.65125 0.8 0.04 0.03333333333333333
11 0.641875 0.8375 0.03125 0.045000000000000005
11 0.6575 0.66 0.04 0.04
11 0.6925 0.6516666666666667 0.0325 0.04666666666666667
11 0.73875 0.6141666666666667 0.0275 0.05166666666666667
11 0.75875 0.6366666666666667 0.03 0.043333333333333335
11 0.758125 0.5841666666666667 0.03875 0.035
11 0.688125 0.5666666666666667 0.03875 0.043333333333333335
11 0.65375 0.5558333333333334 0.03 0.04833333333333334
11 0.7525000000000001 0.49333333333333335 0.0275 0.05333333333333334
11 0.748125 0.4575 0.043750000000000004 0.03833333333333334
11 0.75875 0.43750000000000006 0.0275 0.045000000000000005
11 0.785625 0.43500000000000005 0.04125 0.03333333333333333
11 0.74375 0.3975 0.04 0.03833333333333334
11 0.765625 0.3741666666666667 0.02875 0.03833333333333334
11 0.780625 0.41000000000000003 0.02125 0.04666666666666667
11 0.725 0.3566666666666667 0.035 0.04
11 0.72 0.325 0.0325 0.02666666666666667
11 0.713125 0.29583333333333334 0.03875 0.025
11 0.701875 0.26583333333333337 0.043750000000000004 0.04166666666666667
11 0.6625 0.26 0.0325 0.03333333333333333
11 0.683125 0.3116666666666667 0.02625 0.05
11 0.668125 0.3566666666666667 0.03625 0.03333333333333333
11 0.6525 0.4041666666666667 0.035 0.035
11 0.6325000000000001 0.42833333333333334 0.025 0.05333333333333334
11 0.6025 0.43750000000000006 0.0325 0.035
11 0.641875 0.32 0.03375 0.04
11 0.6218750000000001 0.35583333333333333 0.04125 0.035
11 0.615 0.39416666666666667 0.025 0.04166666666666667
11 0.59125 0.37333333333333335 0.0275 0.03333333333333333
11 0.581875 0.4108333333333334 0.03625 0.028333333333333335
11 0.56 0.38833333333333336 0.035 0.030000000000000002
11 0.551875 0.4191666666666667 0.02625 0.03833333333333334
11 0.52625 0.405 0.025 0.04
11 0.531875 0.37583333333333335 0.03125 0.045000000000000005
11 0.489375 0.36750000000000005 0.03625 0.04166666666666667
11 0.476875 0.32833333333333337 0.02375 0.05333333333333334
11 0.5075000000000001 0.29000000000000004 0.0375 0.030000000000000002
11 0.500625 0.33 0.02125 0.03666666666666667
11 0.52375 0.33083333333333337 0.0275 0.045000000000000005
11 0.5425 0.29500000000000004 0.0275 0.030000000000000002
11 0.59 0.2733333333333334 0.03 0.02666666666666667
11 0.570625 0.29000000000000004 0.03375 0.030000000000000002
11 0.591875 0.3125 0.02875 0.04833333333333334
11 0.57375 0.3425 0.0275 0.03166666666666667
11 0.5593750000000001 0.2391666666666667 0.02375 0.05166666666666667
11 0.5825 0.24083333333333334 0.0275 0.045000000000000005
11 0.594375 0.22333333333333336 0.02875 0.04666666666666667
11 0.50875 0.24583333333333335 0.03 0.04166666666666667
11 0.535 0.24333333333333335 0.025 0.043333333333333335
11 0.489375 0.26916666666666667 0.02125 0.04833333333333334
11 0.650625 0.21833333333333335 0.03625 0.04666666666666667
11 0.624375 0.1925 0.02625 0.04166666666666667
11 0.595 0.18083333333333335 0.035 0.03833333333333334
11 0.571875 0.18833333333333335 0.01875 0.03666666666666667
11 0.553125 0.17250000000000001 0.03875 0.035
11 0.505625 0.15583333333333335 0.03625 0.03833333333333334
19 0.280625 0.6966666666666667 0.03375 0.05333333333333334
19 0.6425 0.5891666666666667 0.0375 0.05166666666666667
19 0.699375 0.45833333333333337 0.03625 0.05
