18 0.291875 0.18166666666666667 0.02875 0.04666666666666667
18 0.310625 0.2025 0.03375 0.03166666666666667
18 0.41000000000000003 0.1675 0.03 0.045000000000000005
18 0.441875 0.09416666666666668 0.02125 0.04166666666666667
18 0.465625 0.09416666666666668 0.02875 0.035
18 0.365 0.2366666666666667 0.04 0.03666666666666667
18 0.371875 0.2733333333333334 0.03625 0.030000000000000002
18 0.439375 0.21333333333333335 0.02875 0.04666666666666667
18 0.45375 0.27416666666666667 0.03 0.045000000000000005
18 0.481875 0.25583333333333336 0.02875 0.035
18 0.50875 0.09583333333333334 0.0325 0.04833333333333334
18 0.30875 0.2833333333333333 0.03 0.04
18 0.29 0.305 0.035 0.03666666666666667
18 0.343125 0.29583333333333334 0.03625 0.035
18 0.234375 0.3016666666666667 0.03875 0.03666666666666667
18 0.33 0.4 0.03 0.03666666666666667
18 0.37875000000000003 0.40166666666666667 0.0275 0.030000000000000002
18 0.35375 0.43583333333333335 0.0275 0.045000000000000005
18 0.15625 0.4658333333333334 0.03 0.045000000000000005
18 0.163125 0.54 0.03375 0.03666666666666667
18 0.200625 0.5475 0.02875 0.04166666666666667
18 0.288125 0.625 0.02625 0.04
18 0.31625000000000003 0.6425000000000001 0.0325 0.04833333333333334
18 0.275 0.6900000000000001 0.0325 0.043333333333333335
18 0.290625 0.7425 0.02375 0.04166666666666667
18 0.33875 0.7691666666666667 0.03 0.045000000000000005
18 0.4 0.6291666666666667 0.0325 0.035
18 0.4275 0.64 0.035 0.03333333333333333
18 0.42625 0.6683333333333333 0.04 0.03666666666666667
18 0.42812500000000003 0.7116666666666667 0.02875 0.04666666666666667
18 0.395 0.8416666666666667 0.0325 0.04666666666666667
18 0.3725 0.8708333333333333 0.0375 0.045000000000000005
18 0.29812500000000003 0.8575 0.03125 0.04833333333333334
18 0.375625 0.9258333333333334 0.02625 0.045000000000000005
18 0.470625 0.81 0.03125 0.04
18 0.45437500000000003 0.8600000000000001 0.03625 0.04
18 0.51125 0.8358333333333334 0.0275 0.035
18 0.55 0.8358333333333334 0.0275 0.04833333333333334
18 0.61375 0.8033333333333333 0.03 0.04666666666666667
18 0.66 0.7875000000000001 0.0325 0.035
18 0.560625 0.675 0.03625 0.030000000000000002
18 0.62 0.6008333333333333 0.025 0.04166666666666667
18 0.5575 0.4166666666666667 0.0325 0.04
18 0.486875 0.49333333333333335 0.03125 0.05
18 0.38625 0.5225000000000001 0.025 0.045000000000000005
18 0.51125 0.29333333333333333 0.0325 0.04
18 0.48125 0.38333333333333336 0.0375 0.03666666666666667
18 0.6075 0.35750000000000004 0.0325 0.03833333333333334
18 0.539375 0.1575 0.02625 0.04833333333333334
18 0.4625 0.04833333333333334 0.03 0.03666666666666667
18 0.48625 0.1275 0.0325 0.04166666666666667
18 0.444375 0.13416666666666668 0.02625 0.03833333333333334
18 0.748125 0.5116666666666667 0.03375 0.043333333333333335
18 0.7418750000000001 0.5733333333333334 0.03625 0.030000000000000002
18 0.80375 0.5641666666666667 0.035 0.03166666666666667
18 0.76125 0.6633333333333333 0.03 0.043333333333333335
18 0.808125 0.7341666666666667 0.02875 0.04166666666666667
18 0.5493750000000001 0.8808333333333334 0.03625 0.028333333333333335
19 0.6431250000000001 0.935 0.04625 0.06333333333333334
24 0.5906250000000001 0.17666666666666667 0.058750000000000004 0.06666666666666667
24 0.1525 0.3541666666666667 0.0525 0.07833333333333334
11 0.26875 0.7625000000000001 0.0575 0.045000000000000005
11 0.25625 0.5850000000000001 0.045 0.05
11 0.495 0.42750000000000005 0.0325 0.06833333333333334
11 0.45125 0.35500000000000004 0.04 0.060000000000000005
11 0.463125 0.4741666666666667 0.03375 0.06166666666666667
11 0.56625 0.35333333333333333 0.055 0.06666666666666667
11 0.594375 0.4516666666666667 0.043750000000000004 0.07333333333333333
11 0.650625 0.4425 0.03875 0.07833333333333334
11 0.6625 0.16166666666666668 0.04 0.060000000000000005
11 0.680625 0.24916666666666668 0.06125 0.058333333333333334
11 0.788125 0.19666666666666668 0.051250000000000004 0.05
11 0.836875 0.33333333333333337 0.04625 0.07333333333333333
11 0.73375 0.6066666666666667 0.055 0.05
11 0.8462500000000001 0.5850000000000001 0.035 0.05
11 0.8325 0.6583333333333333 0.045 0.060000000000000005
27 0.42812500000000003 0.48250000000000004 0.04875 0.07166666666666667
27 0.550625 0.2516666666666667 0.04625 0.07666666666666667
