7 0.522429 0.188004 0.047122 0.163004
4 0.706744 0.596507 0.049895 0.108809
4 0.382751 0.854775 0.038320 0.092583
4 0.418063 0.744646 0.050129 0.104278
7 0.539338 0.621012 0.096131 0.058490
7 0.629647 0.706134 0.109770 0.084831
7 0.489111 0.755619 0.051557 0.160510
7 0.785208 0.327725 0.100344 0.093146
7 0.673721 0.546038 0.046012 0.152195
7 0.430345 0.551861 0.057102 0.137226
7 0.579253 0.829223 0.070961 0.071524
7 0.646611 0.934154 0.050450 0.130026
7 0.624436 0.835875 0.048232 0.163004
7 0.304832 0.872053 0.113095 0.093978
7 0.284487 0.500796 0.069298 0.160513
