30 0.194375 0.03833333333333334 0.043750000000000004 0.05
19 0.415625 0.36833333333333335 0.04875 0.08
20 0.099375 0.42500000000000004 0.03625 0.05666666666666667
20 0.043750000000000004 0.44333333333333336 0.04 0.07
20 0.131875 0.5183333333333333 0.03625 0.06333333333333334
20 0.080625 0.5833333333333334 0.03375 0.04666666666666667
20 0.19 0.6091666666666667 0.0425 0.045000000000000005
20 0.20750000000000002 0.6741666666666667 0.035 0.06166666666666667
20 0.18375 0.6908333333333334 0.0325 0.04166666666666667
20 0.14875 0.6841666666666667 0.04 0.06166666666666667
20 0.1975 0.7425 0.0275 0.055
20 0.214375 0.8233333333333334 0.03375 0.05
20 0.2775 0.9216666666666667 0.05 0.05
20 0.3825 0.7683333333333334 0.0375 0.060000000000000005
20 0.431875 0.7958333333333334 0.02875 0.055
20 0.386875 0.8350000000000001 0.04875 0.04666666666666667
20 0.403125 0.8725 0.04625 0.055
20 0.44125000000000003 0.8933333333333334 0.0425 0.06666666666666667
20 0.49562500000000004 0.9141666666666667 0.03875 0.055
20 0.49875 0.9833333333333334 0.0475 0.023333333333333334
20 0.61625 0.8333333333333334 0.0375 0.05666666666666667
20 0.598125 0.795 0.04625 0.04666666666666667
20 0.660625 0.7958333333333334 0.04625 0.04833333333333334
20 0.568125 0.5900000000000001 0.051250000000000004 0.06666666666666667
20 0.6825 0.6875 0.0425 0.07833333333333334
20 0.711875 0.7433333333333334 0.04625 0.07666666666666667
20 0.703125 0.8575 0.051250000000000004 0.065
19 0.7681250000000001 0.8375 0.04625 0.04166666666666667
20 0.781875 0.6691666666666667 0.04125 0.05166666666666667
20 0.794375 0.6108333333333333 0.03875 0.06166666666666667
20 0.7825 0.5458333333333334 0.0425 0.055
20 0.718125 0.555 0.04625 0.05
30 0.7425 0.5025000000000001 0.05 0.06166666666666667
19 0.74625 0.43583333333333335 0.0575 0.07500000000000001
20 0.708125 0.42750000000000005 0.02875 0.04833333333333334
20 0.626875 0.42083333333333334 0.04625 0.045000000000000005
18 0.805625 0.315 0.02375 0.05
19 0.5025000000000001 0.8291666666666667 0.06 0.10166666666666667
19 0.349375 0.7308333333333333 0.043750000000000004 0.07500000000000001
19 0.30312500000000003 0.6983333333333334 0.05375 0.08
19 0.325 0.6583333333333333 0.06 0.060000000000000005
20 0.270625 0.6308333333333334 0.04875 0.11166666666666668
23 0.364375 0.6483333333333334 0.05625 0.07
20 0.310625 0.8316666666666667 0.02875 0.04666666666666667
13 0.24 0.7233333333333334 0.0475 0.07333333333333333
19 0.14625 0.6325000000000001 0.0575 0.07166666666666667
20 0.1325 0.4625 0.04 0.055
