6 0.198002 0.804703 0.118320 0.065247
6 0.683341 0.883086 0.032430 0.066418
6 0.680930 0.951524 0.042508 0.057758
6 0.622646 0.886550 0.031113 0.066418
6 0.237808 0.358074 0.034326 0.064009
6 0.243285 0.305854 0.048935 0.043318
6 0.195812 0.364330 0.049667 0.057272
6 0.197309 0.544575 0.043822 0.051981
6 0.151112 0.511125 0.047108 0.049573
6 0.229992 0.497165 0.048572 0.034172
6 0.288240 0.466364 0.048206 0.047651
6 0.353245 0.385267 0.043825 0.055832
6 0.498044 0.362887 0.028119 0.060158
6 0.465542 0.360000 0.041266 0.051499
6 0.394694 0.379249 0.031770 0.071712
6 0.446551 0.426659 0.031770 0.071230
6 0.435048 0.502703 0.045284 0.056793
6 0.487271 0.617970 0.053318 0.038984
6 0.611253 0.643719 0.024467 0.062566
6 0.646494 0.682224 0.048206 0.043318
6 0.691778 0.762598 0.027756 0.061605
6 0.721176 0.703159 0.026661 0.066896
6 0.690683 0.679575 0.035059 0.069786
6 0.564326 0.596554 0.036520 0.056793
6 0.627504 0.568399 0.048203 0.041874
6 0.520276 0.541580 0.026295 0.065263
6 0.574836 0.516457 0.046889 0.049672
6 0.586668 0.457546 0.045140 0.053132
6 0.648021 0.487001 0.051272 0.043895
6 0.693815 0.507505 0.034182 0.071040
6 0.690747 0.435890 0.044698 0.061799
6 0.700389 0.268687 0.030678 0.057754
6 0.457433 0.230915 0.034182 0.065840
3 0.033995 0.407214 0.034998 0.065374
3 0.169809 0.981216 0.071944 0.037568
3 0.737865 0.812026 0.046016 0.104440
3 0.451920 0.958820 0.035788 0.076524
3 0.295435 0.803845 0.066832 0.059197
1 0.234631 0.976149 0.059163 0.047647
1 0.291053 0.973499 0.046379 0.044278
1 0.401887 0.937404 0.051857 0.035615
1 0.275897 0.888070 0.054050 0.047647
2 0.315887 0.873391 0.033963 0.063531
9 0.118500 0.725010 0.058068 0.063053
9 0.488669 0.983426 0.025614 0.033147
9 0.564344 0.848537 0.025359 0.057825
2 0.546448 0.015053 0.044698 0.029110
2 0.683965 0.115546 0.043123 0.063760
2 0.547729 0.401999 0.054779 0.040107
2 0.572433 0.276736 0.048569 0.046686
2 0.746629 0.454571 0.044917 0.048130
2 0.480770 0.829257 0.050030 0.043796
2 0.439137 0.877145 0.027390 0.047165
2 0.090015 0.834792 0.041266 0.033689
2 0.108456 0.795809 0.037249 0.051981
2 0.193912 0.882440 0.046013 0.059684
2 0.231344 0.623747 0.026661 0.066900
2 0.197564 0.623505 0.037252 0.054864
2 0.266403 0.542649 0.036886 0.060641
2 0.371395 0.525322 0.038710 0.056789
2 0.290687 0.394893 0.043822 0.056793
2 0.192306 0.146835 0.061353 0.087113
