22 0.498125 0.24083333333333334 0.03375 0.035
22 0.274375 0.3433333333333334 0.03625 0.030000000000000002
22 0.465625 0.3066666666666667 0.02375 0.03333333333333333
22 0.5075000000000001 0.3716666666666667 0.0275 0.03666666666666667
22 0.530625 0.41250000000000003 0.02875 0.03166666666666667
22 0.344375 0.5333333333333333 0.02625 0.03333333333333333
22 0.354375 0.5650000000000001 0.02375 0.043333333333333335
22 0.49062500000000003 0.5166666666666667 0.03375 0.03333333333333333
22 0.505625 0.5950000000000001 0.03125 0.04
22 0.535625 0.5475 0.01875 0.05166666666666667
22 0.555625 0.5516666666666667 0.02375 0.043333333333333335
22 0.535625 0.6875 0.03625 0.028333333333333335
22 0.610625 0.7533333333333334 0.03625 0.030000000000000002
22 0.646875 0.7191666666666667 0.01875 0.04833333333333334
22 0.633125 0.6375000000000001 0.02875 0.03833333333333334
22 0.620625 0.5708333333333334 0.01875 0.045000000000000005
22 0.6375000000000001 0.5725 0.03 0.045000000000000005
22 0.63875 0.535 0.035 0.02666666666666667
22 0.659375 0.5116666666666667 0.03125 0.02666666666666667
22 0.709375 0.5325000000000001 0.02875 0.03166666666666667
22 0.6925 0.49583333333333335 0.0325 0.025
22 0.62125 0.4066666666666667 0.03 0.030000000000000002
22 0.6525 0.34500000000000003 0.0275 0.04
22 0.675 0.3375 0.025 0.04833333333333334
22 0.675625 0.22333333333333336 0.02625 0.043333333333333335
22 0.700625 0.20583333333333334 0.02875 0.035
22 0.599375 0.23583333333333334 0.03125 0.028333333333333335
