11 0.2125 0.4058333333333334 0.03 0.03833333333333334
11 0.25875 0.49750000000000005 0.035 0.03833333333333334
11 0.433125 0.4675 0.02875 0.03833333333333334
11 0.408125 0.5258333333333334 0.02875 0.05166666666666667
11 0.3625 0.6891666666666667 0.025 0.045000000000000005
11 0.39375 0.7841666666666667 0.025 0.04166666666666667
11 0.558125 0.615 0.03875 0.05
11 0.646875 0.6308333333333334 0.03375 0.04833333333333334
11 0.74125 0.5975 0.035 0.04166666666666667
11 0.6843750000000001 0.5683333333333334 0.02625 0.05666666666666667
11 0.5856250000000001 0.4808333333333334 0.03625 0.03166666666666667
11 0.715 0.38 0.0325 0.03333333333333333
11 0.54875 0.3016666666666667 0.0225 0.04
11 0.465625 0.30333333333333334 0.02625 0.043333333333333335
11 0.7056250000000001 0.77 0.02875 0.030000000000000002
