19 0.45437500000000003 0.05166666666666667 0.04875 0.06666666666666667
19 0.7225 0.29500000000000004 0.0525 0.07666666666666667
18 0.375625 0.11333333333333334 0.02875 0.04666666666666667
18 0.22062500000000002 0.3408333333333334 0.02875 0.04166666666666667
18 0.25875 0.36333333333333334 0.035 0.04666666666666667
18 0.160625 0.45583333333333337 0.04125 0.03833333333333334
18 0.310625 0.4566666666666667 0.03375 0.02666666666666667
18 0.240625 0.515 0.02375 0.04666666666666667
27 0.68 0.7975000000000001 0.0475 0.06166666666666667
26 0.41375 0.8041666666666667 0.035 0.03166666666666667
26 0.24125 0.5800000000000001 0.025 0.043333333333333335
26 0.2625 0.4658333333333334 0.025 0.045000000000000005
26 0.349375 0.3875 0.03875 0.03166666666666667
26 0.47875 0.455 0.03 0.04666666666666667
26 0.275625 0.2541666666666667 0.02625 0.04166666666666667
26 0.50125 0.13833333333333334 0.03 0.03333333333333333
26 0.385 0.39416666666666667 0.0325 0.035
24 0.38375000000000004 0.655 0.055 0.07333333333333333
18 0.479375 0.0175 0.02125 0.03166666666666667
