19 0.30875 0.06166666666666667 0.0375 0.07666666666666667
23 0.31 0.28833333333333333 0.0425 0.07666666666666667
18 0.276875 0.29583333333333334 0.03625 0.045000000000000005
23 0.4325 0.32833333333333337 0.04 0.06333333333333334
23 0.466875 0.31833333333333336 0.043750000000000004 0.07
18 0.21875 0.41750000000000004 0.03 0.045000000000000005
18 0.28750000000000003 0.4316666666666667 0.0275 0.05
24 0.24875 0.4575 0.0525 0.07166666666666667
23 0.295625 0.4683333333333334 0.05625 0.06333333333333334
18 0.37125 0.5308333333333334 0.0475 0.045000000000000005
18 0.369375 0.5841666666666667 0.03125 0.045000000000000005
19 0.30625 0.5908333333333333 0.0525 0.07833333333333334
23 0.3525 0.6858333333333334 0.045 0.06166666666666667
25 0.411875 0.7375 0.05375 0.115
26 0.440625 0.8550000000000001 0.03625 0.04666666666666667
23 0.595 0.7291666666666667 0.0475 0.065
19 0.49 0.1 0.0525 0.07
18 0.45437500000000003 0.21083333333333334 0.03375 0.05166666666666667
18 0.6218750000000001 0.1975 0.02625 0.045000000000000005
18 0.6793750000000001 0.24250000000000002 0.02875 0.03833333333333334
18 0.5625 0.165 0.0325 0.043333333333333335
18 0.586875 0.15333333333333335 0.03625 0.03333333333333333
18 0.584375 0.11916666666666667 0.04625 0.04833333333333334
