11 0.235625 0.6491666666666667 0.07375 0.08833333333333333
11 0.2775 0.5875 0.0625 0.095
11 0.336875 0.6583333333333333 0.07125000000000001 0.08
11 0.44125000000000003 0.5791666666666667 0.05 0.09833333333333334
18 0.700625 0.8125 0.05375 0.058333333333333334
18 0.6481250000000001 0.3383333333333334 0.04125 0.06333333333333334
18 0.495 0.335 0.0375 0.05666666666666667
18 0.715 0.21000000000000002 0.0375 0.06333333333333334
18 0.163125 0.3175 0.04125 0.06166666666666667
18 0.480625 0.14166666666666666 0.03625 0.05666666666666667
18 0.494375 0.06333333333333334 0.03875 0.05666666666666667
