1 0.623888 0.617825 0.028119 0.079415
1 0.122171 0.057952 0.060999 0.042278
1 0.389316 0.103001 0.035758 0.099106
1 0.352000 0.034889 0.050720 0.023064
1 0.338432 0.109255 0.046916 0.030751
1 0.184748 0.167912 0.023585 0.061163
1 0.216575 0.148193 0.038041 0.053808
1 0.120585 0.177772 0.029673 0.044116
1 0.164205 0.174931 0.016991 0.055144
1 0.336023 0.189136 0.022823 0.043452
1 0.449638 0.253642 0.056301 0.033420
1 0.496049 0.214203 0.021812 0.056821
1 0.444440 0.299599 0.033729 0.050467
1 0.447864 0.205846 0.062388 0.046125
1 0.437465 0.159389 0.054779 0.046125
1 0.553110 0.160726 0.025866 0.051471
1 0.659116 0.221890 0.054776 0.044120
1 0.628557 0.286396 0.058584 0.068853
1 0.747498 0.320654 0.032715 0.049130
1 0.824340 0.315643 0.031194 0.062499
1 0.855660 0.190304 0.025362 0.067181
1 0.739383 0.039067 0.055539 0.044784
1 0.516083 0.120953 0.058329 0.046121
1 0.482340 0.431182 0.055146 0.038505
1 0.518311 0.403990 0.043822 0.072677
1 0.556839 0.440061 0.032502 0.069834
1 0.602307 0.459794 0.051857 0.074646
1 0.720227 0.434286 0.040903 0.062135
1 0.843734 0.377904 0.020813 0.061605
1 0.877879 0.399079 0.048935 0.034654
1 0.892852 0.445283 0.039439 0.061605
1 0.935398 0.478011 0.031041 0.067378
1 0.886095 0.255654 0.037615 0.074116
1 0.759374 0.490283 0.060987 0.038984
1 0.918782 0.623602 0.031407 0.064974
1 0.901617 0.662827 0.046013 0.043314
1 0.888105 0.617345 0.039439 0.043800
1 0.832048 0.627452 0.036157 0.101554
1 0.808675 0.699405 0.030312 0.077972
1 0.747505 0.677746 0.061353 0.037541
1 0.872949 0.763899 0.050033 0.034654
1 0.794616 0.777855 0.092028 0.039466
1 0.844829 0.809620 0.032502 0.058719
1 0.550303 0.597612 0.065005 0.045726
1 0.140924 0.399320 0.026295 0.068826
1 0.093266 0.448171 0.034692 0.069304
1 0.119011 0.439508 0.021911 0.070269
1 0.146401 0.449373 0.024833 0.045722
1 0.135080 0.546113 0.072307 0.028399
1 0.055285 0.580045 0.060255 0.029842
1 0.087604 0.539616 0.054050 0.033689
1 0.314754 0.629136 0.077423 0.038501
1 0.378297 0.686410 0.058431 0.033689
1 0.412808 0.600259 0.025197 0.072191
1 0.325345 0.552371 0.050396 0.037062
1 0.294487 0.600259 0.074134 0.034650
1 0.202457 0.607720 0.054413 0.029359
1 0.225830 0.581971 0.055872 0.025026
1 0.240072 0.557665 0.063906 0.030324
1 0.255957 0.503280 0.035059 0.052459
1 0.416826 0.549241 0.044188 0.044278
1 0.493698 0.591115 0.053318 0.037541
1 0.475803 0.567050 0.051125 0.024065
1 0.429788 0.666918 0.035059 0.061127
1 0.664059 0.565127 0.025929 0.067382
1 0.863819 0.562960 0.026661 0.069786
1 0.822463 0.492434 0.067453 0.028877
1 0.649556 0.658207 0.056604 0.072191
1 0.670249 0.802193 0.035302 0.093851
1 0.541367 0.722580 0.028302 0.061364
1 0.509412 0.704130 0.024650 0.074199
1 0.423593 0.796378 0.033780 0.082222
1 0.351772 0.741230 0.023435 0.069790
1 0.372466 0.727193 0.020390 0.055350
1 0.254386 0.639557 0.042910 0.032487
1 0.052163 0.735012 0.039562 0.066979
1 0.046989 0.783142 0.040171 0.044520
1 0.112723 0.808209 0.020693 0.064176
1 0.294254 0.787353 0.025869 0.058557
1 0.319362 0.776323 0.020693 0.060561
1 0.252867 0.842902 0.024041 0.049332
1 0.163546 0.970243 0.057822 0.044923
1 0.087616 0.866766 0.064821 0.028881
1 0.365771 0.929935 0.036217 0.061364
1 0.375054 0.877594 0.027390 0.071392
1 0.429527 0.876993 0.029826 0.074199
1 0.365771 0.817030 0.025866 0.077809
1 0.389965 0.825455 0.021911 0.058557
1 0.338381 0.858142 0.042301 0.032487
1 0.154113 0.843705 0.031041 0.050937
1 0.228519 0.861552 0.021605 0.052942
1 0.273866 0.805601 0.026478 0.089439
1 0.354206 0.980670 0.063606 0.030482
1 0.469547 0.900457 0.023432 0.077007
1 0.563735 0.914093 0.052343 0.036900
1 0.665837 0.956807 0.026478 0.070190
1 0.445962 0.984721 0.059040 0.030558
1 0.638903 0.938157 0.024347 0.060158
2 0.645143 0.707940 0.043516 0.036093
2 0.568300 0.674047 0.042607 0.044520
2 0.758498 0.935757 0.024539 0.038118
