11 0.39 0.14750000000000002 0.0225 0.04166666666666667
11 0.42812500000000003 0.14166666666666666 0.03125 0.03333333333333333
11 0.431875 0.1716666666666667 0.03875 0.02666666666666667
11 0.355 0.16333333333333333 0.035 0.030000000000000002
11 0.38875 0.18500000000000003 0.0325 0.03666666666666667
11 0.415625 0.1991666666666667 0.03375 0.035
11 0.31125 0.18583333333333335 0.035 0.028333333333333335
11 0.3525 0.2066666666666667 0.0225 0.04
11 0.378125 0.2275 0.02375 0.045000000000000005
11 0.4 0.24833333333333335 0.0225 0.043333333333333335
11 0.420625 0.26166666666666666 0.02375 0.04666666666666667
11 0.44125000000000003 0.25 0.025 0.04666666666666667
11 0.471875 0.24833333333333335 0.02625 0.043333333333333335
11 0.321875 0.21250000000000002 0.02875 0.035
11 0.336875 0.23833333333333334 0.03125 0.03666666666666667
11 0.3625 0.25083333333333335 0.02 0.035
11 0.355 0.2833333333333333 0.0375 0.03333333333333333
11 0.3125 0.26833333333333337 0.0325 0.03333333333333333
11 0.2975 0.24416666666666667 0.025 0.05166666666666667
11 0.2675 0.25333333333333335 0.0375 0.04
11 0.256875 0.23833333333333334 0.02375 0.043333333333333335
11 0.238125 0.25583333333333336 0.02375 0.045000000000000005
11 0.243125 0.2841666666666667 0.03625 0.03166666666666667
11 0.280625 0.2991666666666667 0.02875 0.035
11 0.2675 0.32 0.0225 0.04
11 0.248125 0.3216666666666667 0.02375 0.05
11 0.39687500000000003 0.2833333333333333 0.03625 0.02666666666666667
11 0.4325 0.3091666666666667 0.03 0.045000000000000005
11 0.4175 0.32916666666666666 0.025 0.045000000000000005
11 0.403125 0.3075 0.02875 0.045000000000000005
11 0.38 0.31583333333333335 0.0325 0.045000000000000005
11 0.36312500000000003 0.3666666666666667 0.02875 0.04
11 0.371875 0.42000000000000004 0.03125 0.030000000000000002
11 0.449375 0.3875 0.03625 0.03166666666666667
11 0.4275 0.36000000000000004 0.0375 0.04666666666666667
11 0.468125 0.34500000000000003 0.02375 0.05666666666666667
11 0.210625 0.35000000000000003 0.03375 0.03333333333333333
27 0.336875 0.3175 0.03375 0.03833333333333334
27 0.336875 0.35000000000000003 0.02875 0.04
27 0.301875 0.29333333333333333 0.02875 0.04
11 0.20375000000000001 0.40750000000000003 0.035 0.028333333333333335
11 0.195625 0.43833333333333335 0.02375 0.05333333333333334
11 0.21937500000000001 0.465 0.02875 0.030000000000000002
11 0.17625 0.4316666666666667 0.0175 0.04666666666666667
11 0.214375 0.5058333333333334 0.02625 0.05166666666666667
11 0.19 0.5108333333333334 0.0325 0.03166666666666667
11 0.2525 0.6075 0.0325 0.045000000000000005
19 0.26687500000000003 0.6841666666666667 0.02625 0.03166666666666667
11 0.251875 0.755 0.02875 0.04
24 0.390625 0.7025 0.051250000000000004 0.058333333333333334
11 0.37125 0.6391666666666667 0.025 0.045000000000000005
11 0.40125 0.7875000000000001 0.0225 0.055
11 0.4325 0.7766666666666667 0.0375 0.03333333333333333
11 0.498125 0.7941666666666667 0.02375 0.045000000000000005
11 0.4875 0.7575000000000001 0.035 0.035
27 0.404375 0.8325 0.03875 0.028333333333333335
11 0.45687500000000003 0.9016666666666667 0.02875 0.03333333333333333
27 0.543125 0.8166666666666668 0.02375 0.04666666666666667
11 0.5650000000000001 0.8241666666666667 0.025 0.045000000000000005
11 0.615625 0.8291666666666667 0.03375 0.028333333333333335
11 0.5775 0.7691666666666667 0.025 0.05166666666666667
11 0.40750000000000003 0.4916666666666667 0.035 0.04
11 0.441875 0.4816666666666667 0.03125 0.05
11 0.47000000000000003 0.4941666666666667 0.03 0.03833333333333334
11 0.48625 0.4683333333333334 0.0375 0.03333333333333333
11 0.4975 0.5233333333333333 0.0275 0.05
11 0.530625 0.5358333333333334 0.03875 0.035
11 0.556875 0.525 0.03125 0.04
11 0.51625 0.5025000000000001 0.03 0.035
11 0.539375 0.48750000000000004 0.03375 0.03833333333333334
11 0.44625000000000004 0.535 0.035 0.03333333333333333
11 0.3975 0.545 0.0275 0.05
27 0.425 0.5625 0.035 0.03833333333333334
11 0.41000000000000003 0.6108333333333333 0.0275 0.05166666666666667
11 0.433125 0.6075 0.02875 0.045000000000000005
11 0.469375 0.5916666666666667 0.02125 0.04666666666666667
11 0.499375 0.5933333333333334 0.03875 0.03333333333333333
11 0.5231250000000001 0.5675 0.03625 0.028333333333333335
11 0.53 0.5891666666666667 0.0325 0.04166666666666667
11 0.519375 0.625 0.03625 0.02666666666666667
11 0.48562500000000003 0.6341666666666667 0.03625 0.03166666666666667
11 0.5181250000000001 0.6483333333333334 0.04125 0.03333333333333333
11 0.51625 0.68 0.045 0.03333333333333333
11 0.553125 0.6925 0.02375 0.04166666666666667
11 0.505625 0.7066666666666667 0.03875 0.030000000000000002
11 0.515625 0.7325 0.03125 0.03166666666666667
27 0.476875 0.7225 0.03375 0.03833333333333334
11 0.65 0.685 0.025 0.043333333333333335
11 0.725 0.6666666666666667 0.0225 0.04666666666666667
11 0.695625 0.7191666666666667 0.03625 0.035
11 0.669375 0.7333333333333334 0.02375 0.04666666666666667
11 0.709375 0.7616666666666667 0.02375 0.04
11 0.64625 0.7491666666666668 0.03 0.035
27 0.6637500000000001 0.7741666666666667 0.025 0.035
11 0.6325000000000001 0.7108333333333334 0.035 0.03166666666666667
11 0.618125 0.6783333333333333 0.02375 0.04666666666666667
11 0.58875 0.6691666666666667 0.02 0.04833333333333334
11 0.57125 0.6725000000000001 0.0225 0.05166666666666667
11 0.650625 0.6416666666666667 0.02125 0.05
27 0.71 0.6241666666666668 0.0325 0.04833333333333334
11 0.678125 0.5991666666666667 0.02125 0.055
27 0.655 0.5933333333333334 0.04 0.03333333333333333
27 0.59875 0.615 0.0375 0.030000000000000002
11 0.628125 0.6208333333333333 0.02875 0.04833333333333334
11 0.595 0.6408333333333334 0.035 0.035
11 0.564375 0.6358333333333334 0.02625 0.045000000000000005
11 0.548125 0.625 0.02125 0.04666666666666667
11 0.57875 0.5850000000000001 0.03 0.03666666666666667
11 0.553125 0.5791666666666667 0.02625 0.04833333333333334
11 0.630625 0.5208333333333334 0.03875 0.03166666666666667
11 0.6525 0.5066666666666667 0.035 0.03333333333333333
11 0.67375 0.49250000000000005 0.0175 0.045000000000000005
11 0.696875 0.49500000000000005 0.02375 0.04666666666666667
11 0.70625 0.5341666666666667 0.0225 0.04833333333333334
11 0.693125 0.5575 0.02625 0.04166666666666667
11 0.7225 0.5816666666666667 0.0325 0.04
11 0.73875 0.5666666666666667 0.0225 0.05
11 0.6687500000000001 0.5425 0.035 0.03166666666666667
11 0.670625 0.5675 0.03375 0.028333333333333335
11 0.641875 0.5525 0.02625 0.045000000000000005
11 0.5906250000000001 0.5266666666666667 0.03625 0.02666666666666667
11 0.58625 0.5525 0.0375 0.03166666666666667
11 0.5856250000000001 0.46166666666666667 0.02625 0.04666666666666667
11 0.605 0.48333333333333334 0.0275 0.04666666666666667
11 0.615 0.465 0.0275 0.03333333333333333
11 0.639375 0.47750000000000004 0.03375 0.028333333333333335
11 0.6687500000000001 0.4575 0.0375 0.028333333333333335
11 0.599375 0.5016666666666667 0.02375 0.02666666666666667
11 0.545625 0.4341666666666667 0.03875 0.028333333333333335
11 0.555625 0.4608333333333334 0.03875 0.028333333333333335
11 0.516875 0.4591666666666667 0.02875 0.04833333333333334
11 0.6375000000000001 0.3825 0.0375 0.03166666666666667
11 0.688125 0.39416666666666667 0.02625 0.04166666666666667
11 0.7025 0.35583333333333333 0.0325 0.03166666666666667
11 0.675 0.36083333333333334 0.0225 0.04833333333333334
11 0.67 0.41583333333333333 0.025 0.05166666666666667
11 0.64625 0.43250000000000005 0.02 0.045000000000000005
11 0.640625 0.4108333333333334 0.03125 0.03166666666666667
11 0.62375 0.40166666666666667 0.0225 0.030000000000000002
11 0.61375 0.4216666666666667 0.02 0.03666666666666667
11 0.6275000000000001 0.4391666666666667 0.0225 0.04833333333333334
11 0.60375 0.43333333333333335 0.0275 0.04
11 0.56875 0.3766666666666667 0.025 0.05
11 0.610625 0.35833333333333334 0.02375 0.04
11 0.628125 0.3466666666666667 0.02125 0.03666666666666667
11 0.6475 0.34500000000000003 0.0275 0.04
27 0.730625 0.3541666666666667 0.02875 0.04833333333333334
27 0.7312500000000001 0.39333333333333337 0.03 0.03666666666666667
11 0.735 0.43083333333333335 0.0325 0.03833333333333334
11 0.708125 0.41250000000000003 0.01875 0.05166666666666667
27 0.693125 0.42583333333333334 0.01875 0.04833333333333334
11 0.749375 0.4916666666666667 0.03375 0.030000000000000002
11 0.7518750000000001 0.5275000000000001 0.04125 0.03166666666666667
11 0.776875 0.5583333333333333 0.02125 0.043333333333333335
11 0.760625 0.4708333333333334 0.03125 0.03166666666666667
11 0.775 0.44833333333333336 0.0275 0.04
11 0.756875 0.4166666666666667 0.03375 0.02666666666666667
11 0.775 0.4025 0.03 0.04166666666666667
11 0.753125 0.3891666666666667 0.02375 0.03166666666666667
11 0.7575000000000001 0.3591666666666667 0.035 0.028333333333333335
11 0.745625 0.32666666666666666 0.02875 0.03333333333333333
11 0.74125 0.29083333333333333 0.0275 0.03833333333333334
11 0.720625 0.3225 0.02375 0.04833333333333334
27 0.709375 0.30250000000000005 0.03125 0.03166666666666667
11 0.683125 0.30833333333333335 0.02375 0.03333333333333333
11 0.690625 0.3325 0.03375 0.025
11 0.711875 0.23500000000000001 0.02875 0.030000000000000002
11 0.715 0.26166666666666666 0.03 0.03666666666666667
11 0.708125 0.275 0.03125 0.03333333333333333
11 0.65625 0.20500000000000002 0.0325 0.03666666666666667
11 0.67625 0.24083333333333334 0.03 0.04166666666666667
11 0.68875 0.26583333333333337 0.0175 0.04166666666666667
11 0.6725 0.29333333333333333 0.0325 0.043333333333333335
11 0.6375000000000001 0.29833333333333334 0.03 0.043333333333333335
11 0.64625 0.24000000000000002 0.0275 0.02666666666666667
11 0.623125 0.255 0.03125 0.03333333333333333
11 0.64 0.2675 0.0325 0.021666666666666667
11 0.61625 0.29333333333333333 0.025 0.04
11 0.596875 0.22833333333333336 0.03125 0.030000000000000002
11 0.5962500000000001 0.24583333333333335 0.0275 0.035
11 0.614375 0.18250000000000002 0.03375 0.035
11 0.58625 0.18666666666666668 0.03 0.030000000000000002
11 0.569375 0.22083333333333335 0.02125 0.045000000000000005
11 0.6025 0.21000000000000002 0.03 0.023333333333333334
27 0.625625 0.21250000000000002 0.02125 0.04166666666666667
11 0.575625 0.165 0.02125 0.03666666666666667
11 0.556875 0.18083333333333335 0.02125 0.04166666666666667
27 0.5375 0.21000000000000002 0.0275 0.05
27 0.551875 0.27083333333333337 0.02125 0.04833333333333334
27 0.576875 0.26333333333333336 0.02375 0.04666666666666667
11 0.5181250000000001 0.17416666666666666 0.03125 0.028333333333333335
11 0.49375 0.17750000000000002 0.02 0.045000000000000005
11 0.465625 0.155 0.03125 0.04666666666666667
27 0.47375 0.19333333333333336 0.02 0.04666666666666667
27 0.45437500000000003 0.20833333333333334 0.03125 0.03666666666666667
11 0.48562500000000003 0.28833333333333333 0.02875 0.04
11 0.51125 0.32666666666666666 0.025 0.04666666666666667
27 0.531875 0.29750000000000004 0.02875 0.05166666666666667
11 0.5775 0.33166666666666667 0.02 0.04666666666666667
11 0.51125 0.3775 0.0275 0.03833333333333334
11 0.5425 0.4008333333333334 0.0275 0.03833333333333334
11 0.5175 0.42000000000000004 0.03 0.04666666666666667
11 0.489375 0.42250000000000004 0.03125 0.05166666666666667
11 0.445625 0.41750000000000004 0.02875 0.03833333333333334
11 0.424375 0.4316666666666667 0.03375 0.04
11 0.351875 0.4541666666666667 0.02875 0.058333333333333334
11 0.33125 0.49083333333333334 0.035 0.03833333333333334
