11 0.29125 0.2225 0.065 0.07500000000000001
11 0.634375 0.38333333333333336 0.051250000000000004 0.07666666666666667
11 0.548125 0.3433333333333334 0.05625 0.08
11 0.49375 0.4033333333333334 0.055 0.07666666666666667
11 0.5337500000000001 0.44833333333333336 0.065 0.08333333333333334
11 0.545 0.5191666666666667 0.045 0.095
11 0.5025000000000001 0.5191666666666667 0.0525 0.095
11 0.463125 0.5533333333333333 0.04875 0.08666666666666667
11 0.421875 0.46416666666666667 0.07125000000000001 0.06166666666666667
11 0.408125 0.54 0.05625 0.08333333333333334
11 0.3825 0.6316666666666667 0.0675 0.08333333333333334
11 0.350625 0.7075 0.058750000000000004 0.08833333333333333
11 0.2475 0.5516666666666667 0.07 0.060000000000000005
11 0.365 0.45083333333333336 0.0625 0.065
11 0.29875 0.4758333333333334 0.0675 0.07500000000000001
11 0.728125 0.6958333333333334 0.058750000000000004 0.07166666666666667
11 0.9606250000000001 0.4541666666666667 0.04625 0.06166666666666667
11 0.978125 0.41750000000000004 0.04125 0.055
18 0.33437500000000003 0.14333333333333334 0.03125 0.05333333333333334
