11 0.253125 0.3275 0.03875 0.045000000000000005
11 0.403125 0.31833333333333336 0.03625 0.05
11 0.4925 0.31083333333333335 0.045 0.03833333333333334
11 0.453125 0.2816666666666667 0.02375 0.05666666666666667
11 0.424375 0.2808333333333333 0.03625 0.05166666666666667
11 0.435625 0.23833333333333334 0.03125 0.05
11 0.655 0.19583333333333336 0.0325 0.035
11 0.711875 0.49500000000000005 0.03625 0.06333333333333334
11 0.5825 0.5816666666666667 0.0475 0.04
18 0.55125 0.2391666666666667 0.0325 0.04166666666666667
11 0.618125 0.8716666666666667 0.03375 0.03666666666666667
