11 0.429375 0.1525 0.02625 0.05166666666666667
11 0.46375 0.16166666666666668 0.035 0.04
11 0.5337500000000001 0.24833333333333335 0.0525 0.03666666666666667
19 0.37125 0.16833333333333333 0.035 0.05
11 0.315625 0.21166666666666667 0.03875 0.03666666666666667
11 0.29625 0.275 0.035 0.05333333333333334
11 0.279375 0.2525 0.02875 0.04833333333333334
11 0.335 0.3141666666666667 0.0425 0.04166666666666667
11 0.410625 0.375 0.02125 0.05333333333333334
11 0.236875 0.33333333333333337 0.02375 0.05333333333333334
18 0.2775 0.44833333333333336 0.0225 0.03666666666666667
18 0.315625 0.4608333333333334 0.02375 0.035
18 0.325 0.49833333333333335 0.02 0.030000000000000002
18 0.239375 0.4666666666666667 0.02125 0.03333333333333333
11 0.2175 0.49833333333333335 0.03 0.04
11 0.205625 0.48833333333333334 0.02125 0.05
18 0.24125 0.5275000000000001 0.025 0.045000000000000005
18 0.23375 0.49583333333333335 0.015 0.03166666666666667
19 0.42562500000000003 0.42333333333333334 0.03125 0.04666666666666667
11 0.361875 0.5583333333333333 0.02875 0.05333333333333334
11 0.301875 0.6516666666666667 0.02875 0.043333333333333335
18 0.255625 0.66 0.02125 0.03666666666666667
18 0.284375 0.7166666666666667 0.02125 0.03666666666666667
18 0.39875 0.6408333333333334 0.025 0.03833333333333334
18 0.409375 0.655 0.02375 0.03666666666666667
18 0.4 0.6991666666666667 0.03 0.03166666666666667
18 0.380625 0.6558333333333334 0.02125 0.03166666666666667
18 0.25625 0.7200000000000001 0.02 0.030000000000000002
18 0.27625 0.7433333333333334 0.02 0.02666666666666667
18 0.256875 0.7408333333333333 0.02125 0.021666666666666667
18 0.314375 0.7783333333333334 0.02125 0.030000000000000002
18 0.3075 0.7908333333333334 0.0175 0.025
18 0.36062500000000003 0.7483333333333334 0.02375 0.02666666666666667
18 0.380625 0.78 0.02375 0.023333333333333334
18 0.48812500000000003 0.5941666666666667 0.02875 0.03166666666666667
18 0.4925 0.6866666666666668 0.025 0.03333333333333333
18 0.5075000000000001 0.7150000000000001 0.0225 0.03333333333333333
19 0.338125 0.7925000000000001 0.03125 0.045000000000000005
18 0.39625 0.8458333333333334 0.0225 0.03166666666666667
18 0.3725 0.8466666666666667 0.0275 0.030000000000000002
18 0.5725 0.8183333333333334 0.025 0.030000000000000002
18 0.654375 0.7191666666666667 0.01875 0.03166666666666667
18 0.70125 0.7250000000000001 0.025 0.03333333333333333
18 0.6975 0.7708333333333334 0.0225 0.028333333333333335
18 0.6975 0.7508333333333334 0.0225 0.025
18 0.6900000000000001 0.7666666666666667 0.02 0.016666666666666666
18 0.711875 0.7733333333333334 0.01875 0.03333333333333333
11 0.719375 0.675 0.03625 0.04
11 0.73875 0.6108333333333333 0.0275 0.055
11 0.56375 0.43083333333333335 0.04 0.04166666666666667
11 0.675625 0.32666666666666666 0.03375 0.043333333333333335
11 0.714375 0.31833333333333336 0.02875 0.05
11 0.67625 0.25833333333333336 0.035 0.03666666666666667
11 0.651875 0.24000000000000002 0.02375 0.04666666666666667
18 0.7262500000000001 0.3358333333333334 0.0175 0.03166666666666667
18 0.709375 0.34833333333333333 0.02375 0.023333333333333334
18 0.304375 0.3766666666666667 0.02125 0.03333333333333333
