19 0.67125 0.2991666666666667 0.0325 0.07166666666666667
20 0.696875 0.3041666666666667 0.02375 0.035
19 0.683125 0.3566666666666667 0.043750000000000004 0.043333333333333335
19 0.69625 0.385 0.045 0.05
23 0.7375 0.23083333333333333 0.0375 0.058333333333333334
19 0.731875 0.3325 0.03375 0.03833333333333334
19 0.730625 0.44833333333333336 0.03375 0.05333333333333334
23 0.7937500000000001 0.49000000000000005 0.0375 0.04666666666666667
23 0.734375 0.5083333333333334 0.02625 0.04666666666666667
23 0.769375 0.5316666666666667 0.03125 0.04
23 0.731875 0.5375000000000001 0.03625 0.05166666666666667
23 0.6575 0.4266666666666667 0.0575 0.04666666666666667
19 0.7312500000000001 0.5991666666666667 0.0525 0.058333333333333334
23 0.609375 0.45083333333333336 0.05375 0.05166666666666667
