27 0.6 0.12916666666666668 0.05 0.06833333333333334
19 0.508125 0.1325 0.04875 0.07166666666666667
19 0.425 0.27666666666666667 0.055 0.06666666666666667
19 0.39625 0.41250000000000003 0.0425 0.06833333333333334
19 0.526875 0.4716666666666667 0.051250000000000004 0.05666666666666667
19 0.436875 0.5058333333333334 0.06875 0.058333333333333334
19 0.25375000000000003 0.5708333333333334 0.0625 0.04833333333333334
19 0.33625 0.38 0.04 0.06666666666666667
23 0.36 0.28250000000000003 0.0475 0.06166666666666667
23 0.255 0.35000000000000003 0.0425 0.06333333333333334
23 0.26687500000000003 0.40166666666666667 0.04875 0.060000000000000005
18 0.2925 0.335 0.025 0.04
18 0.22125 0.4166666666666667 0.0375 0.043333333333333335
26 0.20875 0.5750000000000001 0.03 0.04666666666666667
18 0.3025 0.7175 0.035 0.04166666666666667
18 0.315 0.7575000000000001 0.025 0.04166666666666667
18 0.336875 0.7100000000000001 0.03875 0.043333333333333335
18 0.409375 0.6558333333333334 0.03125 0.04833333333333334
18 0.433125 0.6358333333333334 0.02875 0.04166666666666667
18 0.45625 0.6866666666666668 0.035 0.03666666666666667
18 0.33437500000000003 0.8775000000000001 0.03625 0.03166666666666667
18 0.6481250000000001 0.5866666666666667 0.01875 0.04666666666666667
18 0.669375 0.5808333333333334 0.02875 0.045000000000000005
24 0.501875 0.8008333333333334 0.06375 0.07833333333333334
23 0.7312500000000001 0.12416666666666668 0.0475 0.058333333333333334
18 0.4925 0.08750000000000001 0.0325 0.03833333333333334
18 0.505 0.06416666666666668 0.035 0.035
18 0.805 0.325 0.035 0.043333333333333335
24 0.829375 0.4766666666666667 0.05375 0.07666666666666667
24 0.825625 0.6291666666666667 0.058750000000000004 0.07500000000000001
19 0.786875 0.7208333333333333 0.04125 0.058333333333333334
19 0.7925 0.7808333333333334 0.0525 0.06166666666666667
