11 0.335625 0.29500000000000004 0.02875 0.04
11 0.50625 0.47000000000000003 0.0225 0.05333333333333334
11 0.675625 0.3541666666666667 0.02625 0.05166666666666667
11 0.646875 0.795 0.02125 0.05333333333333334
11 0.46625 0.8158333333333334 0.045 0.035
11 0.435625 0.88 0.02875 0.030000000000000002
27 0.618125 0.4 0.04625 0.05333333333333334
19 0.379375 0.17833333333333334 0.02625 0.05666666666666667
19 0.390625 0.20500000000000002 0.02875 0.05666666666666667
19 0.3125 0.25333333333333335 0.0375 0.060000000000000005
19 0.284375 0.24666666666666667 0.03875 0.05
19 0.26687500000000003 0.265 0.03375 0.05
19 0.429375 0.14250000000000002 0.03625 0.03833333333333334
19 0.515625 0.14583333333333334 0.03875 0.04166666666666667
19 0.56125 0.1675 0.035 0.045000000000000005
19 0.558125 0.22333333333333336 0.03125 0.05666666666666667
19 0.53 0.225 0.03 0.060000000000000005
19 0.550625 0.25083333333333335 0.04125 0.05166666666666667
19 0.633125 0.2916666666666667 0.03125 0.04666666666666667
19 0.661875 0.33083333333333337 0.03875 0.04833333333333334
19 0.734375 0.3691666666666667 0.03875 0.055
19 0.565625 0.3516666666666667 0.04625 0.05333333333333334
19 0.66625 0.39916666666666667 0.0425 0.04166666666666667
19 0.7106250000000001 0.42833333333333334 0.03375 0.05333333333333334
19 0.7275 0.44833333333333336 0.035 0.06666666666666667
19 0.669375 0.4416666666666667 0.03625 0.05666666666666667
19 0.68125 0.4708333333333334 0.0375 0.055
19 0.728125 0.5258333333333334 0.03125 0.04833333333333334
19 0.74875 0.5475 0.035 0.055
19 0.709375 0.5558333333333334 0.03375 0.04166666666666667
19 0.729375 0.5725 0.03375 0.03833333333333334
19 0.731875 0.6083333333333334 0.03625 0.05333333333333334
19 0.718125 0.6233333333333334 0.03625 0.05333333333333334
19 0.6743750000000001 0.6133333333333334 0.05625 0.043333333333333335
19 0.6587500000000001 0.5616666666666666 0.0275 0.043333333333333335
19 0.67875 0.5716666666666667 0.025 0.04
19 0.625625 0.6025 0.03625 0.07166666666666667
19 0.7025 0.6641666666666667 0.0275 0.04166666666666667
19 0.675 0.6791666666666667 0.025 0.06166666666666667
19 0.686875 0.7083333333333334 0.02875 0.04666666666666667
19 0.7175 0.7133333333333334 0.04 0.05333333333333334
19 0.610625 0.6675000000000001 0.02875 0.055
19 0.59125 0.6483333333333334 0.03 0.060000000000000005
19 0.5425 0.6366666666666667 0.04 0.060000000000000005
19 0.576875 0.7441666666666668 0.04625 0.045000000000000005
19 0.6275000000000001 0.8250000000000001 0.0425 0.03666666666666667
19 0.4825 0.7116666666666667 0.045 0.05333333333333334
19 0.515625 0.805 0.03625 0.04666666666666667
19 0.49875 0.8550000000000001 0.04 0.05333333333333334
19 0.464375 0.8458333333333334 0.03625 0.058333333333333334
19 0.418125 0.8625 0.03625 0.045000000000000005
19 0.30625 0.8091666666666667 0.0325 0.045000000000000005
19 0.318125 0.64 0.043750000000000004 0.05
19 0.33625 0.5925 0.04 0.04833333333333334
19 0.36 0.5 0.05 0.06333333333333334
19 0.249375 0.5583333333333333 0.03125 0.06333333333333334
19 0.198125 0.4633333333333334 0.03875 0.05
19 0.225625 0.41000000000000003 0.03625 0.03666666666666667
19 0.4975 0.5650000000000001 0.04 0.05333333333333334
19 0.4525 0.6008333333333333 0.0375 0.05166666666666667
18 0.61 0.22833333333333336 0.0225 0.030000000000000002
18 0.66125 0.2541666666666667 0.025 0.028333333333333335
18 0.7225 0.33666666666666667 0.02 0.04
18 0.685625 0.385 0.02125 0.03666666666666667
19 0.54875 0.4008333333333334 0.0425 0.04833333333333334
19 0.598125 0.5991666666666667 0.02375 0.03166666666666667
19 0.4275 0.8033333333333333 0.02 0.030000000000000002
19 0.19625 0.5475 0.02 0.028333333333333335
19 0.198125 0.505 0.02375 0.03333333333333333
