7 0.324375 0.5333333333333333 0.09875 0.08666666666666667
7 0.646875 0.3916666666666667 0.07375 0.14333333333333334
7 0.596875 0.6066666666666667 0.11625 0.09000000000000001
7 0.385 0.665 0.105 0.12333333333333334
20 0.43125 0.11916666666666667 0.0575 0.05166666666666667
20 0.48375 0.19083333333333335 0.03 0.058333333333333334
20 0.531875 0.20500000000000002 0.04125 0.05666666666666667
23 0.5775 0.24500000000000002 0.0575 0.07
23 0.55375 0.335 0.0575 0.07
20 0.29812500000000003 0.23 0.043750000000000004 0.04666666666666667
20 0.1675 0.395 0.035 0.05
18 0.18625 0.36250000000000004 0.0325 0.04833333333333334
20 0.376875 0.34833333333333333 0.043750000000000004 0.04666666666666667
20 0.47250000000000003 0.4041666666666667 0.045 0.07500000000000001
20 0.3425 0.4033333333333334 0.045 0.08666666666666667
20 0.274375 0.44333333333333336 0.05375 0.05666666666666667
19 0.39187500000000003 0.4058333333333334 0.06625 0.085
23 0.30875 0.47000000000000003 0.06 0.08333333333333334
20 0.233125 0.4608333333333334 0.03875 0.055
20 0.216875 0.5133333333333334 0.04875 0.05333333333333334
20 0.261875 0.4991666666666667 0.03625 0.045000000000000005
20 0.253125 0.53 0.043750000000000004 0.05333333333333334
20 0.19 0.5941666666666667 0.0425 0.065
19 0.349375 0.6058333333333333 0.06375 0.058333333333333334
20 0.25375000000000003 0.7116666666666667 0.0425 0.06666666666666667
20 0.320625 0.6991666666666667 0.03875 0.05166666666666667
23 0.226875 0.785 0.04125 0.07
26 0.310625 0.7341666666666667 0.04125 0.03833333333333334
23 0.32 0.8500000000000001 0.0425 0.06333333333333334
23 0.429375 0.8391666666666667 0.058750000000000004 0.085
23 0.6575 0.7783333333333334 0.0625 0.07333333333333333
20 0.7831250000000001 0.7941666666666667 0.04875 0.06166666666666667
20 0.8300000000000001 0.7000000000000001 0.04 0.05333333333333334
23 0.89375 0.15333333333333335 0.0375 0.06333333333333334
