11 0.206875 0.3616666666666667 0.02375 0.060000000000000005
11 0.29812500000000003 0.5508333333333334 0.04125 0.04833333333333334
11 0.481875 0.4391666666666667 0.04625 0.035
11 0.501875 0.19 0.04875 0.03666666666666667
11 0.641875 0.5266666666666667 0.043750000000000004 0.05666666666666667
11 0.629375 0.19 0.03125 0.04666666666666667
11 0.5181250000000001 0.6683333333333333 0.03125 0.05666666666666667
11 0.38375000000000004 0.8066666666666668 0.03 0.05333333333333334
11 0.62875 0.8525 0.025 0.05166666666666667
18 0.323125 0.6908333333333334 0.02625 0.03833333333333334
18 0.39437500000000003 0.7275 0.02125 0.028333333333333335
