1 0.447644 0.151377 0.056925 0.049207
1 0.538192 0.186999 0.049810 0.070695
1 0.765003 0.190809 0.074121 0.040891
1 0.595412 0.132594 0.063448 0.038116
1 0.448950 0.301353 0.062263 0.066533
18 0.125187 0.551893 0.074121 0.092175
18 0.285585 0.662090 0.097246 0.064456
18 0.399732 0.730009 0.068192 0.094947
18 0.267499 0.766395 0.075310 0.084554
18 0.235775 0.398036 0.073529 0.090789
18 0.303374 0.410857 0.073526 0.090095
18 0.584443 0.564369 0.100806 0.065842
18 0.906425 0.708870 0.094874 0.054060
18 0.723495 0.813176 0.093097 0.053365
18 0.787535 0.760158 0.076495 0.076235
18 0.572583 0.865849 0.104364 0.060298
18 0.415742 0.885948 0.097840 0.069996
15 0.628618 0.727586 0.138164 0.088712
15 0.197529 0.164822 0.063448 0.102572
15 0.341917 0.189771 0.061668 0.054056
15 0.382535 0.233087 0.034986 0.072772
15 0.505875 0.083732 0.081236 0.074849
15 0.711931 0.137792 0.078273 0.087326
15 0.847722 0.201553 0.071155 0.101186
15 0.805918 0.330462 0.062263 0.101186
15 0.751363 0.325957 0.048030 0.106035
15 0.880039 0.106257 0.058702 0.096333
15 0.818073 0.122890 0.074715 0.072772
15 0.301299 0.091357 0.082425 0.047130
15 0.340731 0.122545 0.060486 0.067919
15 0.023308 0.331155 0.046617 0.084551
15 0.545307 0.457637 0.059297 0.092175
15 0.475039 0.228583 0.070563 0.088712
15 0.422561 0.227195 0.049810 0.072077
15 0.723791 0.460064 0.086573 0.091484
7 0.751956 0.539765 0.167809 0.091484
18 0.115675 0.063094 0.048388 0.085664
18 0.167619 0.080142 0.058350 0.066533
