11 0.30875 0.12333333333333334 0.05 0.04666666666666667
11 0.371875 0.18916666666666668 0.03625 0.05166666666666667
11 0.181875 0.5825 0.04625 0.055
11 0.30125 0.6891666666666667 0.035 0.065
11 0.26125 0.7608333333333334 0.03 0.065
11 0.38375000000000004 0.91 0.05 0.043333333333333335
11 0.478125 0.9291666666666667 0.03625 0.04166666666666667
11 0.56375 0.8933333333333334 0.0375 0.060000000000000005
11 0.55875 0.7283333333333334 0.0375 0.07
11 0.64125 0.7908333333333334 0.0325 0.06166666666666667
11 0.69375 0.8141666666666667 0.0425 0.05166666666666667
11 0.7525000000000001 0.8391666666666667 0.0425 0.058333333333333334
11 0.725625 0.7441666666666668 0.03375 0.05166666666666667
11 0.75875 0.6983333333333334 0.05 0.04666666666666667
11 0.665 0.6808333333333334 0.04 0.06166666666666667
11 0.796875 0.6541666666666667 0.04125 0.058333333333333334
11 0.793125 0.5933333333333334 0.03125 0.060000000000000005
11 0.833125 0.5825 0.03875 0.045000000000000005
11 0.81 0.5391666666666667 0.0375 0.05166666666666667
11 0.780625 0.5433333333333333 0.03125 0.060000000000000005
11 0.8025 0.4666666666666667 0.055 0.05
11 0.714375 0.4416666666666667 0.051250000000000004 0.03666666666666667
11 0.68625 0.49583333333333335 0.0525 0.04833333333333334
11 0.6950000000000001 0.5800000000000001 0.0375 0.060000000000000005
11 0.77875 0.4 0.035 0.06666666666666667
11 0.731875 0.3616666666666667 0.051250000000000004 0.03666666666666667
11 0.713125 0.3166666666666667 0.04125 0.05333333333333334
11 0.650625 0.325 0.03625 0.05666666666666667
11 0.67875 0.255 0.045 0.043333333333333335
11 0.7262500000000001 0.17083333333333334 0.0375 0.058333333333333334
11 0.67875 0.17083333333333334 0.05 0.045000000000000005
11 0.6925 0.13 0.0525 0.04666666666666667
11 0.631875 0.05583333333333334 0.043750000000000004 0.055
11 0.565625 0.11 0.03125 0.060000000000000005
11 0.538125 0.2675 0.05375 0.045000000000000005
11 0.4825 0.48000000000000004 0.055 0.04
18 0.4675 0.21750000000000003 0.0275 0.035
18 0.42 0.2066666666666667 0.025 0.03666666666666667
18 0.345625 0.2225 0.03125 0.03166666666666667
18 0.30875 0.23333333333333334 0.0325 0.043333333333333335
18 0.29375 0.28500000000000003 0.025 0.043333333333333335
18 0.348125 0.26416666666666666 0.03125 0.025
18 0.491875 0.2783333333333334 0.01875 0.03666666666666667
18 0.41625 0.32583333333333336 0.03 0.03166666666666667
18 0.43625 0.35500000000000004 0.03 0.02666666666666667
18 0.433125 0.37583333333333335 0.02875 0.035
18 0.283125 0.4133333333333334 0.03375 0.04666666666666667
18 0.308125 0.4058333333333334 0.02625 0.03833333333333334
18 0.338125 0.42500000000000004 0.03375 0.03666666666666667
18 0.316875 0.45833333333333337 0.02125 0.043333333333333335
18 0.34125 0.5691666666666667 0.03 0.03833333333333334
18 0.259375 0.6716666666666667 0.03125 0.03666666666666667
18 0.335625 0.68 0.02375 0.03333333333333333
18 0.441875 0.635 0.02125 0.03666666666666667
18 0.18125 0.7508333333333334 0.0275 0.03833333333333334
18 0.21875 0.7358333333333333 0.0275 0.035
18 0.418125 0.89 0.02625 0.02666666666666667
18 0.56875 0.8491666666666667 0.0225 0.03166666666666667
18 0.636875 0.6975 0.02625 0.021666666666666667
18 0.576875 0.6883333333333334 0.03125 0.030000000000000002
18 0.594375 0.36000000000000004 0.02875 0.03666666666666667
18 0.5856250000000001 0.27 0.02875 0.04
18 0.62375 0.3116666666666667 0.03 0.03666666666666667
18 0.535 0.29333333333333333 0.03 0.02
18 0.781875 0.25333333333333335 0.01875 0.03333333333333333
19 0.71625 0.09416666666666668 0.0475 0.045000000000000005
27 0.738125 0.5425 0.051250000000000004 0.03833333333333334
27 0.750625 0.5775 0.051250000000000004 0.04166666666666667
27 0.550625 0.5275000000000001 0.058750000000000004 0.06833333333333334
27 0.236875 0.8166666666666668 0.04625 0.05666666666666667
18 0.49625 0.44 0.0325 0.030000000000000002
18 0.5125 0.42500000000000004 0.0175 0.03666666666666667
18 0.5593750000000001 0.4391666666666667 0.03375 0.03166666666666667
18 0.49875 0.5066666666666667 0.0275 0.02666666666666667
18 0.675625 0.5141666666666667 0.02625 0.03833333333333334
