3 0.362356 0.553234 0.080050 0.082590
4 0.511660 0.864160 0.096772 0.104791
4 0.293912 0.874987 0.094024 0.077810
4 0.067603 0.733409 0.105347 0.101069
4 0.183274 0.749389 0.057635 0.101462
4 0.495174 0.524647 0.051818 0.127141
4 0.055691 0.821493 0.106022 0.069862
12 0.792661 0.820235 0.036888 0.030415
4 0.445588 0.465689 0.052160 0.134362
4 0.290482 0.365822 0.085789 0.098265
4 0.284304 0.254925 0.062453 0.103478
4 0.495174 0.166286 0.068973 0.103478
4 0.655598 0.047848 0.070691 0.095697
11 0.349508 0.627565 0.116122 0.071040
11 0.354942 0.715929 0.066710 0.103383
11 0.212137 0.362470 0.072639 0.120706
11 0.665759 0.258800 0.069676 0.128214
11 0.601768 0.119032 0.041506 0.085478
7 0.614122 0.609083 0.146265 0.116086
7 0.233143 0.528168 0.159608 0.064456
7 0.205960 0.205953 0.161089 0.065264
7 0.465632 0.277570 0.076592 0.176151
7 0.533083 0.076295 0.053368 0.164027
4 0.183346 0.643849 0.124525 0.088156
4 0.394527 0.923838 0.073436 0.112703
8 0.401218 0.810335 0.073778 0.070186
8 0.392745 0.485949 0.039035 0.091251
8 0.480431 0.062319 0.028711 0.090677
8 0.867863 0.157037 0.099816 0.069884
8 0.964074 0.341852 0.071852 0.108003
4 0.470034 0.944831 0.067600 0.106453
16 0.226318 0.284040 0.084002 0.056024
4 0.203554 0.841704 0.095350 0.076511
4 0.293210 0.793050 0.101043 0.088989
