11 0.328125 0.24166666666666667 0.05625 0.06333333333333334
11 0.2225 0.35500000000000004 0.06 0.05333333333333334
11 0.25 0.46416666666666667 0.0425 0.08166666666666667
11 0.185 0.44833333333333336 0.0625 0.08666666666666667
11 0.145625 0.48583333333333334 0.043750000000000004 0.058333333333333334
11 0.211875 0.5358333333333334 0.04875 0.08166666666666667
11 0.46187500000000004 0.35083333333333333 0.06125 0.065
11 0.7106250000000001 0.21583333333333335 0.07875 0.07500000000000001
11 0.733125 0.5041666666666667 0.051250000000000004 0.065
11 0.7375 0.5758333333333334 0.07 0.058333333333333334
11 0.599375 0.8591666666666667 0.07125000000000001 0.058333333333333334
