18 0.26937500000000003 0.18916666666666668 0.03375 0.05166666666666667
18 0.45687500000000003 0.2025 0.03375 0.055
11 0.42125 0.4491666666666667 0.065 0.055
11 0.23875000000000002 0.5016666666666667 0.0325 0.08
18 0.2775 0.5333333333333333 0.04 0.03666666666666667
11 0.44375000000000003 0.5366666666666667 0.06 0.09333333333333334
11 0.43125 0.6091666666666667 0.0575 0.055
11 0.255625 0.7516666666666667 0.03875 0.09000000000000001
18 0.59125 0.8883333333333334 0.045 0.05
18 0.570625 0.7141666666666667 0.02375 0.04833333333333334
11 0.693125 0.6308333333333334 0.03625 0.09166666666666667
18 0.64875 0.36500000000000005 0.035 0.05333333333333334
18 0.68375 0.25583333333333336 0.035 0.04166666666666667
18 0.644375 0.1925 0.03875 0.058333333333333334
18 0.5675 0.19083333333333335 0.0425 0.03166666666666667
18 0.8043750000000001 0.17833333333333334 0.03875 0.04666666666666667
18 0.9675 0.5516666666666667 0.025 0.05666666666666667
11 0.865625 0.7083333333333334 0.06125 0.04
