11 0.380625 0.21000000000000002 0.03375 0.05666666666666667
11 0.505 0.17833333333333334 0.02 0.04666666666666667
11 0.450625 0.2325 0.03625 0.035
11 0.48625 0.25916666666666666 0.0375 0.04166666666666667
11 0.471875 0.29000000000000004 0.03625 0.03666666666666667
11 0.4975 0.3275 0.035 0.035
11 0.2575 0.4141666666666667 0.025 0.05166666666666667
11 0.28375 0.4108333333333334 0.035 0.03833333333333334
11 0.33187500000000003 0.47250000000000003 0.02375 0.05166666666666667
11 0.2 0.47000000000000003 0.0325 0.030000000000000002
11 0.26937500000000003 0.6933333333333334 0.04125 0.04
11 0.319375 0.6491666666666667 0.02375 0.04166666666666667
11 0.435625 0.67 0.03875 0.04
11 0.4875 0.6591666666666667 0.0425 0.03833333333333334
11 0.498125 0.7075 0.03125 0.028333333333333335
11 0.5650000000000001 0.7183333333333334 0.0325 0.03666666666666667
11 0.6 0.7366666666666667 0.0325 0.043333333333333335
11 0.76 0.6275000000000001 0.02 0.04833333333333334
11 0.77125 0.5775 0.0225 0.045000000000000005
11 0.7075 0.5275000000000001 0.0375 0.03833333333333334
11 0.716875 0.48750000000000004 0.02625 0.04833333333333334
11 0.705 0.41750000000000004 0.04 0.045000000000000005
11 0.696875 0.24583333333333335 0.04625 0.045000000000000005
11 0.708125 0.3066666666666667 0.03125 0.030000000000000002
11 0.718125 0.3458333333333334 0.02625 0.04833333333333334
11 0.578125 0.18333333333333335 0.02625 0.04666666666666667
11 0.6743750000000001 0.20833333333333334 0.02375 0.03333333333333333
18 0.34500000000000003 0.225 0.0225 0.03666666666666667
18 0.30875 0.24500000000000002 0.025 0.03333333333333333
18 0.3125 0.2725 0.0225 0.035
18 0.46625 0.17250000000000001 0.0225 0.03833333333333334
18 0.388125 0.17500000000000002 0.02375 0.023333333333333334
18 0.3975 0.34750000000000003 0.025 0.025
18 0.36562500000000003 0.30083333333333334 0.01875 0.03166666666666667
18 0.440625 0.3016666666666667 0.01625 0.023333333333333334
18 0.285625 0.33 0.02125 0.03333333333333333
18 0.23125 0.44083333333333335 0.0225 0.035
18 0.268125 0.46 0.02125 0.02666666666666667
18 0.366875 0.525 0.02375 0.030000000000000002
18 0.583125 0.21916666666666668 0.02625 0.025
18 0.541875 0.27166666666666667 0.02375 0.02666666666666667
18 0.54625 0.335 0.0225 0.03333333333333333
18 0.631875 0.4241666666666667 0.02375 0.028333333333333335
18 0.65625 0.4341666666666667 0.025 0.03833333333333334
18 0.6375000000000001 0.4683333333333334 0.0175 0.03666666666666667
18 0.52875 0.45833333333333337 0.02 0.02
18 0.5593750000000001 0.4416666666666667 0.01875 0.02666666666666667
18 0.615625 0.5841666666666667 0.02375 0.028333333333333335
18 0.64375 0.7250000000000001 0.025 0.02666666666666667
18 0.564375 0.805 0.02125 0.02666666666666667
18 0.514375 0.8058333333333334 0.01625 0.03166666666666667
18 0.48562500000000003 0.7775000000000001 0.02375 0.021666666666666667
18 0.385625 0.755 0.02375 0.023333333333333334
18 0.38125000000000003 0.625 0.0275 0.030000000000000002
18 0.34 0.6258333333333334 0.0175 0.028333333333333335
18 0.3575 0.7758333333333334 0.02 0.028333333333333335
18 0.3425 0.7200000000000001 0.0225 0.02666666666666667
18 0.2675 0.7658333333333334 0.025 0.03166666666666667
18 0.22875 0.7241666666666667 0.02 0.028333333333333335
18 0.31625000000000003 0.5733333333333334 0.02 0.023333333333333334
24 0.709375 0.7233333333333334 0.03625 0.060000000000000005
27 0.555 0.4691666666666667 0.0425 0.025
27 0.525 0.56 0.04 0.05333333333333334
27 0.225625 0.6533333333333333 0.03625 0.04
19 0.44 0.26666666666666666 0.03 0.03666666666666667
19 0.35125 0.305 0.0275 0.04666666666666667
11 0.583125 0.42583333333333334 0.02875 0.05166666666666667
11 0.591875 0.4608333333333334 0.03625 0.045000000000000005
11 0.596875 0.5016666666666667 0.03375 0.05333333333333334
19 0.645625 0.2275 0.03625 0.04833333333333334
18 0.48 0.8883333333333334 0.0225 0.023333333333333334
18 0.33375 0.8008333333333334 0.02 0.025
18 0.25125000000000003 0.5883333333333334 0.025 0.023333333333333334
