7 0.3575 0.36250000000000004 0.0675 0.13166666666666668
7 0.538125 0.2516666666666667 0.07625 0.12000000000000001
7 0.193125 0.3641666666666667 0.09875 0.06833333333333334
7 0.1625 0.42833333333333334 0.095 0.08666666666666667
7 0.3525 0.6025 0.10250000000000001 0.09166666666666667
7 0.34875 0.6708333333333334 0.1 0.07166666666666667
7 0.52125 0.5716666666666667 0.0825 0.12666666666666668
7 0.494375 0.8083333333333333 0.09375 0.11
7 0.5525 0.9375000000000001 0.0725 0.12166666666666667
2 0.261875 0.6375000000000001 0.03375 0.035
7 0.7725 0.4666666666666667 0.09 0.12000000000000001
7 0.59875 0.08416666666666667 0.0625 0.125
