23 0.12125 0.20916666666666667 0.0425 0.04833333333333334
18 0.153125 0.24416666666666667 0.02625 0.045000000000000005
18 0.1575 0.4066666666666667 0.0375 0.060000000000000005
13 0.276875 0.4341666666666667 0.058750000000000004 0.07166666666666667
18 0.098125 0.5016666666666667 0.02375 0.05333333333333334
23 0.15687500000000001 0.5683333333333334 0.04125 0.060000000000000005
18 0.22312500000000002 0.6216666666666667 0.03125 0.04666666666666667
18 0.114375 0.5700000000000001 0.02875 0.043333333333333335
24 0.133125 0.6275000000000001 0.04875 0.058333333333333334
18 0.0775 0.6416666666666667 0.03 0.03666666666666667
23 0.2625 0.6675000000000001 0.0475 0.07500000000000001
24 0.318125 0.7116666666666667 0.058750000000000004 0.09666666666666668
23 0.278125 0.77 0.06625 0.07666666666666667
18 0.278125 0.8400000000000001 0.04125 0.05
18 0.210625 0.8283333333333334 0.03375 0.030000000000000002
18 0.226875 0.7575000000000001 0.03625 0.045000000000000005
18 0.183125 0.7358333333333333 0.02875 0.04166666666666667
18 0.36125 0.9066666666666667 0.035 0.05333333333333334
18 0.49312500000000004 0.7941666666666667 0.03375 0.055
18 0.418125 0.8033333333333333 0.03375 0.05333333333333334
24 0.4225 0.7466666666666667 0.0625 0.11
11 0.55875 0.6966666666666667 0.05 0.07333333333333333
18 0.48875 0.9808333333333334 0.0425 0.03166666666666667
