7 0.645696 0.508578 0.142907 0.080393
18 0.362554 0.415015 0.090131 0.087323
7 0.454166 0.538032 0.087168 0.190593
18 0.740275 0.867235 0.072340 0.111582
7 0.723375 0.253187 0.064634 0.164256
18 0.852051 0.587932 0.057516 0.110196
18 0.814693 0.268087 0.076495 0.097032
7 0.294362 0.273285 0.087759 0.161484
7 0.547560 0.166901 0.119782 0.108119
7 0.415327 0.275364 0.071158 0.186435
7 0.611897 0.829118 0.069378 0.154554
7 0.619013 0.621199 0.065820 0.144849
7 0.735828 0.394571 0.089539 0.179502
7 0.849382 0.362690 0.128083 0.083860
