11 0.42312500000000003 0.15166666666666667 0.03625 0.03333333333333333
11 0.3825 0.19 0.02 0.05
11 0.404375 0.20333333333333334 0.02875 0.05
11 0.37375 0.32333333333333336 0.025 0.05
11 0.29625 0.445 0.0325 0.05333333333333334
11 0.35000000000000003 0.4566666666666667 0.0375 0.05
11 0.384375 0.5133333333333334 0.04625 0.04666666666666667
11 0.36375 0.5708333333333334 0.02 0.05166666666666667
11 0.175625 0.5108333333333334 0.02125 0.04833333333333334
11 0.27 0.5241666666666667 0.035 0.028333333333333335
11 0.245 0.48833333333333334 0.025 0.04666666666666667
11 0.448125 0.5883333333333334 0.03375 0.04
11 0.47875 0.5575 0.0425 0.035
11 0.37125 0.7025 0.0375 0.03166666666666667
11 0.37 0.8783333333333334 0.025 0.03333333333333333
11 0.515625 0.6608333333333334 0.03625 0.04166666666666667
11 0.6687500000000001 0.7983333333333333 0.03 0.05333333333333334
11 0.63625 0.7333333333333334 0.025 0.03666666666666667
11 0.620625 0.7025 0.02125 0.04833333333333334
11 0.65125 0.6966666666666667 0.03 0.060000000000000005
11 0.620625 0.535 0.03375 0.05
11 0.581875 0.5966666666666667 0.03625 0.03666666666666667
11 0.731875 0.5950000000000001 0.03125 0.03666666666666667
11 0.75125 0.625 0.0325 0.03333333333333333
11 0.676875 0.47500000000000003 0.03125 0.060000000000000005
11 0.65125 0.4341666666666667 0.0325 0.03833333333333334
11 0.619375 0.4341666666666667 0.03875 0.035
11 0.6118750000000001 0.4741666666666667 0.04625 0.03833333333333334
11 0.560625 0.4475 0.04125 0.04833333333333334
11 0.509375 0.46 0.051250000000000004 0.04
11 0.479375 0.41833333333333333 0.03875 0.030000000000000002
11 0.54125 0.35750000000000004 0.03 0.05166666666666667
11 0.625 0.24750000000000003 0.0375 0.045000000000000005
27 0.556875 0.20500000000000002 0.04875 0.04
27 0.721875 0.39083333333333337 0.03375 0.04166666666666667
27 0.198125 0.6466666666666667 0.02625 0.05333333333333334
19 0.33187500000000003 0.165 0.03625 0.04666666666666667
19 0.375625 0.14416666666666667 0.03625 0.04833333333333334
19 0.19062500000000002 0.4241666666666667 0.03375 0.04166666666666667
19 0.438125 0.5333333333333333 0.03875 0.05666666666666667
19 0.5625 0.5216666666666667 0.035 0.04
19 0.570625 0.5541666666666667 0.03875 0.045000000000000005
19 0.53625 0.5516666666666667 0.035 0.060000000000000005
19 0.5437500000000001 0.5850000000000001 0.0325 0.05333333333333334
19 0.5437500000000001 0.6241666666666668 0.04 0.04833333333333334
19 0.438125 0.8491666666666667 0.04625 0.03833333333333334
19 0.45875 0.8300000000000001 0.0275 0.03666666666666667
19 0.54625 0.7725000000000001 0.0325 0.05166666666666667
19 0.64125 0.8433333333333334 0.03 0.05333333333333334
19 0.6775 0.6975 0.0375 0.04833333333333334
19 0.72 0.6466666666666667 0.04 0.04
19 0.730625 0.49833333333333335 0.03375 0.043333333333333335
19 0.75375 0.5241666666666667 0.0475 0.04833333333333334
18 0.47500000000000003 0.21416666666666667 0.02 0.04166666666666667
18 0.528125 0.32916666666666666 0.01625 0.035
18 0.5825 0.30000000000000004 0.02 0.03333333333333333
18 0.58875 0.19833333333333333 0.0225 0.02666666666666667
18 0.5700000000000001 0.17583333333333334 0.0225 0.018333333333333333
18 0.5962500000000001 0.1716666666666667 0.0275 0.03333333333333333
18 0.64125 0.3375 0.0225 0.021666666666666667
18 0.67625 0.3408333333333334 0.0225 0.03166666666666667
18 0.74125 0.335 0.015 0.030000000000000002
18 0.75875 0.3541666666666667 0.0125 0.03166666666666667
18 0.64625 0.35500000000000004 0.0225 0.023333333333333334
18 0.651875 0.3825 0.02375 0.03166666666666667
18 0.694375 0.42083333333333334 0.01625 0.025
18 0.68625 0.44083333333333335 0.015 0.03166666666666667
18 0.704375 0.45833333333333337 0.02375 0.04
18 0.720625 0.4541666666666667 0.02125 0.03166666666666667
18 0.77625 0.43500000000000005 0.02 0.023333333333333334
18 0.76625 0.4425 0.0225 0.018333333333333333
18 0.769375 0.4633333333333334 0.02125 0.030000000000000002
18 0.56875 0.3616666666666667 0.025 0.03333333333333333
18 0.551875 0.4025 0.02625 0.025
18 0.5825 0.4091666666666667 0.02 0.018333333333333333
18 0.586875 0.43583333333333335 0.02625 0.021666666666666667
18 0.531875 0.4491666666666667 0.02875 0.028333333333333335
18 0.673125 0.56 0.02125 0.02666666666666667
18 0.696875 0.5608333333333334 0.01625 0.025
18 0.716875 0.5608333333333334 0.01625 0.03166666666666667
18 0.628125 0.5675 0.01375 0.03166666666666667
18 0.639375 0.5833333333333334 0.02125 0.03333333333333333
18 0.668125 0.6275000000000001 0.02875 0.025
18 0.6743750000000001 0.6591666666666667 0.03625 0.03166666666666667
18 0.761875 0.6608333333333334 0.02875 0.028333333333333335
18 0.595625 0.8241666666666667 0.02375 0.035
18 0.514375 0.8750000000000001 0.02125 0.030000000000000002
18 0.484375 0.7983333333333333 0.02375 0.030000000000000002
18 0.4425 0.7333333333333334 0.0225 0.02666666666666667
18 0.568125 0.7675000000000001 0.02125 0.028333333333333335
18 0.55625 0.8133333333333334 0.025 0.030000000000000002
18 0.398125 0.7358333333333333 0.01875 0.035
18 0.3975 0.685 0.02 0.023333333333333334
18 0.38625 0.7175 0.0275 0.021666666666666667
18 0.3625 0.7283333333333334 0.03 0.02666666666666667
18 0.34125 0.7108333333333334 0.0175 0.018333333333333333
18 0.32125 0.7983333333333333 0.02 0.03333333333333333
18 0.293125 0.7783333333333334 0.01875 0.02666666666666667
18 0.299375 0.7341666666666667 0.02375 0.025
18 0.273125 0.7416666666666667 0.01875 0.02666666666666667
18 0.305625 0.6533333333333333 0.01875 0.030000000000000002
18 0.505625 0.63 0.02375 0.023333333333333334
18 0.216875 0.6208333333333333 0.01875 0.028333333333333335
18 0.22625 0.5850000000000001 0.0225 0.023333333333333334
18 0.34625 0.49833333333333335 0.02 0.03666666666666667
18 0.2225 0.4841666666666667 0.02 0.028333333333333335
18 0.2275 0.37833333333333335 0.02 0.03333333333333333
18 0.38125000000000003 0.23083333333333333 0.0225 0.028333333333333335
18 0.30125 0.24750000000000003 0.0275 0.03166666666666667
24 0.33187500000000003 0.42583333333333334 0.04625 0.055
24 0.383125 0.44 0.04625 0.04
18 0.421875 0.78 0.02125 0.02
18 0.419375 0.7808333333333334 0.01625 0.018333333333333333
19 0.6125 0.67 0.035 0.043333333333333335
