18 0.30625 0.060833333333333336 0.03 0.04166666666666667
18 0.33875 0.04666666666666667 0.025 0.043333333333333335
18 0.40750000000000003 0.3116666666666667 0.0375 0.05
18 0.294375 0.385 0.02625 0.05333333333333334
18 0.618125 0.7666666666666667 0.03625 0.05666666666666667
18 0.604375 0.21750000000000003 0.03875 0.035
11 0.8512500000000001 0.14333333333333334 0.0425 0.07
11 0.761875 0.17916666666666667 0.05625 0.055
11 0.645 0.26833333333333337 0.0675 0.06333333333333334
11 0.6431250000000001 0.3741666666666667 0.07125000000000001 0.06166666666666667
11 0.748125 0.5533333333333333 0.05625 0.060000000000000005
11 0.591875 0.6900000000000001 0.06375 0.06666666666666667
11 0.54625 0.5916666666666667 0.065 0.060000000000000005
11 0.8562500000000001 0.9366666666666668 0.0475 0.04
11 0.528125 0.7791666666666667 0.05625 0.07500000000000001
11 0.525625 0.9816666666666667 0.06625 0.03333333333333333
11 0.380625 0.8225 0.04875 0.06833333333333334
11 0.3875 0.8716666666666667 0.0625 0.04666666666666667
11 0.34375 0.9291666666666667 0.07 0.055
18 0.36875 0.9775 0.0325 0.04166666666666667
11 0.42562500000000003 0.5116666666666667 0.05625 0.08333333333333334
11 0.338125 0.5666666666666667 0.058750000000000004 0.06333333333333334
11 0.324375 0.625 0.03625 0.08666666666666667
11 0.23625000000000002 0.6116666666666667 0.0425 0.08666666666666667
11 0.270625 0.5733333333333334 0.05375 0.043333333333333335
11 0.251875 0.5133333333333334 0.04625 0.07666666666666667
11 0.335625 0.3825 0.06125 0.07500000000000001
11 0.19875 0.4133333333333334 0.0575 0.07
11 0.2575 0.30250000000000005 0.045 0.06833333333333334
11 0.131875 0.3491666666666667 0.05625 0.058333333333333334
11 0.468125 0.23 0.05375 0.06666666666666667
11 0.439375 0.33666666666666667 0.043750000000000004 0.07333333333333333
