11 0.443125 0.095 0.04625 0.05666666666666667
11 0.52 0.1875 0.06 0.05166666666666667
11 0.48125 0.23750000000000002 0.055 0.055
11 0.39687500000000003 0.29500000000000004 0.051250000000000004 0.07
11 0.12687500000000002 0.4916666666666667 0.058750000000000004 0.05666666666666667
11 0.133125 0.5800000000000001 0.043750000000000004 0.060000000000000005
11 0.56625 0.675 0.0425 0.07
11 0.6843750000000001 0.3191666666666667 0.06125 0.04833333333333334
11 0.693125 0.4116666666666667 0.05375 0.05
11 0.826875 0.515 0.043750000000000004 0.05
11 0.8425 0.5741666666666667 0.0325 0.065
11 0.75875 0.5950000000000001 0.045 0.043333333333333335
11 0.75625 0.6358333333333334 0.04 0.045000000000000005
11 0.7775 0.6900000000000001 0.03 0.05666666666666667
11 0.81625 0.7025 0.025 0.058333333333333334
11 0.791875 0.7616666666666667 0.03625 0.06666666666666667
11 0.743125 0.6925 0.03375 0.058333333333333334
11 0.53125 0.9491666666666667 0.05 0.04833333333333334
11 0.6675 0.037500000000000006 0.0525 0.045000000000000005
11 0.7125 0.13166666666666668 0.0375 0.06333333333333334
