24 0.305625 0.2 0.04875 0.07
23 0.494375 0.34833333333333333 0.043750000000000004 0.07666666666666667
23 0.40875 0.2808333333333333 0.035 0.058333333333333334
18 0.36 0.21750000000000003 0.03 0.04166666666666667
18 0.475625 0.2833333333333333 0.03375 0.05
18 0.44875 0.6316666666666667 0.035 0.043333333333333335
18 0.64625 0.7566666666666667 0.0325 0.04
23 0.364375 0.5575 0.051250000000000004 0.055
23 0.21125 0.5700000000000001 0.045 0.060000000000000005
19 0.42312500000000003 0.5616666666666666 0.04875 0.08666666666666667
20 0.32375 0.30250000000000005 0.0325 0.05166666666666667
20 0.33375 0.26416666666666666 0.035 0.045000000000000005
20 0.385 0.3166666666666667 0.025 0.05
19 0.519375 0.44083333333333335 0.04875 0.06833333333333334
12 0.175625 0.4 0.01875 0.02666666666666667
12 0.19875 0.33083333333333337 0.015 0.025
20 0.325625 0.5316666666666667 0.03625 0.03666666666666667
20 0.413125 0.7000000000000001 0.03875 0.05333333333333334
12 0.2325 0.7016666666666667 0.02 0.03666666666666667
