19 0.673125 0.27416666666666667 0.051250000000000004 0.058333333333333334
19 0.63 0.2916666666666667 0.0375 0.07333333333333333
26 0.58875 0.2391666666666667 0.0275 0.025
25 0.68125 0.3425 0.05 0.055
25 0.758125 0.3408333333333334 0.03875 0.065
25 0.68375 0.4141666666666667 0.05 0.065
25 0.6531250000000001 0.4166666666666667 0.04125 0.043333333333333335
19 0.723125 0.49750000000000005 0.04125 0.05166666666666667
26 0.675 0.465 0.025 0.04
23 0.763125 0.5133333333333334 0.04125 0.04666666666666667
