27 0.236875 0.125 0.043750000000000004 0.07333333333333333
27 0.2575 0.19666666666666668 0.045 0.05666666666666667
27 0.276875 0.17250000000000001 0.04875 0.055
27 0.33125 0.17833333333333334 0.0525 0.07
27 0.43875000000000003 0.16333333333333333 0.055 0.05666666666666667
27 0.4025 0.037500000000000006 0.065 0.055
27 0.43625 0.018333333333333333 0.035 0.04
27 0.47500000000000003 0.03666666666666667 0.0275 0.060000000000000005
27 0.51 0.058333333333333334 0.0425 0.05333333333333334
27 0.501875 0.14833333333333334 0.04875 0.05
27 0.531875 0.20916666666666667 0.04875 0.05166666666666667
27 0.6218750000000001 0.14833333333333334 0.04125 0.07333333333333333
27 0.718125 0.18166666666666667 0.05375 0.04666666666666667
27 0.731875 0.1525 0.04625 0.05166666666666667
27 0.749375 0.13166666666666668 0.043750000000000004 0.05
27 0.18812500000000001 0.26083333333333336 0.04125 0.06166666666666667
27 0.6012500000000001 0.28583333333333333 0.04 0.07166666666666667
27 0.434375 0.3408333333333334 0.043750000000000004 0.06833333333333334
27 0.398125 0.41000000000000003 0.05625 0.04666666666666667
27 0.42812500000000003 0.47000000000000003 0.03625 0.060000000000000005
27 0.47625 0.4575 0.05 0.04166666666666667
27 0.38 0.5466666666666667 0.0325 0.06333333333333334
27 0.463125 0.5191666666666667 0.051250000000000004 0.04166666666666667
27 0.42125 0.5975 0.0525 0.04166666666666667
27 0.435 0.7591666666666668 0.0425 0.07166666666666667
27 0.494375 0.3866666666666667 0.058750000000000004 0.03666666666666667
27 0.540625 0.3891666666666667 0.051250000000000004 0.04833333333333334
27 0.619375 0.36500000000000005 0.02875 0.06666666666666667
27 0.676875 0.36750000000000005 0.043750000000000004 0.06166666666666667
27 0.71625 0.33083333333333337 0.0425 0.07166666666666667
27 0.706875 0.4916666666666667 0.03875 0.06333333333333334
27 0.525 0.4541666666666667 0.03 0.06166666666666667
27 0.545625 0.4675 0.03625 0.03833333333333334
27 0.613125 0.48333333333333334 0.058750000000000004 0.05666666666666667
27 0.564375 0.5241666666666667 0.03125 0.06833333333333334
27 0.58375 0.5716666666666667 0.05 0.05666666666666667
27 0.54 0.515 0.03 0.060000000000000005
27 0.536875 0.55 0.03625 0.07
27 0.49875 0.5266666666666667 0.0475 0.05
27 0.655 0.6000000000000001 0.03 0.06666666666666667
27 0.62625 0.64 0.05 0.043333333333333335
27 0.6587500000000001 0.6658333333333334 0.035 0.06166666666666667
27 0.625 0.7125 0.06 0.04833333333333334
27 0.654375 0.7300000000000001 0.03375 0.07
27 0.7225 0.7791666666666667 0.0525 0.04833333333333334
27 0.735 0.8391666666666667 0.04 0.055
27 0.516875 0.8133333333333334 0.03875 0.05666666666666667
27 0.55125 0.8075000000000001 0.06 0.04833333333333334
27 0.558125 0.8525 0.04625 0.058333333333333334
27 0.530625 0.9308333333333334 0.058750000000000004 0.045000000000000005
11 0.345625 0.0775 0.04125 0.065
11 0.555625 0.36250000000000004 0.051250000000000004 0.06166666666666667
11 0.14875 0.43833333333333335 0.0525 0.05666666666666667
11 0.47750000000000004 0.6241666666666668 0.04 0.065
11 0.5725 0.6283333333333334 0.05 0.05666666666666667
11 0.28625 0.8483333333333334 0.0475 0.043333333333333335
11 0.278125 0.895 0.04625 0.04
11 0.68 0.6258333333333334 0.035 0.07166666666666667
24 0.59125 0.37333333333333335 0.05 0.08333333333333334
19 0.706875 0.4341666666666667 0.051250000000000004 0.06833333333333334
19 0.38875 0.27666666666666667 0.0375 0.05333333333333334
19 0.3975 0.7658333333333334 0.0475 0.06166666666666667
19 0.67875 0.7458333333333333 0.0375 0.04833333333333334
23 0.405625 0.6358333333333334 0.051250000000000004 0.06833333333333334
19 0.18875 0.36333333333333334 0.0425 0.04666666666666667
24 0.330625 0.9166666666666667 0.03875 0.05
