19 0.279375 0.18583333333333335 0.03625 0.065
11 0.37625000000000003 0.3983333333333334 0.03 0.05666666666666667
24 0.40625 0.48000000000000004 0.055 0.05333333333333334
24 0.195 0.49250000000000005 0.0375 0.05166666666666667
19 0.23625000000000002 0.5725 0.05 0.058333333333333334
19 0.273125 0.6208333333333333 0.03375 0.058333333333333334
19 0.445 0.8733333333333334 0.04 0.043333333333333335
19 0.47750000000000004 0.8150000000000001 0.035 0.06333333333333334
19 0.579375 0.8025000000000001 0.04625 0.04833333333333334
19 0.530625 0.8391666666666667 0.03875 0.06833333333333334
28 0.510625 0.8041666666666667 0.043750000000000004 0.04833333333333334
19 0.59 0.8783333333333334 0.04 0.05333333333333334
24 0.55625 0.8891666666666668 0.0425 0.06833333333333334
19 0.6275000000000001 0.7166666666666667 0.045 0.060000000000000005
19 0.66 0.6766666666666667 0.0525 0.05
28 0.5525 0.7150000000000001 0.0475 0.043333333333333335
19 0.5906250000000001 0.6933333333333334 0.03375 0.043333333333333335
21 0.6975 0.6766666666666667 0.0525 0.060000000000000005
19 0.694375 0.6116666666666667 0.03125 0.06333333333333334
24 0.638125 0.6366666666666667 0.03875 0.05
19 0.658125 0.6033333333333334 0.03125 0.04666666666666667
28 0.6775 0.5658333333333334 0.0425 0.06166666666666667
19 0.610625 0.5633333333333334 0.04625 0.04666666666666667
19 0.52 0.5466666666666667 0.0475 0.04666666666666667
19 0.5025000000000001 0.5083333333333334 0.045 0.05333333333333334
25 0.455625 0.5583333333333333 0.058750000000000004 0.07333333333333333
19 0.7075 0.5458333333333334 0.0325 0.04833333333333334
19 0.63 0.39583333333333337 0.0425 0.05166666666666667
11 0.558125 0.27666666666666667 0.043750000000000004 0.04
19 0.64625 0.30083333333333334 0.0375 0.04833333333333334
19 0.69375 0.30000000000000004 0.04 0.05333333333333334
19 0.675625 0.23083333333333333 0.043750000000000004 0.04833333333333334
19 0.60375 0.23833333333333334 0.0425 0.05333333333333334
24 0.548125 0.24250000000000002 0.043750000000000004 0.04833333333333334
19 0.750625 0.3375 0.043750000000000004 0.058333333333333334
24 0.74375 0.6241666666666668 0.045 0.055
