22 0.31625000000000003 0.22333333333333336 0.035 0.05666666666666667
22 0.32125 0.41000000000000003 0.0425 0.030000000000000002
22 0.255625 0.3825 0.02125 0.065
22 0.164375 0.3975 0.02125 0.058333333333333334
22 0.370625 0.5658333333333334 0.03625 0.025
22 0.418125 0.5666666666666667 0.02125 0.06333333333333334
22 0.42125 0.6241666666666668 0.0475 0.028333333333333335
22 0.344375 0.6766666666666667 0.02375 0.07666666666666667
22 0.316875 0.635 0.03875 0.04666666666666667
19 0.20750000000000002 0.7166666666666667 0.035 0.07
22 0.38875 0.785 0.0225 0.05666666666666667
22 0.41375 0.8891666666666668 0.0175 0.05166666666666667
22 0.7325 0.7350000000000001 0.015 0.05333333333333334
22 0.6975 0.7341666666666667 0.0225 0.05166666666666667
11 0.779375 0.7350000000000001 0.04875 0.043333333333333335
11 0.73375 0.505 0.0575 0.07333333333333333
29 0.829375 0.4808333333333334 0.06125 0.09166666666666667
22 0.68375 0.15000000000000002 0.0325 0.05
22 0.605625 0.13833333333333334 0.01625 0.05333333333333334
22 0.58875 0.21000000000000002 0.02 0.05333333333333334
22 0.574375 0.07500000000000001 0.043750000000000004 0.023333333333333334
22 0.6168750000000001 0.0675 0.03625 0.025
22 0.59375 0.8691666666666668 0.0275 0.058333333333333334
22 0.210625 0.24250000000000002 0.03875 0.045000000000000005
22 0.26 0.545 0.0375 0.03666666666666667
22 0.24625 0.5933333333333334 0.0375 0.03333333333333333
11 0.911875 0.8291666666666667 0.04125 0.07166666666666667
