5 0.211214 0.835722 0.088123 0.156421
5 0.339320 0.813921 0.090181 0.159309
5 0.401911 0.442124 0.066299 0.151124
5 0.466355 0.510466 0.060946 0.141499
5 0.467390 0.303516 0.102842 0.067832
5 0.510417 0.363914 0.093887 0.069785
5 0.588450 0.679160 0.091827 0.097701
5 0.632717 0.623570 0.056825 0.108770
5 0.698621 0.396741 0.054497 0.108774
5 0.714250 0.808387 0.098005 0.085671
11 0.672823 0.333496 0.096359 0.065457
5 0.257045 0.444049 0.112004 0.082779
7 0.528000 0.493861 0.068357 0.190109
7 0.588739 0.523221 0.058886 0.192997
7 0.702803 0.546564 0.074532 0.178076
7 0.462938 0.774694 0.133420 0.089520
7 0.509264 0.897665 0.112415 0.175671
11 0.657496 0.768128 0.092502 0.074853
