7 0.211875 0.10166666666666667 0.051250000000000004 0.12000000000000001
7 0.215625 0.22166666666666668 0.09875 0.09000000000000001
7 0.29625 0.24583333333333335 0.10250000000000001 0.09166666666666667
7 0.20625000000000002 0.2775 0.105 0.07500000000000001
7 0.12625 0.2808333333333333 0.075 0.13166666666666668
7 0.19875 0.37833333333333335 0.08 0.11
7 0.23 0.44 0.075 0.11
7 0.29812500000000003 0.44 0.06875 0.16
7 0.335 0.7266666666666667 0.06 0.11666666666666667
7 0.466875 0.8600000000000001 0.10375000000000001 0.08666666666666667
7 0.32375 0.9025000000000001 0.085 0.11166666666666668
