21 0.355 0.16416666666666668 0.065 0.11166666666666668
21 0.43875000000000003 0.14250000000000002 0.09 0.10166666666666667
21 0.568125 0.13 0.08125 0.1
21 0.505625 0.2391666666666667 0.06625 0.10166666666666667
21 0.45875 0.2891666666666667 0.0825 0.12833333333333335
21 0.45937500000000003 0.375 0.07375 0.12333333333333334
21 0.304375 0.3408333333333334 0.08875 0.10833333333333334
21 0.3725 0.6041666666666667 0.0925 0.095
20 0.20625000000000002 0.3325 0.0375 0.065
20 0.453125 0.5566666666666668 0.058750000000000004 0.06666666666666667
18 0.708125 0.7916666666666667 0.04125 0.04
18 0.89875 0.6050000000000001 0.0325 0.05333333333333334
