27 0.29375 0.07083333333333333 0.05 0.04833333333333334
27 0.31375000000000003 0.19416666666666668 0.0425 0.055
27 0.5075000000000001 0.17333333333333334 0.0425 0.06333333333333334
27 0.623125 0.08333333333333334 0.04625 0.06666666666666667
27 0.6775 0.12083333333333333 0.0425 0.065
27 0.700625 0.16833333333333333 0.04625 0.06666666666666667
27 0.7262500000000001 0.21500000000000002 0.0375 0.03666666666666667
27 0.708125 0.25916666666666666 0.02875 0.065
27 0.75375 0.26 0.0425 0.05333333333333334
27 0.76375 0.29500000000000004 0.0425 0.05333333333333334
27 0.7887500000000001 0.24083333333333334 0.035 0.055
27 0.824375 0.32333333333333336 0.05375 0.06333333333333334
27 0.589375 0.14500000000000002 0.04125 0.06333333333333334
27 0.5825 0.18416666666666667 0.0475 0.05166666666666667
27 0.6075 0.22166666666666668 0.0475 0.04
27 0.570625 0.255 0.03625 0.05666666666666667
27 0.52375 0.2783333333333334 0.0375 0.06666666666666667
27 0.4875 0.265 0.0425 0.06333333333333334
27 0.25125000000000003 0.35000000000000003 0.045 0.08666666666666667
27 0.2975 0.35000000000000003 0.04 0.05
27 0.358125 0.3825 0.03375 0.06833333333333334
27 0.335 0.4033333333333334 0.0425 0.07
27 0.30375 0.38583333333333336 0.035 0.045000000000000005
27 0.293125 0.42833333333333334 0.03125 0.05333333333333334
27 0.2625 0.42000000000000004 0.0325 0.06333333333333334
27 0.28500000000000003 0.47000000000000003 0.0525 0.05
27 0.348125 0.4525 0.04125 0.04833333333333334
27 0.39937500000000004 0.3841666666666667 0.04875 0.055
27 0.45687500000000003 0.4116666666666667 0.043750000000000004 0.04666666666666667
27 0.40625 0.43083333333333335 0.05 0.03833333333333334
27 0.386875 0.4666666666666667 0.04125 0.05333333333333334
27 0.29812500000000003 0.5175000000000001 0.03875 0.045000000000000005
27 0.3225 0.5650000000000001 0.05 0.07333333333333333
27 0.3575 0.5641666666666667 0.0475 0.028333333333333335
27 0.3975 0.5191666666666667 0.045 0.045000000000000005
27 0.49312500000000004 0.3466666666666667 0.03875 0.060000000000000005
27 0.55125 0.3416666666666667 0.04 0.03666666666666667
27 0.54625 0.3841666666666667 0.0525 0.055
27 0.505 0.4033333333333334 0.0475 0.043333333333333335
27 0.544375 0.46166666666666667 0.04625 0.05
27 0.511875 0.46416666666666667 0.03875 0.04166666666666667
27 0.6075 0.4808333333333334 0.045 0.06166666666666667
27 0.6125 0.3916666666666667 0.055 0.07333333333333333
27 0.758125 0.4608333333333334 0.05375 0.055
27 0.82375 0.5275000000000001 0.035 0.065
27 0.818125 0.6116666666666667 0.03875 0.05666666666666667
27 0.7056250000000001 0.4966666666666667 0.02625 0.06666666666666667
27 0.675 0.49500000000000005 0.0425 0.06333333333333334
27 0.6531250000000001 0.5483333333333333 0.03125 0.060000000000000005
27 0.69875 0.5641666666666667 0.0575 0.05166666666666667
27 0.733125 0.5841666666666667 0.04125 0.05166666666666667
27 0.69625 0.6141666666666667 0.0325 0.06166666666666667
27 0.660625 0.6183333333333334 0.04625 0.03666666666666667
27 0.735 0.6508333333333334 0.0375 0.04833333333333334
27 0.69875 0.6733333333333333 0.025 0.060000000000000005
27 0.72875 0.7025 0.0375 0.055
27 0.670625 0.6791666666666667 0.03125 0.06166666666666667
27 0.685625 0.7216666666666667 0.03625 0.060000000000000005
27 0.765 0.7641666666666667 0.03 0.058333333333333334
27 0.6425 0.8200000000000001 0.0475 0.05
27 0.54 0.5233333333333333 0.03 0.06666666666666667
27 0.56625 0.5225000000000001 0.025 0.065
27 0.60875 0.5358333333333334 0.0475 0.04166666666666667
27 0.5825 0.5700000000000001 0.0375 0.06333333333333334
27 0.62 0.5800000000000001 0.04 0.07333333333333333
27 0.42875 0.465 0.025 0.07
27 0.450625 0.4625 0.03625 0.065
27 0.43062500000000004 0.5308333333333334 0.02875 0.06166666666666667
27 0.45375 0.54 0.025 0.05333333333333334
27 0.50375 0.5508333333333334 0.05 0.065
27 0.38375000000000004 0.6050000000000001 0.05 0.043333333333333335
27 0.336875 0.6666666666666667 0.03125 0.07
27 0.3 0.6575000000000001 0.0375 0.055
27 0.29375 0.7216666666666667 0.0375 0.060000000000000005
27 0.32875 0.75 0.0325 0.060000000000000005
27 0.265 0.745 0.0425 0.05333333333333334
27 0.26937500000000003 0.8008333333333334 0.051250000000000004 0.04166666666666667
27 0.34875 0.7375 0.03 0.05166666666666667
27 0.374375 0.7258333333333333 0.03875 0.04166666666666667
27 0.386875 0.785 0.03625 0.05666666666666667
27 0.411875 0.7625000000000001 0.03375 0.055
27 0.409375 0.7141666666666667 0.02875 0.04833333333333334
27 0.43625 0.7358333333333333 0.03 0.055
27 0.375 0.6791666666666667 0.0275 0.058333333333333334
27 0.47375 0.7025 0.035 0.055
27 0.453125 0.6491666666666667 0.02875 0.04833333333333334
27 0.435625 0.5966666666666667 0.02875 0.06333333333333334
27 0.401875 0.5616666666666666 0.03875 0.03333333333333333
27 0.46375 0.5925 0.03 0.035
27 0.495 0.5941666666666667 0.04 0.04166666666666667
27 0.534375 0.5866666666666667 0.03125 0.05333333333333334
27 0.511875 0.6383333333333334 0.04875 0.043333333333333335
27 0.481875 0.6475000000000001 0.02875 0.06166666666666667
27 0.50125 0.68 0.0275 0.04
27 0.535625 0.6758333333333334 0.03375 0.04833333333333334
27 0.50625 0.7225 0.03 0.03833333333333334
27 0.535 0.7291666666666667 0.0275 0.05166666666666667
27 0.560625 0.7575000000000001 0.03125 0.065
27 0.564375 0.7141666666666667 0.03375 0.05166666666666667
27 0.515 0.7725000000000001 0.0375 0.04166666666666667
27 0.485 0.7633333333333334 0.035 0.04666666666666667
27 0.533125 0.8191666666666667 0.03625 0.058333333333333334
27 0.51375 0.8566666666666667 0.04 0.05333333333333334
27 0.56375 0.63 0.04 0.03333333333333333
27 0.59125 0.6375000000000001 0.035 0.04166666666666667
27 0.6 0.6658333333333334 0.0325 0.058333333333333334
27 0.63625 0.6716666666666667 0.04 0.03666666666666667
27 0.63375 0.7083333333333334 0.0375 0.04
27 0.6062500000000001 0.7241666666666667 0.05 0.05166666666666667
27 0.601875 0.7625000000000001 0.04625 0.04166666666666667
11 0.421875 0.9308333333333334 0.03875 0.04833333333333334
11 0.650625 0.3116666666666667 0.051250000000000004 0.04666666666666667
11 0.42 0.6416666666666667 0.035 0.06666666666666667
11 0.261875 0.5391666666666667 0.04625 0.07166666666666667
11 0.44125000000000003 0.04916666666666667 0.0575 0.04833333333333334
19 0.730625 0.48250000000000004 0.04625 0.06833333333333334
