7 0.4475 0.4416666666666667 0.08 0.15666666666666668
7 0.385 0.48333333333333334 0.0925 0.13333333333333333
7 0.29812500000000003 0.5266666666666667 0.08875 0.1366666666666667
7 0.379375 0.5841666666666667 0.11375 0.10166666666666667
7 0.34750000000000003 0.6716666666666667 0.13 0.10333333333333335
7 0.21875 0.6566666666666667 0.0925 0.1
7 0.59375 0.6908333333333334 0.0625 0.15166666666666667
7 0.321875 0.8058333333333334 0.10375000000000001 0.115
7 0.130625 0.8708333333333333 0.08375 0.09166666666666667
7 0.658125 0.6491666666666667 0.06375 0.15166666666666667
