11 0.351875 0.11 0.06625 0.060000000000000005
11 0.36562500000000003 0.21333333333333335 0.05375 0.08
11 0.45 0.225 0.0575 0.08666666666666667
11 0.516875 0.22 0.05625 0.07666666666666667
11 0.58625 0.25333333333333335 0.0725 0.06666666666666667
11 0.58625 0.30000000000000004 0.06 0.07333333333333333
11 0.509375 0.27666666666666667 0.058750000000000004 0.05333333333333334
11 0.528125 0.335 0.051250000000000004 0.06333333333333334
11 0.476875 0.3166666666666667 0.051250000000000004 0.060000000000000005
11 0.4425 0.3425 0.065 0.058333333333333334
11 0.345625 0.3375 0.058750000000000004 0.058333333333333334
11 0.390625 0.3766666666666667 0.043750000000000004 0.07666666666666667
11 0.28875 0.33083333333333337 0.06 0.07500000000000001
11 0.2975 0.38333333333333336 0.05 0.07
11 0.34500000000000003 0.42833333333333334 0.0425 0.08
11 0.4275 0.4625 0.05 0.085
11 0.508125 0.42750000000000005 0.06375 0.06166666666666667
11 0.293125 0.4366666666666667 0.06375 0.07
11 0.263125 0.49250000000000005 0.043750000000000004 0.09166666666666667
11 0.314375 0.5066666666666667 0.058750000000000004 0.06666666666666667
11 0.193125 0.5458333333333334 0.04625 0.06166666666666667
11 0.236875 0.5583333333333333 0.05375 0.06333333333333334
11 0.421875 0.5316666666666667 0.04875 0.08333333333333334
11 0.375 0.5533333333333333 0.05 0.060000000000000005
11 0.333125 0.5808333333333334 0.04125 0.08166666666666667
11 0.506875 0.5441666666666667 0.06375 0.06166666666666667
11 0.55125 0.505 0.065 0.07333333333333333
11 0.508125 0.5975 0.04875 0.07500000000000001
11 0.48625 0.6416666666666667 0.0625 0.05
11 0.568125 0.625 0.06625 0.06666666666666667
11 0.60875 0.6558333333333334 0.0475 0.065
11 0.5675 0.675 0.0575 0.05
11 0.66 0.6683333333333333 0.0625 0.05666666666666667
11 0.628125 0.7175 0.05375 0.065
11 0.568125 0.7141666666666667 0.051250000000000004 0.058333333333333334
11 0.501875 0.6991666666666667 0.03875 0.07833333333333334
11 0.526875 0.7408333333333333 0.04625 0.07500000000000001
11 0.584375 0.7541666666666668 0.05625 0.055
11 0.6168750000000001 0.7708333333333334 0.04625 0.055
11 0.655 0.7775000000000001 0.0375 0.08166666666666667
11 0.41250000000000003 0.5975 0.0675 0.05166666666666667
11 0.40875 0.6608333333333334 0.0525 0.07500000000000001
11 0.073125 0.7283333333333334 0.058750000000000004 0.06333333333333334
11 0.199375 0.61 0.04875 0.07333333333333333
11 0.228125 0.6533333333333333 0.03875 0.08
11 0.25625 0.6183333333333334 0.045 0.06666666666666667
11 0.285625 0.6008333333333333 0.04125 0.085
11 0.305625 0.6633333333333333 0.04125 0.08
11 0.34125 0.67 0.0475 0.07666666666666667
11 0.1875 0.6825 0.0425 0.07500000000000001
11 0.26125 0.6816666666666668 0.0525 0.05333333333333334
11 0.20625000000000002 0.7241666666666667 0.055 0.058333333333333334
11 0.25125000000000003 0.7341666666666667 0.0475 0.07166666666666667
11 0.28625 0.7200000000000001 0.0375 0.08
11 0.3225 0.7341666666666667 0.0425 0.06166666666666667
11 0.365 0.7300000000000001 0.05 0.060000000000000005
11 0.405625 0.7425 0.043750000000000004 0.07500000000000001
11 0.431875 0.7216666666666667 0.03875 0.08333333333333334
11 0.22312500000000002 0.77 0.051250000000000004 0.07
11 0.2425 0.8241666666666667 0.055 0.06166666666666667
11 0.20375000000000001 0.9450000000000001 0.06 0.06666666666666667
11 0.22 0.8975000000000001 0.055 0.065
11 0.255625 0.8858333333333334 0.03625 0.07166666666666667
11 0.2775 0.9283333333333333 0.045 0.06333333333333334
11 0.293125 0.78 0.04125 0.08
11 0.30312500000000003 0.8208333333333334 0.04625 0.06833333333333334
11 0.3375 0.8233333333333334 0.045 0.07333333333333333
11 0.36562500000000003 0.7925000000000001 0.04625 0.07166666666666667
11 0.3775 0.8525 0.045 0.07166666666666667
11 0.30312500000000003 0.8816666666666667 0.04125 0.060000000000000005
11 0.3375 0.885 0.04 0.07333333333333333
11 0.36625 0.8991666666666667 0.0325 0.06833333333333334
11 0.341875 0.935 0.04625 0.060000000000000005
11 0.38875 0.9766666666666667 0.0475 0.043333333333333335
11 0.40125 0.7916666666666667 0.0425 0.060000000000000005
11 0.410625 0.8325 0.04125 0.055
11 0.408125 0.8741666666666668 0.04125 0.07166666666666667
11 0.438125 0.8075000000000001 0.03875 0.07500000000000001
11 0.46125 0.7883333333333333 0.045 0.07666666666666667
11 0.49375 0.7716666666666667 0.0475 0.08
11 0.5075000000000001 0.8400000000000001 0.0475 0.07
11 0.4475 0.8633333333333334 0.045 0.06666666666666667
11 0.449375 0.9666666666666667 0.04625 0.06333333333333334
11 0.48 0.9358333333333334 0.05 0.07500000000000001
11 0.48875 0.8866666666666667 0.0525 0.06333333333333334
11 0.5325 0.9375000000000001 0.05 0.058333333333333334
11 0.558125 0.9225000000000001 0.04875 0.05166666666666667
11 0.583125 0.8875000000000001 0.04875 0.055
11 0.533125 0.8891666666666668 0.04875 0.06833333333333334
11 0.54125 0.8241666666666667 0.045 0.07166666666666667
11 0.591875 0.8416666666666667 0.05625 0.060000000000000005
11 0.675 0.8841666666666668 0.0425 0.07833333333333334
11 0.694375 0.9241666666666667 0.04125 0.06833333333333334
11 0.891875 0.9183333333333334 0.04875 0.05666666666666667
11 0.856875 0.8316666666666667 0.04125 0.08333333333333334
11 0.8093750000000001 0.8325 0.051250000000000004 0.08166666666666667
11 0.8125 0.77 0.0475 0.07
11 0.8675 0.655 0.05 0.06333333333333334
11 0.755 0.8408333333333334 0.05 0.08166666666666667
11 0.71875 0.8333333333333334 0.0325 0.08666666666666667
11 0.685 0.775 0.05 0.07666666666666667
11 0.74875 0.7816666666666667 0.035 0.07666666666666667
11 0.77125 0.7516666666666667 0.0325 0.07666666666666667
11 0.7325 0.75 0.0475 0.060000000000000005
11 0.709375 0.7050000000000001 0.05375 0.07
11 0.76125 0.6916666666666668 0.03 0.08333333333333334
11 0.8093750000000001 0.67 0.06125 0.06666666666666667
11 0.79125 0.62 0.0525 0.08333333333333334
11 0.7325 0.6466666666666667 0.0475 0.07
11 0.6637500000000001 0.5700000000000001 0.0475 0.08
11 0.703125 0.6108333333333333 0.051250000000000004 0.09166666666666667
11 0.75125 0.5900000000000001 0.065 0.07333333333333333
11 0.79 0.5333333333333333 0.0475 0.09000000000000001
11 0.714375 0.5566666666666668 0.05375 0.07666666666666667
11 0.7325 0.5108333333333334 0.06 0.065
11 0.730625 0.44583333333333336 0.04875 0.085
11 0.64625 0.4466666666666667 0.04 0.09666666666666668
11 0.6025 0.41250000000000003 0.05 0.08166666666666667
11 0.6218750000000001 0.375 0.05625 0.07333333333333333
11 0.6475 0.3091666666666667 0.06 0.065
11 0.654375 0.19083333333333335 0.058750000000000004 0.07500000000000001
11 0.718125 0.31 0.05625 0.06666666666666667
11 0.759375 0.32583333333333336 0.051250000000000004 0.08166666666666667
11 0.73 0.37333333333333335 0.0625 0.06666666666666667
11 0.826875 0.37583333333333335 0.05625 0.065
11 0.973125 0.4966666666666667 0.043750000000000004 0.06333333333333334
11 0.9606250000000001 0.325 0.04125 0.08
11 0.933125 0.27666666666666667 0.04875 0.06666666666666667
11 0.915 0.21083333333333334 0.05 0.07500000000000001
11 0.745625 0.1925 0.051250000000000004 0.085
11 0.759375 0.15333333333333335 0.05625 0.05666666666666667
11 0.776875 0.11083333333333334 0.058750000000000004 0.065
