4 0.430861 0.191468 0.084416 0.072677
5 0.469980 0.342495 0.064653 0.128505
4 0.228055 0.343074 0.096359 0.109254
4 0.555219 0.568800 0.084413 0.129465
11 0.451902 0.613609 0.074535 0.128985
11 0.395652 0.802610 0.079888 0.143903
11 0.692344 0.241906 0.072063 0.113103
11 0.567160 0.219285 0.103358 0.069789
11 0.461950 0.123991 0.093063 0.064976
11 0.296824 0.189927 0.051886 0.097701
11 0.341709 0.973138 0.095537 0.053725
4 0.427979 0.955420 0.087709 0.063529
4 0.539777 0.931837 0.111183 0.086635
1 0.394623 0.635122 0.044883 0.087115
16 0.153316 0.221451 0.051475 0.097221
16 0.287764 0.104498 0.082356 0.060644
16 0.305677 0.274154 0.077006 0.078450
16 0.673402 0.421668 0.085241 0.076046
16 0.657342 0.527552 0.046530 0.106846
16 0.643136 0.633196 0.080713 0.099625
16 0.470185 0.769402 0.068357 0.112139
16 0.528248 0.739080 0.063417 0.111175
7 0.392565 0.285224 0.074535 0.160269
8 0.712851 0.576913 0.045957 0.118396
