23 0.623125 0.2225 0.03375 0.058333333333333334
24 0.479375 0.29833333333333334 0.04125 0.05333333333333334
19 0.68875 0.4441666666666667 0.035 0.06166666666666667
23 0.68 0.5066666666666667 0.04 0.05
28 0.5725 0.7300000000000001 0.0475 0.05333333333333334
28 0.571875 0.8200000000000001 0.03625 0.043333333333333335
28 0.528125 0.8258333333333334 0.04875 0.055
2 0.47375 0.8491666666666667 0.0225 0.03166666666666667
19 0.35375 0.7816666666666667 0.0575 0.043333333333333335
23 0.389375 0.8358333333333334 0.03125 0.045000000000000005
19 0.416875 0.6425000000000001 0.03875 0.055
24 0.3975 0.7008333333333334 0.0475 0.065
18 0.276875 0.6691666666666667 0.01875 0.028333333333333335
19 0.28625 0.5675 0.0325 0.045000000000000005
