19 0.3825 0.14416666666666667 0.045 0.04166666666666667
19 0.395625 0.19 0.03875 0.060000000000000005
19 0.4475 0.1716666666666667 0.035 0.05
19 0.47500000000000003 0.2225 0.0425 0.045000000000000005
19 0.535 0.1975 0.0275 0.055
19 0.57125 0.20833333333333334 0.035 0.060000000000000005
19 0.634375 0.21166666666666667 0.043750000000000004 0.03666666666666667
19 0.595625 0.25583333333333336 0.03375 0.04833333333333334
19 0.56375 0.24583333333333335 0.03 0.04166666666666667
19 0.5525 0.27666666666666667 0.035 0.05
19 0.525 0.2991666666666667 0.045 0.045000000000000005
19 0.69375 0.27083333333333337 0.0625 0.05166666666666667
19 0.599375 0.32083333333333336 0.04625 0.04833333333333334
19 0.651875 0.35000000000000003 0.03875 0.05666666666666667
19 0.701875 0.3541666666666667 0.043750000000000004 0.045000000000000005
19 0.57375 0.3616666666666667 0.05 0.05666666666666667
24 0.71125 0.24000000000000002 0.045 0.04
19 0.759375 0.38583333333333336 0.03875 0.06166666666666667
19 0.7056250000000001 0.4141666666666667 0.04125 0.058333333333333334
19 0.6675 0.43083333333333335 0.04 0.045000000000000005
19 0.62875 0.45333333333333337 0.0425 0.05666666666666667
19 0.661875 0.4791666666666667 0.043750000000000004 0.05166666666666667
19 0.689375 0.4716666666666667 0.03875 0.04666666666666667
19 0.71 0.4625 0.0375 0.058333333333333334
19 0.745 0.45583333333333337 0.035 0.04833333333333334
19 0.77375 0.4658333333333334 0.03 0.055
19 0.785625 0.4108333333333334 0.02875 0.035
19 0.774375 0.42500000000000004 0.03625 0.05
19 0.786875 0.49583333333333335 0.02875 0.05166666666666667
19 0.73375 0.4966666666666667 0.02 0.05
19 0.7518750000000001 0.5008333333333334 0.02875 0.058333333333333334
19 0.776875 0.5666666666666667 0.03375 0.07333333333333333
19 0.735 0.5641666666666667 0.0375 0.06833333333333334
19 0.708125 0.555 0.03625 0.043333333333333335
19 0.708125 0.5083333333333334 0.04125 0.04666666666666667
19 0.678125 0.5158333333333334 0.043750000000000004 0.045000000000000005
19 0.628125 0.5191666666666667 0.03625 0.058333333333333334
19 0.601875 0.5141666666666667 0.03125 0.055
19 0.691875 0.5941666666666667 0.04875 0.045000000000000005
19 0.654375 0.5733333333333334 0.02625 0.05
19 0.62875 0.5750000000000001 0.025 0.05
19 0.599375 0.555 0.04125 0.05
19 0.59875 0.6041666666666667 0.0475 0.055
19 0.658125 0.6258333333333334 0.043750000000000004 0.05166666666666667
19 0.7225 0.6633333333333333 0.035 0.05333333333333334
19 0.660625 0.6883333333333334 0.03375 0.05666666666666667
19 0.70625 0.7225 0.04 0.04833333333333334
19 0.67 0.7108333333333334 0.03 0.045000000000000005
19 0.62 0.7100000000000001 0.0325 0.05333333333333334
19 0.594375 0.7050000000000001 0.03875 0.04
19 0.5925 0.6566666666666667 0.0425 0.060000000000000005
19 0.5750000000000001 0.6508333333333334 0.04 0.04833333333333334
19 0.54125 0.6591666666666667 0.04 0.04166666666666667
19 0.680625 0.7658333333333334 0.04125 0.04166666666666667
19 0.6637500000000001 0.7925000000000001 0.035 0.06166666666666667
19 0.6025 0.77 0.0425 0.05666666666666667
19 0.6375000000000001 0.8325 0.035 0.055
19 0.5875 0.8575 0.0375 0.03166666666666667
19 0.555 0.8483333333333334 0.04 0.05
19 0.539375 0.8700000000000001 0.03875 0.04
19 0.5675 0.7808333333333334 0.04 0.03833333333333334
28 0.6475 0.7266666666666667 0.04 0.04666666666666667
19 0.5493750000000001 0.6983333333333334 0.03625 0.07666666666666667
19 0.5275 0.6916666666666668 0.04 0.05666666666666667
19 0.530625 0.7350000000000001 0.03375 0.07
19 0.474375 0.7541666666666668 0.03625 0.06833333333333334
19 0.438125 0.8633333333333334 0.03625 0.043333333333333335
19 0.420625 0.7408333333333333 0.04625 0.04833333333333334
19 0.445625 0.7233333333333334 0.03625 0.07
19 0.411875 0.6950000000000001 0.04875 0.05666666666666667
19 0.47750000000000004 0.6466666666666667 0.0425 0.05666666666666667
19 0.395 0.61 0.045 0.05333333333333334
19 0.34 0.615 0.04 0.060000000000000005
19 0.32625 0.7008333333333334 0.04 0.058333333333333334
19 0.365 0.7358333333333333 0.035 0.065
19 0.290625 0.7733333333333334 0.03375 0.05333333333333334
25 0.341875 0.7658333333333334 0.03875 0.04833333333333334
19 0.453125 0.4666666666666667 0.04125 0.03666666666666667
19 0.199375 0.43083333333333335 0.02125 0.04166666666666667
24 0.27125 0.3458333333333334 0.03 0.055
19 0.42 0.33333333333333337 0.04 0.06333333333333334
19 0.31 0.265 0.0425 0.060000000000000005
19 0.338125 0.23583333333333334 0.03625 0.065
