27 0.40750000000000003 0.13833333333333334 0.05 0.07333333333333333
27 0.513125 0.1 0.03625 0.05666666666666667
27 0.650625 0.030000000000000002 0.04625 0.03666666666666667
27 0.6825 0.09083333333333334 0.05 0.06833333333333334
27 0.48812500000000003 0.17500000000000002 0.05375 0.06333333333333334
27 0.38875 0.27166666666666667 0.07 0.06333333333333334
27 0.508125 0.3225 0.04125 0.07500000000000001
27 0.186875 0.5841666666666667 0.051250000000000004 0.07833333333333334
27 0.2025 0.6791666666666667 0.0475 0.06166666666666667
27 0.45937500000000003 0.6491666666666667 0.05625 0.058333333333333334
27 0.52625 0.675 0.0325 0.07666666666666667
27 0.5775 0.6000000000000001 0.0575 0.03666666666666667
27 0.525 0.5533333333333333 0.05 0.05
27 0.571875 0.4516666666666667 0.04125 0.07666666666666667
27 0.84 0.6291666666666667 0.0325 0.07833333333333334
27 0.68 0.6516666666666667 0.03 0.05666666666666667
27 0.663125 0.6233333333333334 0.03875 0.06666666666666667
27 0.630625 0.7683333333333334 0.04625 0.06666666666666667
27 0.589375 0.9275000000000001 0.03625 0.065
27 0.373125 0.9658333333333334 0.03375 0.045000000000000005
27 0.348125 0.9550000000000001 0.03125 0.04666666666666667
27 0.625625 0.4133333333333334 0.05375 0.05666666666666667
27 0.636875 0.36000000000000004 0.03625 0.043333333333333335
27 0.66625 0.39333333333333337 0.05 0.04
27 0.6825 0.35083333333333333 0.0375 0.06833333333333334
27 0.821875 0.47250000000000003 0.03375 0.06833333333333334
27 0.734375 0.33166666666666667 0.03875 0.043333333333333335
27 0.620625 0.2991666666666667 0.051250000000000004 0.04166666666666667
27 0.586875 0.26833333333333337 0.05375 0.04666666666666667
27 0.5493750000000001 0.29500000000000004 0.043750000000000004 0.060000000000000005
18 0.519375 0.21583333333333335 0.02625 0.035
18 0.40125 0.3916666666666667 0.0325 0.030000000000000002
18 0.405625 0.5883333333333334 0.03375 0.03333333333333333
18 0.30625 0.7025 0.03 0.04833333333333334
18 0.49875 0.6666666666666667 0.025 0.04
18 0.54125 0.5058333333333334 0.03 0.045000000000000005
18 0.619375 0.4741666666666667 0.02625 0.045000000000000005
18 0.71875 0.2791666666666667 0.035 0.04166666666666667
26 0.31125 0.42000000000000004 0.025 0.043333333333333335
26 0.36875 0.47250000000000003 0.0225 0.04833333333333334
26 0.361875 0.5025000000000001 0.03125 0.04833333333333334
26 0.260625 0.5591666666666667 0.03625 0.028333333333333335
26 0.24625 0.5908333333333333 0.04 0.025
26 0.445 0.5791666666666667 0.0325 0.04166666666666667
26 0.351875 0.7183333333333334 0.02875 0.03333333333333333
18 0.465 0.5616666666666666 0.0275 0.03666666666666667
26 0.48875 0.2675 0.0375 0.028333333333333335
20 0.3575 0.39333333333333337 0.0475 0.04
19 0.659375 0.455 0.04125 0.07
19 0.576875 0.3091666666666667 0.04625 0.06166666666666667
19 0.8043750000000001 0.7016666666666667 0.04125 0.060000000000000005
