19 0.2275 0.10333333333333335 0.0425 0.07
19 0.15937500000000002 0.6191666666666668 0.04125 0.058333333333333334
19 0.2525 0.62 0.045 0.060000000000000005
19 0.465 0.755 0.0375 0.060000000000000005
19 0.380625 0.8550000000000001 0.06625 0.05
19 0.68375 0.5891666666666667 0.045 0.058333333333333334
26 0.1825 0.18333333333333335 0.0325 0.04
26 0.40875 0.11750000000000001 0.035 0.035
26 0.45 0.22333333333333336 0.025 0.04666666666666667
26 0.33875 0.31083333333333335 0.025 0.05166666666666667
26 0.375 0.39916666666666667 0.0375 0.03166666666666667
26 0.39625 0.36583333333333334 0.0275 0.04833333333333334
26 0.16 0.5575 0.025 0.04166666666666667
26 0.52875 0.6975 0.025 0.04833333333333334
26 0.474375 0.7025 0.02125 0.04166666666666667
26 0.553125 0.8616666666666667 0.03375 0.04666666666666667
23 0.538125 0.41000000000000003 0.04875 0.05
23 0.635625 0.41833333333333333 0.04625 0.060000000000000005
23 0.258125 0.15916666666666668 0.05375 0.06833333333333334
23 0.146875 0.4625 0.04125 0.06166666666666667
18 0.24 0.33666666666666667 0.035 0.03333333333333333
18 0.32625 0.5916666666666667 0.0275 0.043333333333333335
18 0.24125 0.3875 0.025 0.035
18 0.365 0.745 0.04 0.03666666666666667
18 0.47375 0.6641666666666667 0.0275 0.03833333333333334
26 0.4975 0.5658333333333334 0.0275 0.05166666666666667
