30 0.276875 0.455 0.03625 0.05
30 0.209375 0.4708333333333334 0.03625 0.058333333333333334
30 0.241875 0.65 0.03625 0.060000000000000005
30 0.22312500000000002 0.6875 0.04875 0.05166666666666667
30 0.19875 0.6558333333333334 0.0425 0.05166666666666667
30 0.32375 0.625 0.035 0.05
30 0.409375 0.8041666666666667 0.04125 0.065
30 0.379375 0.7833333333333334 0.02625 0.05
30 0.316875 0.25 0.03875 0.05666666666666667
7 0.311875 0.8758333333333334 0.08125 0.115
13 0.521875 0.48833333333333334 0.05375 0.08333333333333334
