1 0.541469 0.131866 0.041307 0.064525
14 0.317179 0.761122 0.030199 0.077006
14 0.640602 0.434447 0.043582 0.049331
14 0.599595 0.424020 0.052157 0.050135
14 0.588271 0.255968 0.049415 0.039705
14 0.296248 0.159109 0.033629 0.049734
14 0.396449 0.432641 0.051472 0.028076
14 0.539715 0.505837 0.031226 0.064573
14 0.605087 0.118599 0.025394 0.056151
14 0.659647 0.105364 0.052845 0.035296
14 0.720557 0.328161 0.035344 0.054947
14 0.434709 0.272412 0.032599 0.046926
14 0.370026 0.190191 0.030884 0.057355
14 0.395075 0.209242 0.022649 0.048130
14 0.248548 0.221275 0.072060 0.032888
14 0.358702 0.251355 0.035002 0.057756
14 0.389413 0.278829 0.027796 0.049334
14 0.563221 0.347412 0.029511 0.077406
14 0.388280 0.327279 0.062456 0.035693
5 0.659952 0.515273 0.194258 0.138891
7 0.511590 0.199240 0.156545 0.082335
4 0.368567 0.780993 0.066888 0.133067
18 0.346508 0.098192 0.086810 0.058218
1 0.689462 0.393754 0.029648 0.079411
1 0.732309 0.083241 0.043293 0.069400
1 0.508526 0.095126 0.086383 0.041026
1 0.491228 0.055853 0.025020 0.071721
1 0.204835 0.378629 0.053368 0.069029
