11 0.233125 0.22166666666666668 0.06375 0.06333333333333334
11 0.37625000000000003 0.15333333333333335 0.05 0.07666666666666667
11 0.301875 0.21250000000000002 0.06625 0.07166666666666667
11 0.31 0.25833333333333336 0.06 0.07666666666666667
11 0.28625 0.3666666666666667 0.05 0.08666666666666667
11 0.73375 0.305 0.0575 0.07
11 0.855625 0.3191666666666667 0.04125 0.085
11 0.896875 0.5466666666666667 0.058750000000000004 0.08333333333333334
11 0.686875 0.42500000000000004 0.05625 0.08333333333333334
11 0.664375 0.5508333333333334 0.04875 0.08833333333333333
11 0.726875 0.6783333333333333 0.06375 0.06333333333333334
11 0.545625 0.4108333333333334 0.051250000000000004 0.07833333333333334
11 0.57375 0.4541666666666667 0.065 0.06833333333333334
11 0.56375 0.525 0.0775 0.07333333333333333
11 0.446875 0.4841666666666667 0.06125 0.07833333333333334
11 0.4875 0.4966666666666667 0.06 0.08666666666666667
11 0.418125 0.5841666666666667 0.06375 0.06833333333333334
11 0.45 0.6508333333333334 0.05 0.095
11 0.645 0.8075000000000001 0.05 0.095
11 0.744375 0.9116666666666667 0.06375 0.06666666666666667
11 0.68375 0.9550000000000001 0.06 0.06333333333333334
11 0.5725 0.8691666666666668 0.0475 0.085
11 0.4875 0.9425000000000001 0.0625 0.05166666666666667
11 0.415625 0.7350000000000001 0.04625 0.08333333333333334
11 0.37625000000000003 0.7333333333333334 0.04 0.08
11 0.361875 0.6925 0.05375 0.06833333333333334
11 0.310625 0.6616666666666667 0.05375 0.06666666666666667
11 0.305625 0.7458333333333333 0.06125 0.065
