11 0.598125 0.13083333333333333 0.06125 0.058333333333333334
11 0.75625 0.27083333333333337 0.05 0.065
11 0.551875 0.41583333333333333 0.04625 0.08166666666666667
11 0.62625 0.9058333333333334 0.0525 0.04833333333333334
26 0.384375 0.22916666666666669 0.03125 0.035
26 0.35625 0.26583333333333337 0.025 0.045000000000000005
26 0.4225 0.2808333333333333 0.04 0.03166666666666667
18 0.385 0.29250000000000004 0.0275 0.03833333333333334
18 0.46 0.2833333333333333 0.03 0.043333333333333335
18 0.489375 0.31583333333333335 0.02875 0.045000000000000005
18 0.294375 0.37583333333333335 0.02125 0.045000000000000005
18 0.29875 0.3466666666666667 0.025 0.03666666666666667
19 0.304375 0.32 0.04125 0.060000000000000005
19 0.280625 0.4716666666666667 0.04125 0.04666666666666667
19 0.148125 0.635 0.043750000000000004 0.04666666666666667
19 0.27 0.5316666666666667 0.0475 0.060000000000000005
19 0.3275 0.5750000000000001 0.0425 0.07333333333333333
24 0.37 0.5425 0.055 0.07500000000000001
26 0.443125 0.4241666666666667 0.03625 0.035
26 0.48375 0.4891666666666667 0.03 0.03833333333333334
26 0.494375 0.4691666666666667 0.03125 0.04833333333333334
26 0.290625 0.6891666666666667 0.03125 0.03833333333333334
26 0.419375 0.6966666666666667 0.03375 0.030000000000000002
19 0.39625 0.6825 0.0575 0.06166666666666667
18 0.434375 0.8016666666666667 0.03125 0.043333333333333335
26 0.593125 0.6783333333333333 0.03375 0.03666666666666667
24 0.610625 0.6125 0.03625 0.065
24 0.719375 0.33 0.05625 0.06666666666666667
18 0.76625 0.33333333333333337 0.0275 0.04
