27 0.664375 0.1 0.051250000000000004 0.060000000000000005
27 0.76125 0.28833333333333333 0.05 0.07666666666666667
27 0.6481250000000001 0.335 0.04625 0.07333333333333333
27 0.479375 0.4491666666666667 0.03625 0.06833333333333334
27 0.8093750000000001 0.4891666666666667 0.03875 0.06833333333333334
27 0.615625 0.6216666666666667 0.05375 0.05
27 0.68 0.6075 0.0525 0.065
27 0.650625 0.6891666666666667 0.03875 0.065
27 0.745625 0.6808333333333334 0.04875 0.065
19 0.24125 0.155 0.04 0.060000000000000005
19 0.21 0.2025 0.045 0.06166666666666667
19 0.39687500000000003 0.10666666666666667 0.043750000000000004 0.060000000000000005
19 0.474375 0.015833333333333335 0.04125 0.03166666666666667
26 0.45687500000000003 0.15416666666666667 0.03125 0.04166666666666667
26 0.4 0.265 0.0325 0.04666666666666667
26 0.4175 0.2833333333333333 0.025 0.04
26 0.29625 0.35750000000000004 0.0175 0.05166666666666667
26 0.294375 0.3916666666666667 0.03125 0.04
26 0.403125 0.4341666666666667 0.02875 0.04833333333333334
23 0.36 0.37083333333333335 0.045 0.06166666666666667
18 0.319375 0.3916666666666667 0.02625 0.04666666666666667
18 0.2325 0.41750000000000004 0.035 0.03833333333333334
19 0.446875 0.445 0.03875 0.05666666666666667
19 0.383125 0.4716666666666667 0.051250000000000004 0.060000000000000005
19 0.44625000000000004 0.5408333333333334 0.0425 0.06166666666666667
19 0.34375 0.5116666666666667 0.06 0.05666666666666667
19 0.2925 0.5125000000000001 0.0475 0.065
19 0.15 0.5191666666666667 0.04 0.07166666666666667
25 0.250625 0.4941666666666667 0.05375 0.09166666666666667
19 0.33125 0.6025 0.0475 0.055
18 0.349375 0.6391666666666667 0.02375 0.045000000000000005
18 0.4025 0.925 0.0175 0.043333333333333335
19 0.436875 0.795 0.04875 0.06666666666666667
23 0.405625 0.6433333333333334 0.04875 0.060000000000000005
19 0.5125 0.5475 0.0475 0.04166666666666667
19 0.591875 0.5683333333333334 0.03375 0.06333333333333334
19 0.6175 0.5791666666666667 0.04 0.06166666666666667
19 0.683125 0.5508333333333334 0.04625 0.06166666666666667
26 0.511875 0.6966666666666667 0.02125 0.05
24 0.666875 0.8066666666666668 0.05375 0.05
26 0.681875 0.7366666666666667 0.03125 0.043333333333333335
18 0.694375 0.6691666666666667 0.03125 0.04166666666666667
18 0.7681250000000001 0.6433333333333334 0.02875 0.04
26 0.75625 0.4758333333333334 0.0275 0.04833333333333334
26 0.775 0.36333333333333334 0.0325 0.03666666666666667
19 0.76625 0.43250000000000005 0.045 0.055
19 0.68875 0.3433333333333334 0.05 0.06333333333333334
18 0.52375 0.45 0.0375 0.05
26 0.50875 0.37000000000000005 0.0375 0.030000000000000002
26 0.660625 0.22583333333333336 0.03375 0.035
18 0.70125 0.12000000000000001 0.03 0.04666666666666667
19 0.646875 0.17416666666666666 0.03875 0.04833333333333334
26 0.53625 0.2566666666666667 0.0175 0.05
19 0.5125 0.24833333333333335 0.04 0.06333333333333334
