22 0.283125 0.011666666666666667 0.03875 0.02
22 0.26937500000000003 0.045000000000000005 0.01625 0.04666666666666667
22 0.29812500000000003 0.04583333333333334 0.03875 0.035
22 0.365 0.035833333333333335 0.045 0.035
22 0.358125 0.08333333333333334 0.04125 0.030000000000000002
22 0.356875 0.1375 0.04125 0.028333333333333335
22 0.37 0.18166666666666667 0.025 0.05
22 0.105 0.33416666666666667 0.025 0.045000000000000005
22 0.316875 0.2775 0.02625 0.065
11 0.27187500000000003 0.3591666666666667 0.05375 0.058333333333333334
11 0.400625 0.3866666666666667 0.051250000000000004 0.08666666666666667
11 0.420625 0.32 0.05625 0.04666666666666667
22 0.121875 0.7625000000000001 0.03375 0.04833333333333334
22 0.49 0.7991666666666667 0.02 0.06166666666666667
22 0.529375 0.8366666666666667 0.03875 0.043333333333333335
22 0.458125 0.47000000000000003 0.04625 0.023333333333333334
22 0.55625 0.3775 0.0275 0.06166666666666667
22 0.381875 0.2758333333333334 0.02125 0.05166666666666667
22 0.41000000000000003 0.26083333333333336 0.035 0.04166666666666667
22 0.450625 0.24833333333333335 0.043750000000000004 0.03666666666666667
22 0.3975 0.21083333333333334 0.045 0.028333333333333335
22 0.448125 0.19166666666666668 0.04125 0.02666666666666667
22 0.505 0.21000000000000002 0.02 0.05
22 0.534375 0.21250000000000002 0.03625 0.04833333333333334
22 0.440625 0.10250000000000001 0.01875 0.058333333333333334
22 0.448125 0.14750000000000002 0.02375 0.04833333333333334
22 0.4825 0.05 0.0225 0.04666666666666667
22 0.6637500000000001 0.2833333333333333 0.0375 0.043333333333333335
22 0.888125 0.46166666666666667 0.01625 0.060000000000000005
11 0.756875 0.3791666666666667 0.03875 0.08833333333333333
22 0.875 0.6566666666666667 0.0375 0.023333333333333334
18 0.619375 0.6866666666666668 0.04125 0.060000000000000005
