19 0.330625 0.2775 0.03875 0.045000000000000005
24 0.233125 0.33333333333333337 0.043750000000000004 0.05666666666666667
19 0.26937500000000003 0.42583333333333334 0.04125 0.06833333333333334
24 0.368125 0.48250000000000004 0.05375 0.04833333333333334
19 0.296875 0.5900000000000001 0.04125 0.04666666666666667
19 0.30375 0.6308333333333334 0.0475 0.045000000000000005
24 0.40125 0.6616666666666667 0.045 0.05
19 0.44125000000000003 0.67 0.0475 0.05
24 0.216875 0.6116666666666667 0.04125 0.05666666666666667
24 0.28875 0.6991666666666667 0.04 0.055
24 0.421875 0.7400000000000001 0.05625 0.05
19 0.45437500000000003 0.7883333333333333 0.04625 0.04
19 0.420625 0.7916666666666667 0.03625 0.07666666666666667
19 0.435625 0.8808333333333334 0.04125 0.05166666666666667
24 0.58125 0.8458333333333334 0.045 0.05166666666666667
24 0.6218750000000001 0.7933333333333333 0.03625 0.07
24 0.56625 0.8 0.05 0.04666666666666667
24 0.613125 0.7425 0.03875 0.04166666666666667
24 0.62875 0.645 0.0375 0.05666666666666667
19 0.59375 0.6775 0.045 0.05166666666666667
19 0.65125 0.7441666666666668 0.04 0.04833333333333334
21 0.63375 0.8450000000000001 0.06 0.05666666666666667
19 0.563125 0.6583333333333333 0.04625 0.05666666666666667
19 0.533125 0.6341666666666667 0.03125 0.045000000000000005
19 0.49625 0.6516666666666667 0.0475 0.05666666666666667
24 0.6587500000000001 0.6325000000000001 0.0275 0.055
19 0.668125 0.6041666666666667 0.03625 0.05166666666666667
19 0.669375 0.56 0.05625 0.05
24 0.53 0.5283333333333333 0.04 0.060000000000000005
24 0.538125 0.49083333333333334 0.04875 0.055
24 0.5962500000000001 0.4133333333333334 0.0475 0.07
19 0.6687500000000001 0.405 0.0425 0.05
19 0.62625 0.3433333333333334 0.0375 0.04
19 0.581875 0.3458333333333334 0.03375 0.055
19 0.531875 0.32583333333333336 0.05625 0.05166666666666667
19 0.59125 0.2841666666666667 0.0425 0.055
19 0.71375 0.26416666666666666 0.0275 0.06166666666666667
24 0.7106250000000001 0.34 0.04625 0.07333333333333333
24 0.678125 0.2733333333333334 0.043750000000000004 0.06666666666666667
21 0.548125 0.21833333333333335 0.06125 0.06666666666666667
24 0.735 0.55 0.0425 0.05333333333333334
24 0.708125 0.5950000000000001 0.02875 0.08
24 0.725 0.6258333333333334 0.0375 0.05166666666666667
24 0.743125 0.665 0.03875 0.06333333333333334
20 0.68875 0.7575000000000001 0.0225 0.03833333333333334
