18 0.211875 0.14416666666666667 0.02875 0.04166666666666667
18 0.386875 0.02666666666666667 0.02875 0.03333333333333333
18 0.50875 0.10833333333333334 0.03 0.043333333333333335
18 0.379375 0.14166666666666666 0.02625 0.03666666666666667
18 0.338125 0.21416666666666667 0.03375 0.04166666666666667
18 0.325 0.3566666666666667 0.0325 0.04
18 0.201875 0.4733333333333334 0.03375 0.03666666666666667
18 0.24625 0.43500000000000005 0.0325 0.03333333333333333
18 0.35625 0.4691666666666667 0.0375 0.03833333333333334
18 0.384375 0.38833333333333336 0.03125 0.043333333333333335
18 0.215625 0.5525 0.04125 0.045000000000000005
18 0.258125 0.5283333333333333 0.02875 0.03333333333333333
18 0.325 0.5416666666666667 0.0375 0.04
18 0.344375 0.5566666666666668 0.03375 0.04
18 0.3075 0.5900000000000001 0.035 0.043333333333333335
18 0.33625 0.6366666666666667 0.03 0.04666666666666667
18 0.289375 0.6375000000000001 0.03125 0.04833333333333334
18 0.20375000000000001 0.5941666666666667 0.025 0.03166666666666667
18 0.2175 0.6191666666666668 0.0275 0.035
18 0.161875 0.5883333333333334 0.02875 0.04
18 0.265 0.6633333333333333 0.0275 0.043333333333333335
18 0.274375 0.7641666666666667 0.03625 0.035
18 0.475625 0.6741666666666667 0.03125 0.045000000000000005
18 0.424375 0.7400000000000001 0.02875 0.03666666666666667
18 0.415625 0.785 0.02375 0.03666666666666667
18 0.36125 0.8225 0.03 0.035
18 0.3875 0.8283333333333334 0.035 0.03666666666666667
18 0.4925 0.9575 0.035 0.03833333333333334
18 0.33625 0.8883333333333334 0.03 0.03666666666666667
18 0.6125 0.655 0.0325 0.03333333333333333
18 0.695625 0.7833333333333334 0.02375 0.05
18 0.64375 0.41500000000000004 0.0325 0.05333333333333334
18 0.6168750000000001 0.41833333333333333 0.03375 0.043333333333333335
18 0.55625 0.41750000000000004 0.0325 0.035
19 0.584375 0.1325 0.04875 0.07166666666666667
20 0.405 0.29750000000000004 0.04 0.055
20 0.505 0.21916666666666668 0.0425 0.04166666666666667
20 0.504375 0.49000000000000005 0.03125 0.043333333333333335
20 0.670625 0.7300000000000001 0.04125 0.043333333333333335
20 0.5075000000000001 0.8458333333333334 0.0425 0.05166666666666667
19 0.484375 0.5208333333333334 0.04625 0.06833333333333334
19 0.46625 0.7616666666666667 0.0475 0.04666666666666667
19 0.260625 0.5925 0.051250000000000004 0.06833333333333334
20 0.245625 0.465 0.04625 0.04666666666666667
20 0.124375 0.5775 0.04125 0.055
20 0.313125 0.6683333333333333 0.03125 0.03666666666666667
18 0.20750000000000002 0.42250000000000004 0.0275 0.045000000000000005
