16 0.394256 0.315766 0.090678 0.103958
12 0.315017 0.607630 0.022303 0.038905
12 0.230154 0.699556 0.017843 0.047326
12 0.595100 0.223481 0.015440 0.044118
12 0.432787 0.255166 0.025051 0.036901
12 0.791575 0.160900 0.028310 0.031419
15 0.246956 0.258414 0.109536 0.125617
15 0.362256 0.084427 0.129300 0.094332
15 0.661625 0.194885 0.113651 0.118880
15 0.857842 0.255527 0.092652 0.153529
15 0.565678 0.413872 0.111183 0.089040
15 0.387582 0.545024 0.102533 0.090484
15 0.231514 0.518312 0.092652 0.100589
17 0.239132 0.590264 0.093887 0.057756
15 0.342079 0.233629 0.077417 0.101073
18 0.381405 0.150846 0.095123 0.057756
18 0.438025 0.368390 0.100476 0.061604
17 0.640829 0.750295 0.106651 0.109254
0 0.560002 0.191617 0.041466 0.063838
