23 0.379375 0.09416666666666668 0.051250000000000004 0.06166666666666667
22 0.49062500000000003 0.11750000000000001 0.03625 0.04166666666666667
22 0.415625 0.18083333333333335 0.02125 0.06166666666666667
22 0.34500000000000003 0.2041666666666667 0.045 0.04166666666666667
22 0.3525 0.2566666666666667 0.05 0.03333333333333333
22 0.26 0.33666666666666667 0.045 0.03666666666666667
22 0.15875 0.7041666666666667 0.05 0.035
25 0.193125 0.8091666666666667 0.051250000000000004 0.07833333333333334
25 0.371875 0.8150000000000001 0.06875 0.07666666666666667
25 0.4175 0.6816666666666668 0.0525 0.09666666666666668
22 0.5493750000000001 0.9166666666666667 0.043750000000000004 0.04
22 0.6481250000000001 0.8583333333333334 0.043750000000000004 0.03666666666666667
29 0.75125 0.7566666666666667 0.075 0.08
19 0.4425 0.5533333333333333 0.04 0.07333333333333333
22 0.4975 0.39083333333333337 0.045 0.03833333333333334
22 0.5181250000000001 0.4241666666666667 0.02875 0.065
11 0.544375 0.4416666666666667 0.06375 0.05666666666666667
22 0.638125 0.20916666666666667 0.03875 0.06833333333333334
22 0.58875 0.095 0.045 0.04
22 0.7175 0.10166666666666667 0.02 0.06333333333333334
22 0.703125 0.028333333333333335 0.03875 0.03333333333333333
25 0.19375 0.5091666666666667 0.045 0.095
