18 0.779375 0.32333333333333336 0.03125 0.07
23 0.759375 0.33916666666666667 0.043750000000000004 0.058333333333333334
23 0.7000000000000001 0.35333333333333333 0.04 0.05333333333333334
23 0.6637500000000001 0.3491666666666667 0.0375 0.05166666666666667
23 0.705 0.39583333333333337 0.0375 0.065
23 0.7175 0.43333333333333335 0.03 0.05333333333333334
23 0.7125 0.48583333333333334 0.04 0.055
23 0.703125 0.5233333333333333 0.051250000000000004 0.05666666666666667
23 0.745625 0.5066666666666667 0.04125 0.05333333333333334
23 0.7418750000000001 0.5891666666666667 0.043750000000000004 0.06166666666666667
18 0.68125 0.48833333333333334 0.035 0.043333333333333335
