31 0.204375 0.20500000000000002 0.03625 0.06666666666666667
21 0.163125 0.3983333333333334 0.09125 0.10666666666666667
21 0.1825 0.685 0.0575 0.11
21 0.2225 0.6183333333333334 0.075 0.15000000000000002
21 0.26937500000000003 0.7433333333333334 0.07875 0.11333333333333334
21 0.386875 0.6916666666666668 0.07125000000000001 0.10666666666666667
21 0.39375 0.6283333333333334 0.0925 0.11
21 0.489375 0.67 0.07375 0.12000000000000001
21 0.508125 0.8475 0.06875 0.10833333333333334
21 0.6062500000000001 0.9 0.065 0.09666666666666668
24 0.059375000000000004 0.7683333333333334 0.06125 0.08666666666666667
24 0.21937500000000001 0.7233333333333334 0.04875 0.08666666666666667
18 0.21375 0.5425 0.035 0.055
20 0.24 0.8283333333333334 0.05 0.05666666666666667
24 0.3775 0.76 0.07 0.09333333333333334
24 0.44875 0.805 0.08750000000000001 0.08666666666666667
24 0.5375 0.7541666666666668 0.07 0.06833333333333334
24 0.594375 0.5916666666666667 0.06375 0.09000000000000001
24 0.6218750000000001 0.5808333333333334 0.07125000000000001 0.09166666666666667
24 0.574375 0.6408333333333334 0.07125000000000001 0.06833333333333334
18 0.569375 0.9025000000000001 0.03875 0.058333333333333334
31 0.760625 0.6433333333333334 0.043750000000000004 0.03333333333333333
