20 0.374375 0.26916666666666667 0.04125 0.065
18 0.800625 0.4716666666666667 0.03375 0.05666666666666667
18 0.7975 0.34833333333333333 0.035 0.05
11 0.350625 0.05333333333333334 0.058750000000000004 0.09666666666666668
11 0.313125 0.14 0.06875 0.07
11 0.714375 0.037500000000000006 0.05375 0.07166666666666667
11 0.7156250000000001 0.11 0.058750000000000004 0.07
11 0.915625 0.1991666666666667 0.04125 0.07166666666666667
11 0.7775 0.29333333333333333 0.0525 0.08
11 0.82125 0.29500000000000004 0.0625 0.07
11 0.75625 0.3591666666666667 0.055 0.07166666666666667
11 0.979375 0.37583333333333335 0.03875 0.06166666666666667
11 0.973125 0.4441666666666667 0.04875 0.06833333333333334
11 0.84375 0.6133333333333334 0.0475 0.09000000000000001
11 0.89875 0.6233333333333334 0.045 0.08666666666666667
11 0.74 0.7425 0.0475 0.085
11 0.885625 0.7408333333333333 0.04125 0.07833333333333334
11 0.89375 0.8683333333333334 0.0475 0.07
11 0.638125 0.9708333333333334 0.06125 0.055
11 0.594375 0.9183333333333334 0.05375 0.09333333333333334
11 0.61875 0.8358333333333334 0.0625 0.08166666666666667
11 0.593125 0.7891666666666667 0.04125 0.08833333333333333
11 0.51375 0.6933333333333334 0.0575 0.08
11 0.48375 0.7275 0.0475 0.085
11 0.43125 0.8025000000000001 0.0725 0.08166666666666667
11 0.406875 0.9 0.051250000000000004 0.08
11 0.463125 0.9433333333333334 0.06125 0.05666666666666667
11 0.290625 0.9641666666666667 0.06375 0.05166666666666667
11 0.35625 0.9700000000000001 0.06 0.05666666666666667
11 0.366875 0.6875 0.06875 0.06166666666666667
11 0.313125 0.6933333333333334 0.04625 0.08333333333333334
11 0.196875 0.8241666666666667 0.04875 0.085
11 0.150625 0.7350000000000001 0.04125 0.08333333333333334
11 0.116875 0.6625000000000001 0.04875 0.07500000000000001
11 0.27875 0.62 0.0525 0.08
11 0.200625 0.5516666666666667 0.05375 0.05666666666666667
11 0.400625 0.5958333333333333 0.04625 0.07833333333333334
11 0.40375 0.5391666666666667 0.0525 0.09166666666666667
11 0.4525 0.505 0.0725 0.08333333333333334
11 0.62375 0.4716666666666667 0.07 0.06666666666666667
11 0.540625 0.40750000000000003 0.06375 0.08166666666666667
11 0.49312500000000004 0.3725 0.06625 0.065
11 0.615 0.3491666666666667 0.05 0.07500000000000001
11 0.5806250000000001 0.3125 0.051250000000000004 0.08166666666666667
11 0.610625 0.26333333333333336 0.058750000000000004 0.08666666666666667
11 0.47750000000000004 0.26416666666666666 0.0475 0.08166666666666667
11 0.43375 0.2891666666666667 0.045 0.07833333333333334
11 0.41250000000000003 0.34750000000000003 0.06 0.07833333333333334
11 0.3375 0.4675 0.06 0.07166666666666667
11 0.358125 0.4291666666666667 0.06625 0.06166666666666667
11 0.34500000000000003 0.36500000000000005 0.0675 0.06666666666666667
11 0.28125 0.3766666666666667 0.075 0.05666666666666667
11 0.293125 0.43500000000000005 0.05625 0.07333333333333333
11 0.20125 0.37833333333333335 0.05 0.08333333333333334
