11 0.305 0.33166666666666667 0.055 0.07666666666666667
20 0.1675 0.42000000000000004 0.0375 0.07666666666666667
18 0.080625 0.455 0.03875 0.03333333333333333
18 0.095625 0.555 0.02625 0.04
18 0.110625 0.5891666666666667 0.03625 0.028333333333333335
18 0.1875 0.5991666666666667 0.0275 0.058333333333333334
18 0.3375 0.5675 0.0325 0.021666666666666667
18 0.121875 0.7583333333333334 0.02875 0.04666666666666667
18 0.19625 0.8091666666666667 0.04 0.04833333333333334
18 0.353125 0.8066666666666668 0.04125 0.04
18 0.230625 0.88 0.03125 0.05666666666666667
18 0.4675 0.8491666666666667 0.03 0.04833333333333334
18 0.56125 0.9308333333333334 0.0325 0.045000000000000005
18 0.79125 0.6933333333333334 0.03 0.05333333333333334
