10 0.726483 0.747426 0.078002 0.117086
0 0.190219 0.724758 0.094754 0.098000
0 0.349651 0.837881 0.063062 0.100126
0 0.287074 0.847468 0.064032 0.103963
0 0.423547 0.781427 0.071146 0.108224
0 0.262371 0.548643 0.078702 0.104306
0 0.405803 0.423173 0.076838 0.097555
0 0.453303 0.523794 0.053554 0.086509
0 0.521060 0.713382 0.060540 0.073014
0 0.595337 0.788236 0.047034 0.084055
0 0.748548 0.643437 0.056348 0.082827
0 0.881968 0.776885 0.081960 0.114119
0 0.577641 0.917697 0.059142 0.097555
0 0.713622 0.177750 0.093604 0.075468
0 0.629099 0.195850 0.062402 0.111668
0 0.680558 0.320708 0.063800 0.095101
0 0.737168 0.233375 0.059828 0.033375
9 0.512073 0.391564 0.049674 0.078227
9 0.561746 0.555433 0.057436 0.037834
9 0.553596 0.881639 0.038808 0.030677
0 0.635674 0.915640 0.050060 0.080271
0 0.493833 0.518365 0.034150 0.080271
0 0.602881 0.571285 0.052778 0.069536
0 0.393875 0.209444 0.079130 0.095420
0 0.440146 0.254503 0.064376 0.086582
8 0.584658 0.219603 0.061024 0.119275
