27 0.23875000000000002 0.09333333333333334 0.0425 0.04666666666666667
27 0.265625 0.11916666666666667 0.02375 0.06166666666666667
27 0.4175 0.39583333333333337 0.0325 0.085
27 0.42875 0.7808333333333334 0.0525 0.058333333333333334
27 0.625 0.6475000000000001 0.035 0.07500000000000001
27 0.67375 0.5458333333333334 0.0525 0.05166666666666667
27 0.74 0.43750000000000006 0.05 0.065
27 0.6481250000000001 0.405 0.051250000000000004 0.05
27 0.8375 0.37333333333333335 0.04 0.07
11 0.58 0.18416666666666667 0.04 0.06166666666666667
11 0.6168750000000001 0.155 0.03875 0.07333333333333333
11 0.645625 0.135 0.02875 0.05666666666666667
11 0.7418750000000001 0.20083333333333334 0.03875 0.065
11 0.67 0.4991666666666667 0.04 0.065
11 0.83125 0.5483333333333333 0.035 0.060000000000000005
11 0.595 0.6258333333333334 0.0325 0.065
11 0.634375 0.8091666666666667 0.03375 0.07166666666666667
11 0.37 0.8716666666666667 0.05 0.043333333333333335
11 0.28250000000000003 0.6675000000000001 0.0475 0.07166666666666667
11 0.445625 0.5591666666666667 0.03625 0.07166666666666667
11 0.22 0.4991666666666667 0.045 0.055
11 0.42125 0.10416666666666667 0.0425 0.065
11 0.35125 0.04666666666666667 0.03 0.05333333333333334
11 0.316875 0.06166666666666667 0.03125 0.05666666666666667
11 0.28 0.05416666666666667 0.04 0.045000000000000005
11 0.384375 0.02416666666666667 0.03625 0.05166666666666667
18 0.420625 0.17083333333333334 0.03125 0.045000000000000005
18 0.3925 0.21666666666666667 0.0275 0.043333333333333335
18 0.338125 0.21333333333333335 0.03625 0.03666666666666667
18 0.34625 0.26166666666666666 0.0375 0.03666666666666667
18 0.35375 0.2891666666666667 0.0375 0.04166666666666667
18 0.47875 0.2808333333333333 0.0325 0.04166666666666667
18 0.48812500000000003 0.39333333333333337 0.03375 0.05
18 0.335625 0.38333333333333336 0.03375 0.03333333333333333
18 0.350625 0.43583333333333335 0.02625 0.03833333333333334
18 0.275625 0.51 0.03875 0.03666666666666667
18 0.231875 0.4758333333333334 0.02375 0.04166666666666667
18 0.305625 0.5125000000000001 0.03125 0.04166666666666667
18 0.326875 0.5025000000000001 0.03125 0.035
18 0.380625 0.5133333333333334 0.03875 0.04
18 0.36125 0.5308333333333334 0.025 0.03833333333333334
18 0.304375 0.5816666666666667 0.03375 0.04666666666666667
18 0.34125 0.6108333333333333 0.03 0.05166666666666667
18 0.275 0.6041666666666667 0.04 0.045000000000000005
18 0.44375000000000003 0.6241666666666668 0.0325 0.045000000000000005
18 0.205625 0.6725000000000001 0.02875 0.035
18 0.243125 0.7041666666666667 0.03125 0.04833333333333334
18 0.460625 0.6716666666666667 0.03125 0.04
18 0.481875 0.7033333333333334 0.043750000000000004 0.04
18 0.393125 0.6891666666666667 0.03625 0.04166666666666667
18 0.355 0.8058333333333334 0.0375 0.055
18 0.37 0.8991666666666667 0.0325 0.03166666666666667
18 0.5593750000000001 0.8558333333333333 0.02625 0.04166666666666667
18 0.54625 0.8275 0.0375 0.021666666666666667
18 0.599375 0.8508333333333334 0.02625 0.03833333333333334
18 0.574375 0.7783333333333334 0.02625 0.04666666666666667
18 0.6793750000000001 0.7625000000000001 0.03625 0.04166666666666667
18 0.6825 0.7116666666666667 0.0325 0.03666666666666667
18 0.7212500000000001 0.5975 0.035 0.04833333333333334
18 0.775 0.54 0.0275 0.043333333333333335
18 0.574375 0.4966666666666667 0.03875 0.043333333333333335
18 0.7312500000000001 0.3141666666666667 0.025 0.045000000000000005
24 0.40125 0.5625 0.07 0.085
19 0.389375 0.45333333333333337 0.04125 0.06666666666666667
19 0.67875 0.5941666666666667 0.035 0.065
18 0.6481250000000001 0.5866666666666667 0.02125 0.05333333333333334
