27 0.48125 0.515 0.06 0.05666666666666667
27 0.781875 0.5950000000000001 0.05625 0.05666666666666667
27 0.784375 0.765 0.02625 0.07
11 0.7575000000000001 0.7208333333333333 0.0425 0.04833333333333334
11 0.74375 0.7625000000000001 0.0425 0.045000000000000005
19 0.610625 0.09333333333333334 0.04625 0.05333333333333334
19 0.628125 0.18500000000000003 0.03875 0.07666666666666667
26 0.47000000000000003 0.2733333333333334 0.04 0.03666666666666667
26 0.403125 0.38083333333333336 0.03625 0.05166666666666667
26 0.39625 0.41500000000000004 0.04 0.03333333333333333
26 0.371875 0.7125 0.03125 0.04166666666666667
18 0.26875 0.6116666666666667 0.0325 0.04666666666666667
26 0.336875 0.6108333333333333 0.03625 0.03833333333333334
18 0.359375 0.21333333333333335 0.03375 0.043333333333333335
26 0.251875 0.155 0.03625 0.03666666666666667
26 0.52625 0.22583333333333336 0.0425 0.028333333333333335
26 0.635625 0.4058333333333334 0.03125 0.03833333333333334
