9 0.415347 0.172861 0.041020 0.047129
9 0.186583 0.294270 0.041692 0.065773
9 0.325854 0.883497 0.033477 0.038438
9 0.306935 0.771530 0.033222 0.041779
9 0.131314 0.979935 0.049199 0.040130
9 0.240986 0.599298 0.030678 0.042353
9 0.142600 0.875142 0.035251 0.043784
8 0.421158 0.431920 0.030435 0.119522
2 0.051859 0.663741 0.053258 0.052139
2 0.113972 0.592991 0.031041 0.057355
2 0.168597 0.613244 0.044737 0.064172
2 0.216560 0.454820 0.038953 0.055350
2 0.323227 0.512175 0.044737 0.043314
2 0.232385 0.556896 0.041998 0.045322
2 0.384548 0.493725 0.040780 0.056149
2 0.340086 0.300006 0.046256 0.050538
2 0.385126 0.202343 0.038347 0.051740
2 0.571557 0.328282 0.038650 0.054144
2 0.630566 0.463444 0.045956 0.064571
2 0.589938 0.484098 0.041389 0.062566
2 0.442295 0.731876 0.045041 0.041712
2 0.672121 0.843865 0.049331 0.054547
2 0.761425 0.892596 0.048389 0.042914
2 0.598378 0.891554 0.033984 0.067181
2 0.407946 0.907596 0.033474 0.061835
2 0.339194 0.847434 0.031446 0.035761
2 0.250711 0.852448 0.045143 0.031079
2 0.159529 0.826016 0.038956 0.056153
2 0.297237 0.694063 0.030735 0.056153
2 0.219205 0.801423 0.035578 0.031333
2 0.389418 0.439943 0.038344 0.047327
1 0.234454 0.346291 0.064821 0.054947
3 0.217625 0.702564 0.067864 0.072594
3 0.284881 0.567003 0.062388 0.056552
3 0.542493 0.431238 0.065125 0.070589
3 0.539383 0.365775 0.058431 0.043800
3 0.570606 0.205504 0.062448 0.061123
3 0.289044 0.422807 0.061719 0.076046
3 0.455207 0.465884 0.061719 0.067861
13 0.208593 0.755380 0.091299 0.086631
9 0.460101 0.517236 0.043093 0.043796
9 0.555599 0.498225 0.033963 0.047165
9 0.691085 0.543707 0.030312 0.067865
9 0.609464 0.326404 0.037249 0.049091
