11 0.281875 0.1 0.06375 0.05666666666666667
18 0.256875 0.22333333333333336 0.03125 0.03333333333333333
18 0.16375 0.42000000000000004 0.0275 0.04666666666666667
18 0.12687500000000002 0.4425 0.02875 0.045000000000000005
18 0.105625 0.49833333333333335 0.03625 0.04666666666666667
18 0.146875 0.5016666666666667 0.02625 0.04
18 0.165625 0.53 0.03125 0.04
18 0.0325 0.5133333333333334 0.0275 0.04
20 0.085625 0.5791666666666667 0.03375 0.06166666666666667
18 0.140625 0.5875 0.02875 0.04166666666666667
18 0.160625 0.6208333333333333 0.02625 0.035
18 0.17250000000000001 0.6683333333333333 0.03 0.04666666666666667
18 0.15 0.6933333333333334 0.035 0.043333333333333335
18 0.111875 0.7016666666666667 0.02125 0.04666666666666667
18 0.128125 0.7308333333333333 0.01875 0.045000000000000005
18 0.163125 0.7883333333333333 0.02625 0.05
18 0.19187500000000002 0.7191666666666667 0.03125 0.04833333333333334
18 0.16 0.7408333333333333 0.025 0.03833333333333334
18 0.2125 0.79 0.0325 0.03666666666666667
18 0.211875 0.7625000000000001 0.02375 0.035
20 0.22125 0.8291666666666667 0.03 0.04833333333333334
18 0.201875 0.8575 0.03125 0.03833333333333334
18 0.2525 0.8358333333333334 0.0325 0.04166666666666667
18 0.244375 0.8033333333333333 0.02125 0.03666666666666667
18 0.26875 0.8108333333333334 0.03 0.03833333333333334
18 0.32875 0.7941666666666667 0.03 0.04833333333333334
18 0.326875 0.8333333333333334 0.03625 0.04
20 0.289375 0.8583333333333334 0.03375 0.03666666666666667
18 0.258125 0.9116666666666667 0.03375 0.04666666666666667
18 0.279375 0.8916666666666667 0.02875 0.05
18 0.376875 0.8975000000000001 0.02625 0.045000000000000005
18 0.401875 0.765 0.03875 0.05
19 0.3575 0.7566666666666667 0.045 0.09666666666666668
20 0.45437500000000003 0.9266666666666667 0.043750000000000004 0.07
18 0.453125 0.8825000000000001 0.02875 0.045000000000000005
18 0.451875 0.9783333333333334 0.02875 0.04
18 0.6125 0.8758333333333334 0.0425 0.04833333333333334
18 0.75625 0.6141666666666667 0.0325 0.05166666666666667
18 0.68375 0.6616666666666667 0.0325 0.04
