18 0.30875 0.17083333333333334 0.025 0.04166666666666667
18 0.2225 0.33666666666666667 0.0325 0.043333333333333335
18 0.285625 0.34833333333333333 0.02375 0.03666666666666667
18 0.345625 0.30333333333333334 0.03375 0.043333333333333335
18 0.70875 0.15666666666666668 0.03 0.04
23 0.45937500000000003 0.22 0.051250000000000004 0.07666666666666667
23 0.485 0.2316666666666667 0.04 0.060000000000000005
23 0.368125 0.3383333333333334 0.04625 0.04666666666666667
23 0.3525 0.4591666666666667 0.04 0.06166666666666667
23 0.445625 0.4866666666666667 0.03625 0.06333333333333334
19 0.326875 0.47750000000000004 0.04125 0.06166666666666667
27 0.624375 0.11083333333333334 0.04625 0.055
22 0.3875 0.37083333333333335 0.0425 0.03166666666666667
