18 0.33437500000000003 0.19 0.02625 0.05
18 0.28250000000000003 0.3075 0.0375 0.04166666666666667
11 0.316875 0.36250000000000004 0.051250000000000004 0.08833333333333333
11 0.178125 0.4708333333333334 0.04625 0.08833333333333333
11 0.42812500000000003 0.5925 0.05625 0.08166666666666667
11 0.4475 0.9666666666666667 0.0725 0.05333333333333334
18 0.766875 0.7200000000000001 0.03875 0.060000000000000005
18 0.6875 0.6075 0.04 0.04166666666666667
11 0.77375 0.5 0.0475 0.07
18 0.469375 0.12250000000000001 0.03875 0.045000000000000005
18 0.450625 0.14833333333333334 0.02875 0.05
11 0.948125 0.32666666666666666 0.02875 0.07
11 0.9 0.56 0.055 0.060000000000000005
18 0.97875 0.5375000000000001 0.0175 0.04833333333333334
18 0.944375 0.7541666666666668 0.03375 0.05166666666666667
