23 0.67625 0.21750000000000003 0.03 0.03833333333333334
18 0.74125 0.18583333333333335 0.025 0.035
25 0.7831250000000001 0.28833333333333333 0.043750000000000004 0.06666666666666667
20 0.715 0.31833333333333336 0.04 0.02666666666666667
18 0.70875 0.34750000000000003 0.03 0.03833333333333334
24 0.73 0.3441666666666667 0.0225 0.04833333333333334
18 0.7625000000000001 0.395 0.0225 0.030000000000000002
21 0.758125 0.4575 0.04875 0.058333333333333334
25 0.63625 0.41250000000000003 0.0475 0.06833333333333334
25 0.713125 0.41250000000000003 0.04125 0.06166666666666667
25 0.713125 0.5375000000000001 0.05375 0.06166666666666667
18 0.7831250000000001 0.4033333333333334 0.02125 0.03666666666666667
