13 0.24 0.4691666666666667 0.045 0.085
13 0.16625 0.6691666666666667 0.06 0.065
21 0.284375 0.8516666666666667 0.058750000000000004 0.10666666666666667
21 0.34750000000000003 0.8558333333333333 0.065 0.08833333333333333
2 0.341875 0.9083333333333334 0.02625 0.030000000000000002
13 0.9031250000000001 0.33166666666666667 0.04875 0.08
13 0.8356250000000001 0.5325000000000001 0.04625 0.06166666666666667
1 0.860625 0.4316666666666667 0.04875 0.04666666666666667
19 0.7575000000000001 0.22416666666666668 0.045 0.08833333333333333
19 0.311875 0.0675 0.02875 0.058333333333333334
1 0.373125 0.20750000000000002 0.02375 0.06166666666666667
