29 0.44625000000000004 0.12916666666666668 0.06 0.095
20 0.405 0.17833333333333334 0.04 0.07333333333333333
22 0.435625 0.165 0.03375 0.060000000000000005
22 0.49 0.08833333333333333 0.05 0.02666666666666667
22 0.291875 0.15333333333333335 0.02875 0.04666666666666667
22 0.284375 0.21000000000000002 0.02375 0.06333333333333334
22 0.17625 0.23083333333333333 0.02 0.058333333333333334
22 0.25 0.2366666666666667 0.0425 0.03333333333333333
22 0.26625 0.27 0.0425 0.04666666666666667
22 0.338125 0.24500000000000002 0.03875 0.05666666666666667
22 0.42 0.28750000000000003 0.04 0.04166666666666667
22 0.416875 0.32583333333333336 0.04875 0.03833333333333334
22 0.5025000000000001 0.35750000000000004 0.0375 0.06166666666666667
22 0.384375 0.37583333333333335 0.02875 0.065
22 0.350625 0.4291666666666667 0.03875 0.035
22 0.173125 0.3975 0.043750000000000004 0.028333333333333335
19 0.204375 0.43583333333333335 0.051250000000000004 0.055
22 0.32375 0.5216666666666667 0.025 0.06666666666666667
22 0.3125 0.6041666666666667 0.025 0.06166666666666667
22 0.416875 0.5366666666666667 0.03875 0.05666666666666667
11 0.52375 0.46416666666666667 0.0575 0.07500000000000001
22 0.560625 0.4841666666666667 0.03625 0.045000000000000005
22 0.52625 0.5291666666666667 0.045 0.03833333333333334
22 0.8612500000000001 0.8750000000000001 0.02 0.05
22 0.68625 0.55 0.04 0.03666666666666667
22 0.808125 0.4941666666666667 0.04625 0.03833333333333334
11 0.669375 0.67 0.05625 0.07
22 0.720625 0.395 0.03875 0.043333333333333335
22 0.600625 0.39916666666666667 0.03875 0.045000000000000005
7 0.7075 0.2775 0.10250000000000001 0.07166666666666667
22 0.8825000000000001 0.1366666666666667 0.035 0.02666666666666667
22 0.905 0.18000000000000002 0.0375 0.03666666666666667
22 0.79625 0.19 0.0425 0.030000000000000002
22 0.78125 0.24000000000000002 0.0425 0.043333333333333335
22 0.689375 0.17916666666666667 0.03625 0.03833333333333334
22 0.68375 0.21833333333333335 0.04 0.03666666666666667
22 0.61 0.1675 0.03 0.04833333333333334
22 0.566875 0.17333333333333334 0.03625 0.060000000000000005
22 0.28875 0.48500000000000004 0.0225 0.04666666666666667
