7 0.46187500000000004 0.18083333333333335 0.08875 0.14166666666666666
7 0.225 0.41750000000000004 0.115 0.12166666666666667
7 0.2725 0.5008333333333334 0.0575 0.13166666666666668
7 0.404375 0.6675000000000001 0.06875 0.14833333333333334
7 0.358125 0.7758333333333334 0.11125 0.07500000000000001
7 0.52875 0.8858333333333334 0.08 0.12833333333333335
7 0.30625 0.8841666666666668 0.0725 0.14500000000000002
24 0.2975 0.47500000000000003 0.065 0.09666666666666668
7 0.92 0.06916666666666667 0.07 0.09166666666666667
7 0.860625 0.030000000000000002 0.06375 0.060000000000000005
