19 0.429375 0.16333333333333333 0.03625 0.06666666666666667
19 0.4025 0.14333333333333334 0.035 0.03333333333333333
19 0.48562500000000003 0.23750000000000002 0.04125 0.055
19 0.564375 0.25083333333333335 0.03875 0.06166666666666667
19 0.5475 0.19166666666666668 0.0425 0.04666666666666667
19 0.61625 0.17833333333333334 0.035 0.043333333333333335
19 0.63 0.21083333333333334 0.035 0.07166666666666667
19 0.595625 0.31583333333333335 0.04625 0.065
19 0.5750000000000001 0.3241666666666667 0.03 0.045000000000000005
24 0.525625 0.27666666666666667 0.05625 0.05333333333333334
18 0.583125 0.24666666666666667 0.02875 0.043333333333333335
19 0.6775 0.24416666666666667 0.0325 0.058333333333333334
19 0.655 0.26416666666666666 0.0375 0.04833333333333334
19 0.6637500000000001 0.29583333333333334 0.045 0.04833333333333334
21 0.70125 0.2758333333333334 0.035 0.06166666666666667
21 0.725625 0.25333333333333335 0.04625 0.05666666666666667
24 0.7175 0.29250000000000004 0.0325 0.058333333333333334
24 0.729375 0.33666666666666667 0.043750000000000004 0.04666666666666667
19 0.646875 0.35083333333333333 0.04875 0.055
19 0.686875 0.3433333333333334 0.03125 0.04666666666666667
19 0.695625 0.3791666666666667 0.05375 0.03833333333333334
19 0.7425 0.37833333333333335 0.0375 0.04666666666666667
21 0.77 0.37000000000000005 0.0325 0.05666666666666667
19 0.786875 0.4116666666666667 0.03875 0.043333333333333335
19 0.759375 0.41000000000000003 0.02625 0.03666666666666667
19 0.734375 0.42583333333333334 0.04125 0.055
19 0.699375 0.4666666666666667 0.058750000000000004 0.03333333333333333
19 0.608125 0.44 0.03875 0.05333333333333334
19 0.65375 0.3875 0.04 0.04833333333333334
19 0.596875 0.3741666666666667 0.03875 0.045000000000000005
11 0.601875 0.37333333333333335 0.02375 0.04
21 0.629375 0.3983333333333334 0.043750000000000004 0.060000000000000005
19 0.649375 0.47500000000000003 0.02625 0.04666666666666667
19 0.6575 0.5083333333333334 0.04 0.043333333333333335
19 0.704375 0.5025000000000001 0.03375 0.035
19 0.7312500000000001 0.5083333333333334 0.04 0.04666666666666667
19 0.75125 0.5391666666666667 0.0325 0.07166666666666667
19 0.6075 0.4816666666666667 0.045 0.05333333333333334
19 0.535 0.54 0.05 0.05333333333333334
19 0.57125 0.5233333333333333 0.03 0.05333333333333334
19 0.575625 0.5633333333333334 0.03625 0.07
21 0.615625 0.5658333333333334 0.05375 0.07166666666666667
21 0.6325000000000001 0.5358333333333334 0.0375 0.06166666666666667
19 0.644375 0.6225 0.04875 0.058333333333333334
19 0.719375 0.5758333333333334 0.04125 0.06166666666666667
19 0.765 0.6008333333333333 0.0325 0.065
19 0.69625 0.5991666666666667 0.045 0.04833333333333334
19 0.7156250000000001 0.6158333333333333 0.03625 0.06166666666666667
19 0.63375 0.6283333333333334 0.035 0.05
19 0.5525 0.6283333333333334 0.04 0.06666666666666667
19 0.56125 0.6483333333333334 0.0325 0.05
19 0.558125 0.6825 0.02375 0.05166666666666667
19 0.609375 0.6683333333333333 0.02375 0.05666666666666667
24 0.690625 0.6716666666666667 0.03125 0.060000000000000005
19 0.670625 0.7591666666666668 0.04625 0.058333333333333334
19 0.6843750000000001 0.8108333333333334 0.05375 0.04166666666666667
19 0.558125 0.7666666666666667 0.03875 0.060000000000000005
19 0.5337500000000001 0.8275 0.0475 0.045000000000000005
19 0.56 0.8275 0.0275 0.045000000000000005
19 0.593125 0.8633333333333334 0.03375 0.043333333333333335
19 0.63625 0.7733333333333334 0.0375 0.06333333333333334
19 0.6975 0.7558333333333334 0.0325 0.04166666666666667
24 0.67 0.6766666666666667 0.04 0.060000000000000005
24 0.48812500000000003 0.6541666666666667 0.03875 0.028333333333333335
24 0.475625 0.6975 0.03625 0.04166666666666667
24 0.406875 0.68 0.03875 0.04666666666666667
24 0.34750000000000003 0.6875 0.045 0.058333333333333334
24 0.36562500000000003 0.6575000000000001 0.03625 0.04166666666666667
24 0.308125 0.77 0.03875 0.04666666666666667
21 0.35375 0.7941666666666667 0.0425 0.07833333333333334
21 0.45 0.775 0.055 0.07
28 0.4925 0.7325 0.04 0.04833333333333334
19 0.409375 0.7675000000000001 0.03625 0.035
19 0.388125 0.8375 0.03625 0.058333333333333334
19 0.460625 0.8125 0.043750000000000004 0.04166666666666667
19 0.3875 0.8691666666666668 0.035 0.021666666666666667
24 0.41625 0.885 0.0425 0.043333333333333335
19 0.51625 0.8650000000000001 0.03 0.04
19 0.449375 0.7216666666666667 0.03625 0.03666666666666667
21 0.4275 0.6841666666666667 0.045 0.055
19 0.45625 0.6316666666666667 0.04 0.07333333333333333
19 0.429375 0.5850000000000001 0.03625 0.04666666666666667
19 0.386875 0.5800000000000001 0.03375 0.07333333333333333
19 0.34125 0.6083333333333334 0.0275 0.05333333333333334
19 0.3225 0.6341666666666667 0.0375 0.065
19 0.27625 0.5625 0.045 0.055
19 0.3275 0.5183333333333333 0.05 0.05
24 0.48812500000000003 0.45833333333333337 0.04125 0.05666666666666667
18 0.564375 0.4341666666666667 0.02375 0.035
18 0.48812500000000003 0.4058333333333334 0.03375 0.03833333333333334
18 0.243125 0.33416666666666667 0.01875 0.035
19 0.2025 0.36833333333333335 0.04 0.05333333333333334
19 0.1825 0.395 0.03 0.04666666666666667
