11 0.734375 0.3141666666666667 0.05625 0.055
11 0.719375 0.3666666666666667 0.05625 0.05666666666666667
11 0.624375 0.54 0.05625 0.05666666666666667
11 0.625625 0.8133333333333334 0.04875 0.06333333333333334
27 0.75625 0.78 0.055 0.04666666666666667
26 0.434375 0.08166666666666667 0.03625 0.03333333333333333
26 0.5181250000000001 0.08666666666666667 0.02625 0.03666666666666667
18 0.35125 0.13166666666666668 0.04 0.02666666666666667
26 0.36062500000000003 0.28 0.03125 0.03666666666666667
18 0.309375 0.24416666666666667 0.03375 0.03166666666666667
26 0.52 0.35000000000000003 0.0275 0.03666666666666667
18 0.241875 0.36833333333333335 0.03875 0.043333333333333335
26 0.418125 0.465 0.03125 0.030000000000000002
26 0.36 0.4916666666666667 0.025 0.05
18 0.253125 0.6075 0.03125 0.04166666666666667
18 0.27125 0.4991666666666667 0.0175 0.035
18 0.275625 0.66 0.02625 0.04
26 0.225625 0.7508333333333334 0.02875 0.03166666666666667
26 0.48 0.5675 0.03 0.05166666666666667
19 0.41000000000000003 0.6475000000000001 0.0475 0.06833333333333334
23 0.43625 0.6858333333333334 0.0525 0.05166666666666667
26 0.35000000000000003 0.8016666666666667 0.02 0.05
26 0.46875 0.8550000000000001 0.025 0.05
26 0.744375 0.67 0.03375 0.04
