31 0.42875 0.2275 0.0425 0.055
20 0.18375 0.3408333333333334 0.0475 0.058333333333333334
24 0.1525 0.29333333333333333 0.06 0.08666666666666667
24 0.199375 0.5625 0.06125 0.08833333333333333
24 0.17250000000000001 0.5191666666666667 0.0625 0.08166666666666667
24 0.135 0.5325000000000001 0.0725 0.065
20 0.08 0.5533333333333333 0.04 0.06333333333333334
20 0.11375 0.5858333333333333 0.0325 0.04166666666666667
20 0.229375 0.6908333333333334 0.051250000000000004 0.07833333333333334
20 0.46 0.7141666666666667 0.05 0.07833333333333334
20 0.365 0.8841666666666668 0.0675 0.06166666666666667
24 0.379375 0.6783333333333333 0.058750000000000004 0.09333333333333334
24 0.42875 0.6283333333333334 0.0825 0.09666666666666668
24 0.290625 0.9166666666666667 0.05625 0.09000000000000001
24 0.45875 0.885 0.05 0.08333333333333334
24 0.495 0.9425000000000001 0.0675 0.07166666666666667
24 0.5075000000000001 0.7875000000000001 0.0675 0.09833333333333334
24 0.5575 0.5850000000000001 0.085 0.09666666666666668
24 0.650625 0.4216666666666667 0.08875 0.10666666666666667
20 0.673125 0.8975000000000001 0.05625 0.06833333333333334
18 0.76 0.6900000000000001 0.05 0.05
18 0.67125 0.6033333333333334 0.0375 0.060000000000000005
18 0.82125 0.6241666666666668 0.04 0.055
