12 0.271939 0.373774 0.022521 0.046064
12 0.172407 0.466604 0.041422 0.026792
12 0.384544 0.548625 0.038606 0.039483
12 0.572952 0.567194 0.041422 0.036191
12 0.531329 0.738285 0.032979 0.054052
12 0.700233 0.662608 0.039409 0.046533
12 0.422345 0.395162 0.025736 0.055933
12 0.495135 0.370484 0.032979 0.044183
12 0.573554 0.377768 0.026542 0.057814
12 0.364837 0.285644 0.037803 0.048414
12 0.393389 0.230415 0.037803 0.023499
12 0.599695 0.156148 0.032979 0.031022
12 0.768198 0.105151 0.029760 0.054056
12 0.313965 0.119956 0.039010 0.036661
12 0.175624 0.196571 0.017292 0.049825
12 0.162513 0.221437 0.022120 0.045595
3 0.732230 0.415300 0.137737 0.132041
12 0.324219 0.048747 0.043433 0.057814
12 0.362021 0.046632 0.035391 0.039483
