11 0.076875 0.2575 0.06125 0.06833333333333334
11 0.06 0.3216666666666667 0.075 0.060000000000000005
11 0.4475 0.19333333333333336 0.0725 0.07
11 0.450625 0.265 0.06875 0.07666666666666667
11 0.438125 0.3383333333333334 0.06125 0.07
11 0.49125 0.3875 0.0475 0.08833333333333333
11 0.3875 0.325 0.0475 0.08666666666666667
11 0.34500000000000003 0.35750000000000004 0.0525 0.085
11 0.295625 0.3325 0.05375 0.08833333333333333
11 0.33 0.45083333333333336 0.0475 0.08166666666666667
11 0.368125 0.45333333333333337 0.05625 0.09666666666666668
11 0.33437500000000003 0.6083333333333334 0.06125 0.06666666666666667
11 0.33 0.7758333333333334 0.0675 0.07833333333333334
11 0.565625 0.15000000000000002 0.06625 0.05
11 0.558125 0.20500000000000002 0.06625 0.07
11 0.60875 0.5458333333333334 0.0525 0.09166666666666667
11 0.619375 0.7741666666666667 0.06625 0.06166666666666667
11 0.71 0.3225 0.055 0.08833333333333333
11 0.758125 0.20833333333333334 0.06125 0.08
11 0.853125 0.32083333333333336 0.051250000000000004 0.08833333333333333
11 0.80375 0.405 0.0675 0.07666666666666667
11 0.80625 0.8658333333333333 0.06 0.07500000000000001
27 0.80375 0.5433333333333333 0.055 0.1
18 0.260625 0.5225000000000001 0.03625 0.045000000000000005
18 0.18937500000000002 0.5433333333333333 0.03875 0.03333333333333333
18 0.1 0.5691666666666667 0.04 0.035
18 0.14625 0.6183333333333334 0.0325 0.05666666666666667
18 0.175625 0.6041666666666667 0.03125 0.04166666666666667
18 0.155 0.7050000000000001 0.0325 0.05
18 0.161875 0.7616666666666667 0.03375 0.05
18 0.1975 0.8083333333333333 0.025 0.04666666666666667
18 0.18937500000000002 0.8483333333333334 0.03875 0.03333333333333333
18 0.2175 0.8058333333333334 0.0325 0.045000000000000005
18 0.24875 0.7941666666666667 0.0325 0.05166666666666667
18 0.261875 0.7658333333333334 0.03375 0.045000000000000005
18 0.348125 0.8183333333333334 0.03375 0.05
18 0.369375 0.7933333333333333 0.03375 0.04666666666666667
18 0.409375 0.6975 0.03375 0.03833333333333334
18 0.431875 0.7616666666666667 0.03875 0.04
18 0.45 0.8041666666666667 0.035 0.04833333333333334
18 0.465625 0.8625 0.03125 0.04833333333333334
18 0.481875 0.9458333333333334 0.04125 0.03833333333333334
18 0.67875 0.9775 0.035 0.03166666666666667
18 0.716875 0.8575 0.03625 0.045000000000000005
18 0.625625 0.8433333333333334 0.03625 0.04666666666666667
18 0.6825 0.795 0.035 0.043333333333333335
18 0.563125 0.7558333333333334 0.02625 0.05166666666666667
18 0.570625 0.7141666666666667 0.03375 0.04833333333333334
18 0.61125 0.7266666666666667 0.0275 0.04666666666666667
18 0.58375 0.675 0.0375 0.03333333333333333
18 0.603125 0.6983333333333334 0.043750000000000004 0.03333333333333333
18 0.635625 0.7250000000000001 0.03125 0.05333333333333334
18 0.6531250000000001 0.6841666666666667 0.03375 0.045000000000000005
24 0.656875 0.6158333333333333 0.051250000000000004 0.10166666666666667
18 0.7825 0.7333333333333334 0.04 0.04
18 0.7775 0.6925 0.04 0.035
18 0.770625 0.6591666666666667 0.04125 0.03833333333333334
18 0.630625 0.5141666666666667 0.02875 0.05166666666666667
24 0.730625 0.4491666666666667 0.051250000000000004 0.09166666666666667
24 0.620625 0.21333333333333335 0.07875 0.08
18 0.949375 0.30833333333333335 0.02625 0.04
