11 0.45125 0.02416666666666667 0.07 0.05166666666666667
11 0.355 0.04583333333333334 0.055 0.07833333333333334
11 0.385 0.095 0.05 0.05666666666666667
11 0.351875 0.15583333333333335 0.05375 0.08833333333333333
11 0.39625 0.21583333333333335 0.0625 0.065
11 0.31875000000000003 0.23333333333333334 0.0775 0.06333333333333334
11 0.2725 0.18666666666666668 0.0575 0.07333333333333333
11 0.299375 0.1325 0.06625 0.08833333333333333
11 0.093125 0.21250000000000002 0.043750000000000004 0.08166666666666667
11 0.129375 0.24416666666666667 0.043750000000000004 0.07500000000000001
11 0.2325 0.2341666666666667 0.0575 0.058333333333333334
11 0.1925 0.335 0.06 0.07333333333333333
11 0.07187500000000001 0.4675 0.06125 0.065
11 0.72 0.135 0.0425 0.1
11 0.4875 0.35583333333333333 0.0675 0.07166666666666667
11 0.550625 0.30583333333333335 0.07625 0.07500000000000001
11 0.60875 0.3141666666666667 0.055 0.09166666666666667
11 0.544375 0.3691666666666667 0.06375 0.06166666666666667
11 0.75625 0.3691666666666667 0.065 0.06833333333333334
11 0.6575 0.4491666666666667 0.0525 0.065
11 0.730625 0.445 0.07125000000000001 0.07333333333333333
11 0.810625 0.49750000000000005 0.06375 0.08166666666666667
11 0.87 0.5750000000000001 0.0625 0.06666666666666667
11 0.740625 0.5941666666666667 0.051250000000000004 0.08166666666666667
11 0.7156250000000001 0.5216666666666667 0.05375 0.07333333333333333
11 0.50625 0.43333333333333335 0.0525 0.07666666666666667
11 0.551875 0.43250000000000005 0.051250000000000004 0.08166666666666667
11 0.45437500000000003 0.5191666666666667 0.04875 0.08833333333333333
11 0.538125 0.5191666666666667 0.05375 0.07833333333333334
11 0.355625 0.5833333333333334 0.04625 0.08666666666666667
11 0.404375 0.5950000000000001 0.051250000000000004 0.07666666666666667
11 0.45875 0.6091666666666667 0.07 0.06833333333333334
11 0.525 0.6383333333333334 0.0575 0.060000000000000005
11 0.579375 0.6933333333333334 0.07125000000000001 0.04666666666666667
11 0.385625 0.665 0.06625 0.06666666666666667
11 0.316875 0.7991666666666667 0.04625 0.065
11 0.491875 0.7333333333333334 0.03875 0.07333333333333333
11 0.540625 0.7575000000000001 0.05375 0.09166666666666667
11 0.481875 0.7983333333333333 0.05625 0.05666666666666667
11 0.5 0.8591666666666667 0.0625 0.05166666666666667
11 0.56 0.935 0.0675 0.06666666666666667
11 0.6875 0.9375000000000001 0.0575 0.06166666666666667
18 0.26 0.275 0.04 0.043333333333333335
18 0.1775 0.28 0.035 0.05
18 0.208125 0.3866666666666667 0.03625 0.03333333333333333
18 0.19187500000000002 0.41833333333333333 0.02625 0.04
18 0.205625 0.4441666666666667 0.03125 0.055
18 0.241875 0.6216666666666667 0.03375 0.05
18 0.55875 0.5608333333333334 0.025 0.04166666666666667
18 0.635 0.9550000000000001 0.0275 0.04666666666666667
18 0.6875 0.655 0.0375 0.04
18 0.6531250000000001 0.6466666666666667 0.03125 0.05333333333333334
18 0.9081250000000001 0.29000000000000004 0.02875 0.04666666666666667
18 0.7831250000000001 0.05166666666666667 0.03125 0.043333333333333335
