19 0.43062500000000004 0.15416666666666667 0.03875 0.05166666666666667
19 0.450625 0.16416666666666668 0.03375 0.045000000000000005
19 0.47625 0.2225 0.04 0.045000000000000005
19 0.515625 0.2225 0.03625 0.05166666666666667
19 0.598125 0.2808333333333333 0.03875 0.065
19 0.62 0.2325 0.0475 0.05166666666666667
19 0.54 0.3458333333333334 0.0425 0.07166666666666667
25 0.516875 0.29750000000000004 0.04125 0.05166666666666667
19 0.63375 0.19833333333333333 0.0325 0.04666666666666667
19 0.68625 0.26 0.0425 0.060000000000000005
19 0.7106250000000001 0.28583333333333333 0.04125 0.058333333333333334
19 0.6375000000000001 0.41250000000000003 0.04 0.06166666666666667
19 0.696875 0.42083333333333334 0.02375 0.04833333333333334
19 0.716875 0.4425 0.03125 0.058333333333333334
19 0.740625 0.4866666666666667 0.03875 0.05333333333333334
19 0.675625 0.46 0.043750000000000004 0.05333333333333334
19 0.6425 0.46166666666666667 0.0375 0.04666666666666667
25 0.6775 0.3916666666666667 0.0375 0.05
19 0.599375 0.4966666666666667 0.03125 0.05333333333333334
19 0.6375000000000001 0.5475 0.05 0.05166666666666667
25 0.700625 0.5183333333333333 0.03125 0.060000000000000005
25 0.720625 0.5841666666666667 0.04875 0.058333333333333334
25 0.5650000000000001 0.5666666666666667 0.035 0.07333333333333333
25 0.584375 0.5816666666666667 0.043750000000000004 0.05666666666666667
25 0.646875 0.6916666666666668 0.043750000000000004 0.05333333333333334
25 0.6375000000000001 0.7408333333333333 0.04 0.05166666666666667
25 0.578125 0.6950000000000001 0.04875 0.05
24 0.60875 0.6725000000000001 0.035 0.04166666666666667
25 0.600625 0.6291666666666667 0.03875 0.065
19 0.51875 0.5391666666666667 0.0475 0.04833333333333334
19 0.508125 0.6783333333333333 0.03125 0.04
19 0.47875 0.7741666666666667 0.0325 0.055
19 0.448125 0.8116666666666668 0.03125 0.04666666666666667
19 0.473125 0.8500000000000001 0.03625 0.04666666666666667
19 0.34875 0.8316666666666667 0.0325 0.05
19 0.438125 0.7341666666666667 0.04125 0.04833333333333334
19 0.4175 0.775 0.04 0.04666666666666667
19 0.435 0.6533333333333333 0.035 0.07
19 0.39 0.7241666666666667 0.0475 0.055
19 0.3625 0.6983333333333334 0.05 0.05
19 0.401875 0.6191666666666668 0.03875 0.065
19 0.37625000000000003 0.6283333333333334 0.0375 0.03666666666666667
19 0.44125000000000003 0.5808333333333334 0.0375 0.06166666666666667
19 0.323125 0.6075 0.03625 0.065
19 0.294375 0.6325000000000001 0.03625 0.06166666666666667
19 0.28500000000000003 0.5375000000000001 0.04 0.045000000000000005
19 0.245625 0.39416666666666667 0.03375 0.06166666666666667
