7 0.700625 0.47000000000000003 0.09875 0.13
30 0.323125 0.20583333333333334 0.04125 0.05166666666666667
30 0.405625 0.24166666666666667 0.04125 0.07
30 0.49125 0.4691666666666667 0.045 0.058333333333333334
30 0.32125 0.47500000000000003 0.04 0.06333333333333334
30 0.23 0.6533333333333333 0.04 0.05333333333333334
30 0.253125 0.6758333333333334 0.04625 0.05166666666666667
30 0.2925 0.6741666666666667 0.045 0.05166666666666667
30 0.39375 0.8166666666666668 0.045 0.060000000000000005
30 0.29625 0.9516666666666668 0.04 0.05333333333333334
