24 0.38125000000000003 0.15666666666666668 0.04 0.04666666666666667
28 0.348125 0.2316666666666667 0.02875 0.07666666666666667
11 0.375625 0.24833333333333335 0.02625 0.06333333333333334
11 0.36375 0.28500000000000003 0.035 0.04666666666666667
11 0.32875 0.2941666666666667 0.0325 0.05166666666666667
28 0.41125 0.2516666666666667 0.0325 0.05
11 0.30312500000000003 0.39416666666666667 0.03625 0.03833333333333334
28 0.2725 0.5075000000000001 0.0425 0.065
11 0.205625 0.6083333333333334 0.02875 0.05
28 0.40125 0.7025 0.05 0.058333333333333334
11 0.4525 0.7725000000000001 0.0375 0.05166666666666667
11 0.438125 0.8958333333333334 0.02875 0.03833333333333334
28 0.56 0.7958333333333334 0.0425 0.058333333333333334
11 0.726875 0.7225 0.02875 0.035
11 0.661875 0.6708333333333334 0.03125 0.05166666666666667
28 0.615 0.7033333333333334 0.03 0.04666666666666667
23 0.61 0.64 0.0325 0.05333333333333334
11 0.58625 0.6033333333333334 0.0425 0.043333333333333335
26 0.665 0.5983333333333334 0.0175 0.03333333333333333
11 0.5675 0.47500000000000003 0.03 0.05666666666666667
11 0.53625 0.4658333333333334 0.04 0.03833333333333334
11 0.51375 0.5008333333333334 0.035 0.035
11 0.44375000000000003 0.5316666666666667 0.045 0.06333333333333334
11 0.779375 0.4791666666666667 0.02625 0.055
24 0.7000000000000001 0.4366666666666667 0.03 0.043333333333333335
11 0.676875 0.40750000000000003 0.03625 0.04166666666666667
11 0.618125 0.36750000000000005 0.043750000000000004 0.03833333333333334
11 0.578125 0.35833333333333334 0.03125 0.043333333333333335
11 0.49062500000000003 0.3591666666666667 0.03375 0.04833333333333334
11 0.5075000000000001 0.305 0.0425 0.04
11 0.705 0.2866666666666667 0.0225 0.05
11 0.729375 0.28750000000000003 0.02125 0.055
