21 0.52625 0.24000000000000002 0.0575 0.07
20 0.340625 0.22416666666666668 0.03875 0.04833333333333334
20 0.48 0.14583333333333334 0.035 0.06833333333333334
18 0.253125 0.2725 0.03875 0.04166666666666667
11 0.231875 0.33083333333333337 0.03875 0.065
20 0.404375 0.36000000000000004 0.043750000000000004 0.04666666666666667
21 0.3 0.39583333333333337 0.0575 0.085
23 0.32625 0.45083333333333336 0.0475 0.06166666666666667
18 0.30125 0.4516666666666667 0.03 0.03666666666666667
20 0.319375 0.48250000000000004 0.03625 0.045000000000000005
21 0.5325 0.44833333333333336 0.0775 0.09333333333333334
18 0.375 0.3891666666666667 0.03 0.045000000000000005
23 0.34375 0.4025 0.045 0.05166666666666667
23 0.33437500000000003 0.5625 0.04625 0.055
20 0.31375000000000003 0.5683333333333334 0.04 0.05
18 0.36375 0.6508333333333334 0.0325 0.04166666666666667
18 0.36562500000000003 0.6783333333333333 0.03125 0.04
24 0.6275000000000001 0.68 0.055 0.07
23 0.319375 0.7633333333333334 0.04625 0.05
