11 0.478125 0.25333333333333335 0.07375 0.06666666666666667
11 0.4475 0.4108333333333334 0.0525 0.095
11 0.379375 0.4191666666666667 0.06375 0.065
11 0.6950000000000001 0.4116666666666667 0.0675 0.06333333333333334
11 0.7262500000000001 0.4841666666666667 0.045 0.085
11 0.953125 0.32083333333333336 0.04875 0.06833333333333334
11 0.3425 0.8241666666666667 0.0625 0.058333333333333334
11 0.4475 0.8158333333333334 0.0725 0.07166666666666667
18 0.4475 0.16833333333333333 0.0375 0.08333333333333334
18 0.28750000000000003 0.41500000000000004 0.0425 0.043333333333333335
