22 0.274375 0.17500000000000002 0.03125 0.04666666666666667
22 0.17625 0.22583333333333336 0.0225 0.055
22 0.046875 0.4391666666666667 0.02125 0.055
22 0.108125 0.42583333333333334 0.01875 0.058333333333333334
22 0.14375000000000002 0.4416666666666667 0.035 0.02666666666666667
22 0.28125 0.4 0.035 0.043333333333333335
22 0.25875 0.4475 0.03 0.025
22 0.29875 0.48750000000000004 0.04 0.021666666666666667
22 0.33187500000000003 0.5241666666666667 0.03875 0.03833333333333334
22 0.36625 0.43333333333333335 0.025 0.05666666666666667
22 0.085 0.5825 0.0325 0.028333333333333335
22 0.3225 0.8550000000000001 0.0425 0.03666666666666667
22 0.33187500000000003 0.6783333333333333 0.02875 0.060000000000000005
22 0.354375 0.6283333333333334 0.043750000000000004 0.03666666666666667
22 0.436875 0.7858333333333334 0.02875 0.065
22 0.5175 0.3516666666666667 0.0275 0.07333333333333333
22 0.615625 0.4916666666666667 0.02375 0.05666666666666667
22 0.619375 0.5625 0.01125 0.03166666666666667
22 0.63875 0.7100000000000001 0.025 0.06333333333333334
22 0.194375 0.5108333333333334 0.02375 0.058333333333333334
