11 0.295625 0.2791666666666667 0.03875 0.04833333333333334
11 0.54875 0.4675 0.0375 0.05166666666666667
11 0.2425 0.47000000000000003 0.03 0.05333333333333334
11 0.198125 0.4691666666666667 0.02875 0.05166666666666667
11 0.42 0.6983333333333334 0.04 0.05
11 0.3725 0.7533333333333334 0.0375 0.03333333333333333
11 0.635 0.7316666666666667 0.02 0.05666666666666667
18 0.574375 0.325 0.03125 0.03666666666666667
18 0.691875 0.3141666666666667 0.01875 0.03833333333333334
18 0.76375 0.4425 0.015 0.025
18 0.756875 0.4683333333333334 0.02375 0.030000000000000002
18 0.680625 0.49250000000000005 0.02625 0.03833333333333334
18 0.65125 0.46416666666666667 0.0225 0.025
18 0.66125 0.42500000000000004 0.015 0.023333333333333334
18 0.72 0.5475 0.02 0.03166666666666667
18 0.7475 0.6308333333333334 0.0175 0.03166666666666667
18 0.640625 0.6216666666666667 0.02125 0.02666666666666667
18 0.5725 0.7233333333333334 0.0275 0.02666666666666667
18 0.564375 0.7458333333333333 0.02625 0.028333333333333335
18 0.6168750000000001 0.805 0.02625 0.016666666666666666
18 0.659375 0.7475 0.02125 0.03166666666666667
18 0.541875 0.6916666666666668 0.02375 0.030000000000000002
18 0.50625 0.6941666666666667 0.025 0.03833333333333334
18 0.50875 0.6358333333333334 0.0275 0.028333333333333335
18 0.468125 0.6975 0.02125 0.028333333333333335
18 0.505625 0.7633333333333334 0.02125 0.03333333333333333
18 0.50375 0.8183333333333334 0.02 0.02666666666666667
18 0.484375 0.805 0.02375 0.023333333333333334
18 0.470625 0.7858333333333334 0.02625 0.025
18 0.43875000000000003 0.775 0.0275 0.023333333333333334
18 0.409375 0.7725000000000001 0.02125 0.021666666666666667
18 0.43125 0.8 0.0225 0.02
18 0.465 0.8608333333333333 0.0225 0.028333333333333335
18 0.42 0.8275 0.02 0.028333333333333335
18 0.41000000000000003 0.8541666666666667 0.0225 0.025
18 0.400625 0.8258333333333334 0.01625 0.021666666666666667
18 0.39375 0.7808333333333334 0.0225 0.021666666666666667
18 0.319375 0.7525000000000001 0.02625 0.03833333333333334
18 0.29375 0.7666666666666667 0.025 0.023333333333333334
18 0.37 0.6341666666666667 0.025 0.045000000000000005
18 0.355625 0.6083333333333334 0.02875 0.030000000000000002
18 0.26937500000000003 0.46 0.02375 0.03333333333333333
18 0.28625 0.4658333333333334 0.0175 0.03166666666666667
18 0.224375 0.4941666666666667 0.02375 0.03166666666666667
27 0.33375 0.45833333333333337 0.03 0.060000000000000005
27 0.2025 0.385 0.0325 0.05
18 0.383125 0.8583333333333334 0.02125 0.02666666666666667
18 0.56125 0.8625 0.0175 0.025
