24 0.676875 0.21250000000000002 0.051250000000000004 0.058333333333333334
24 0.669375 0.2541666666666667 0.04625 0.058333333333333334
24 0.640625 0.42333333333333334 0.05625 0.06333333333333334
24 0.68125 0.4541666666666667 0.0475 0.058333333333333334
24 0.754375 0.36750000000000005 0.04875 0.065
23 0.606875 0.3441666666666667 0.03375 0.07833333333333334
20 0.6475 0.515 0.025 0.05666666666666667
24 0.604375 0.5191666666666667 0.043750000000000004 0.06166666666666667
24 0.7156250000000001 0.5775 0.03625 0.065
24 0.7468750000000001 0.5666666666666667 0.043750000000000004 0.05666666666666667
24 0.649375 0.6691666666666667 0.04875 0.06166666666666667
24 0.5856250000000001 0.7141666666666667 0.04875 0.055
24 0.610625 0.7633333333333334 0.043750000000000004 0.07
20 0.593125 0.5966666666666667 0.02625 0.03666666666666667
24 0.60375 0.8191666666666667 0.0425 0.055
24 0.400625 0.8683333333333334 0.04125 0.04666666666666667
24 0.351875 0.7991666666666667 0.043750000000000004 0.055
20 0.41375 0.805 0.0275 0.03333333333333333
20 0.28625 0.76 0.0225 0.03666666666666667
24 0.371875 0.6858333333333334 0.04875 0.06166666666666667
24 0.44875 0.6983333333333334 0.0475 0.05
24 0.448125 0.645 0.03875 0.09000000000000001
20 0.47500000000000003 0.31083333333333335 0.025 0.028333333333333335
