1 0.191303 0.371491 0.062263 0.074158
1 0.427602 0.483767 0.064043 0.057523
1 0.128151 0.380848 0.039135 0.073467
1 0.389949 0.247434 0.055148 0.075544
1 0.642256 0.169465 0.084202 0.049902
1 0.683469 0.299413 0.061074 0.088021
15 0.298926 0.169811 0.088945 0.114354
0 0.568729 0.373570 0.080644 0.085249
18 0.435014 0.185058 0.063448 0.081088
12 0.379868 0.506984 0.024311 0.037425
14 0.253268 0.594309 0.059297 0.079007
14 0.537302 0.468172 0.064040 0.045744
14 0.461698 0.445300 0.051587 0.063761
14 0.821335 0.250899 0.039135 0.082474
14 0.521292 0.265107 0.042695 0.063761
14 0.392025 0.361442 0.055739 0.054060
14 0.386687 0.420351 0.055739 0.052670
14 0.342510 0.270651 0.029054 0.073467
14 0.382239 0.099465 0.069378 0.022175
14 0.190117 0.273769 0.051587 0.058909
14 0.242298 0.156297 0.039729 0.073467
14 0.282028 0.451886 0.032614 0.075544
12 0.472076 0.290402 0.027277 0.038119
14 0.458436 0.850395 0.064043 0.058912
