2 0.313574 0.826186 0.040236 0.048593
2 0.332574 0.889136 0.049176 0.040495
2 0.574824 0.588004 0.034088 0.067001
10 0.463339 0.426025 0.069294 0.106759
9 0.692457 0.726420 0.029058 0.053747
10 0.332294 0.479404 0.123500 0.079515
10 0.418074 0.605306 0.072648 0.151671
10 0.324471 0.585427 0.063146 0.108967
10 0.173030 0.593158 0.102264 0.074364
10 0.214382 0.501493 0.123500 0.082464
10 0.385663 0.356080 0.126294 0.108229
10 0.338162 0.255581 0.118472 0.070682
10 0.275015 0.353134 0.091646 0.103813
10 0.189235 0.373014 0.086618 0.105286
10 0.102618 0.414982 0.101148 0.161241
10 0.170235 0.268097 0.107854 0.072153
10 0.158500 0.177904 0.104500 0.071418
2 0.408854 0.299756 0.028500 0.050069
10 0.523133 0.601993 0.060354 0.143570
10 0.560295 0.812196 0.070970 0.161979
10 0.459427 0.755505 0.065942 0.153144
10 0.792487 0.717954 0.061470 0.161979
10 0.736883 0.680404 0.048618 0.144308
10 0.635456 0.652058 0.076000 0.090561
10 0.475354 0.915642 0.076560 0.150935
10 0.403825 0.937361 0.059794 0.097188
2 0.884972 0.498916 0.064264 0.050801
10 0.775722 0.854900 0.068176 0.122221
10 0.710619 0.805938 0.057558 0.111175
10 0.642721 0.763236 0.071530 0.130319
10 0.637413 0.895394 0.058678 0.175231
10 0.667589 0.185635 0.059794 0.078042
10 0.408854 0.093970 0.047500 0.117067
10 0.317207 0.123422 0.065382 0.153879
10 0.246235 0.180113 0.070970 0.142097
10 0.414721 0.195207 0.131882 0.069207
10 0.506927 0.108696 0.092766 0.093507
10 0.606957 0.130047 0.105058 0.075837
10 0.781869 0.126734 0.156470 0.145779
10 0.827134 0.285399 0.122940 0.093507
10 0.738560 0.275458 0.051972 0.119275
10 0.555545 0.234597 0.125178 0.087618
10 0.574825 0.346877 0.092206 0.106024
10 0.671501 0.283559 0.073206 0.122221
10 0.692737 0.389212 0.092206 0.075837
10 0.728501 0.504070 0.073206 0.150933
10 0.599413 0.557082 0.056442 0.103813
10 0.615899 0.474987 0.101706 0.098659
