23 0.70625 0.1716666666666667 0.03 0.043333333333333335
23 0.68625 0.19416666666666668 0.04 0.03833333333333334
23 0.660625 0.24416666666666667 0.03125 0.058333333333333334
19 0.7518750000000001 0.29250000000000004 0.043750000000000004 0.055
21 0.529375 0.2566666666666667 0.07125000000000001 0.07
24 0.63625 0.1991666666666667 0.055 0.06833333333333334
21 0.6012500000000001 0.3466666666666667 0.0725 0.06666666666666667
23 0.56 0.3591666666666667 0.055 0.05166666666666667
19 0.696875 0.3141666666666667 0.04125 0.058333333333333334
19 0.666875 0.37833333333333335 0.051250000000000004 0.05333333333333334
19 0.69125 0.4416666666666667 0.0375 0.08666666666666667
19 0.72375 0.445 0.04 0.05666666666666667
19 0.72 0.39916666666666667 0.04 0.07500000000000001
19 0.81125 0.3725 0.0425 0.055
23 0.7312500000000001 0.36333333333333334 0.0225 0.05
23 0.65375 0.4091666666666667 0.04 0.03833333333333334
19 0.6575 0.5075000000000001 0.0475 0.065
24 0.6950000000000001 0.4916666666666667 0.0375 0.07
