4 0.435170 0.558436 0.095350 0.088156
4 0.238419 0.613743 0.059060 0.110615
4 0.198573 0.688178 0.091793 0.093147
4 0.384647 0.775919 0.048385 0.103958
4 0.492804 0.852848 0.098195 0.061542
4 0.843962 0.834553 0.115985 0.104791
4 0.598828 0.909402 0.078273 0.104791
4 0.276489 0.951401 0.099620 0.084001
4 0.306376 0.832888 0.105313 0.071524
4 0.147340 0.405824 0.067597 0.127246
4 0.517354 0.403330 0.077560 0.102295
4 0.771383 0.425369 0.064753 0.119760
4 0.715526 0.620811 0.058347 0.106453
4 0.633694 0.478181 0.102465 0.082335
4 0.625867 0.673207 0.095350 0.088159
4 0.697736 0.275668 0.071158 0.093147
4 0.439082 0.170464 0.050520 0.115602
4 0.535854 0.195828 0.073290 0.116435
4 0.229882 0.222441 0.080405 0.071524
4 0.194658 0.308934 0.112428 0.053227
4 0.408129 0.346360 0.076850 0.088159
16 0.511388 0.711366 0.113259 0.092175
11 0.542697 0.531240 0.082425 0.069305
8 0.400384 0.163920 0.038540 0.091484
8 0.650322 0.795296 0.107921 0.037425
8 0.951256 0.524311 0.039729 0.105347
8 0.312031 0.487577 0.076492 0.072077
11 0.336936 0.599162 0.078864 0.099800
11 0.585095 0.325056 0.062857 0.050593
11 0.119731 0.251175 0.091320 0.068614
1 0.636897 0.313927 0.073290 0.046573
1 0.296413 0.152997 0.031307 0.095642
4 0.804827 0.227854 0.096060 0.070702
