19 0.341875 0.2 0.03625 0.060000000000000005
19 0.27 0.2625 0.0475 0.03833333333333334
19 0.2675 0.2891666666666667 0.0325 0.05166666666666667
19 0.455 0.3166666666666667 0.04 0.060000000000000005
19 0.548125 0.2541666666666667 0.03875 0.05166666666666667
19 0.47000000000000003 0.15333333333333335 0.0475 0.04
19 0.299375 0.5325000000000001 0.03625 0.055
19 0.431875 0.5116666666666667 0.02625 0.05
19 0.52875 0.4025 0.04 0.05166666666666667
19 0.545 0.4475 0.0475 0.04833333333333334
19 0.64875 0.22 0.045 0.07
19 0.7075 0.30833333333333335 0.0375 0.060000000000000005
19 0.623125 0.2866666666666667 0.03625 0.05333333333333334
19 0.62875 0.36583333333333334 0.0375 0.058333333333333334
19 0.6900000000000001 0.405 0.0375 0.06333333333333334
19 0.739375 0.41250000000000003 0.03125 0.04166666666666667
19 0.7125 0.48583333333333334 0.045 0.05166666666666667
19 0.74875 0.4941666666666667 0.0275 0.045000000000000005
19 0.721875 0.5241666666666667 0.03875 0.04833333333333334
19 0.545625 0.5558333333333334 0.03875 0.045000000000000005
19 0.58625 0.5808333333333334 0.035 0.05166666666666667
19 0.6675 0.6883333333333334 0.0325 0.043333333333333335
19 0.666875 0.7308333333333333 0.04875 0.055
19 0.575625 0.7133333333333334 0.02875 0.060000000000000005
19 0.6168750000000001 0.7475 0.03875 0.04833333333333334
19 0.59875 0.795 0.04 0.05
19 0.6012500000000001 0.8241666666666667 0.0375 0.045000000000000005
19 0.5475 0.8466666666666667 0.03 0.043333333333333335
19 0.691875 0.755 0.02125 0.04666666666666667
19 0.649375 0.7875000000000001 0.03625 0.04833333333333334
19 0.48 0.8725 0.0325 0.06166666666666667
19 0.4375 0.8716666666666667 0.0325 0.04666666666666667
19 0.41250000000000003 0.8575 0.0375 0.045000000000000005
19 0.41000000000000003 0.75 0.04 0.05
19 0.378125 0.7433333333333334 0.03625 0.03666666666666667
19 0.340625 0.8150000000000001 0.02125 0.03666666666666667
19 0.323125 0.7183333333333334 0.03375 0.06333333333333334
19 0.39187500000000003 0.6958333333333334 0.03125 0.04166666666666667
19 0.415625 0.625 0.03625 0.04666666666666667
19 0.356875 0.6141666666666667 0.043750000000000004 0.04833333333333334
19 0.474375 0.6141666666666667 0.04625 0.05166666666666667
19 0.35625 0.6858333333333334 0.0325 0.045000000000000005
19 0.371875 0.6691666666666667 0.03125 0.04833333333333334
19 0.36125 0.7233333333333334 0.03 0.04
19 0.2775 0.7075 0.025 0.06166666666666667
11 0.444375 0.6666666666666667 0.03375 0.05
11 0.6062500000000001 0.615 0.0325 0.043333333333333335
11 0.685625 0.6566666666666667 0.02875 0.043333333333333335
11 0.615625 0.7866666666666667 0.01875 0.03666666666666667
11 0.46375 0.5175000000000001 0.0275 0.065
11 0.405625 0.5441666666666667 0.02875 0.065
11 0.5525 0.5891666666666667 0.035 0.045000000000000005
11 0.449375 0.6125 0.03625 0.03833333333333334
11 0.5475 0.4808333333333334 0.0475 0.04166666666666667
11 0.550625 0.3691666666666667 0.02875 0.065
11 0.581875 0.41250000000000003 0.02375 0.06166666666666667
11 0.61 0.39583333333333337 0.02 0.045000000000000005
11 0.65125 0.41750000000000004 0.035 0.045000000000000005
11 0.326875 0.2866666666666667 0.04125 0.04
11 0.666875 0.29833333333333334 0.03375 0.043333333333333335
27 0.386875 0.26583333333333337 0.03625 0.04833333333333334
27 0.33625 0.32666666666666666 0.03 0.05666666666666667
27 0.279375 0.35500000000000004 0.03125 0.060000000000000005
27 0.5975 0.46 0.04 0.04
27 0.625625 0.43833333333333335 0.03875 0.04
27 0.670625 0.4591666666666667 0.04625 0.04833333333333334
27 0.685 0.335 0.035 0.05333333333333334
27 0.641875 0.31583333333333335 0.02625 0.04833333333333334
11 0.48125 0.33666666666666667 0.03 0.06333333333333334
11 0.3825 0.33 0.0225 0.05
18 0.41125 0.35000000000000003 0.0225 0.03666666666666667
18 0.39 0.35750000000000004 0.025 0.035
18 0.671875 0.5058333333333334 0.02875 0.028333333333333335
18 0.466875 0.7300000000000001 0.02625 0.02666666666666667
