7 0.473125 0.31083333333333335 0.06375 0.16166666666666668
7 0.343125 0.36000000000000004 0.07875 0.10333333333333335
7 0.32625 0.33916666666666667 0.0825 0.09166666666666667
7 0.240625 0.3125 0.09375 0.12833333333333335
7 0.2425 0.35000000000000003 0.085 0.13333333333333333
7 0.2475 0.39666666666666667 0.0475 0.10333333333333335
7 0.199375 0.45583333333333337 0.11375 0.11166666666666668
7 0.290625 0.44583333333333336 0.06625 0.10166666666666667
7 0.34500000000000003 0.43000000000000005 0.04 0.10666666666666667
7 0.40375 0.5175000000000001 0.10250000000000001 0.11166666666666668
7 0.139375 0.5075000000000001 0.06625 0.14833333333333334
7 0.22312500000000002 0.5816666666666667 0.058750000000000004 0.14666666666666667
7 0.28500000000000003 0.7141666666666667 0.065 0.165
7 0.358125 0.7908333333333334 0.04875 0.15166666666666667
7 0.3925 0.8808333333333334 0.0575 0.16166666666666668
7 0.301875 0.8958333333333334 0.08375 0.135
19 0.46 0.8708333333333333 0.0625 0.06166666666666667
7 0.514375 0.6316666666666667 0.07875 0.15666666666666668
7 0.530625 0.20083333333333334 0.09375 0.12833333333333335
20 0.406875 0.3241666666666667 0.043750000000000004 0.06166666666666667
