18 0.234375 0.08 0.03625 0.030000000000000002
20 0.15 0.30833333333333335 0.0425 0.06666666666666667
18 0.165625 0.4866666666666667 0.03625 0.05333333333333334
18 0.109375 0.4041666666666667 0.03125 0.04166666666666667
18 0.1475 0.43750000000000006 0.035 0.045000000000000005
18 0.11875000000000001 0.45333333333333337 0.03 0.043333333333333335
18 0.110625 0.5275000000000001 0.03125 0.055
18 0.19625 0.6225 0.0325 0.03833333333333334
19 0.18812500000000001 0.5566666666666668 0.06125 0.06333333333333334
18 0.08375 0.6666666666666667 0.03 0.04666666666666667
18 0.26875 0.6575000000000001 0.0325 0.03833333333333334
18 0.21625 0.6733333333333333 0.0225 0.043333333333333335
18 0.196875 0.6808333333333334 0.02875 0.04833333333333334
18 0.2975 0.7100000000000001 0.0375 0.05
18 0.26 0.7241666666666667 0.0375 0.045000000000000005
18 0.328125 0.6391666666666667 0.043750000000000004 0.04833333333333334
20 0.431875 0.6050000000000001 0.043750000000000004 0.06666666666666667
18 0.2025 0.7433333333333334 0.025 0.04666666666666667
18 0.23750000000000002 0.7741666666666667 0.02 0.05166666666666667
18 0.20875 0.795 0.0275 0.05
18 0.18625 0.7941666666666667 0.0175 0.058333333333333334
18 0.166875 0.8066666666666668 0.02125 0.043333333333333335
18 0.31375000000000003 0.7816666666666667 0.0325 0.04
18 0.415625 0.8458333333333334 0.03125 0.04833333333333334
18 0.37125 0.8783333333333334 0.03 0.04666666666666667
18 0.254375 0.9016666666666667 0.03625 0.04
18 0.183125 0.9025000000000001 0.03375 0.04833333333333334
18 0.284375 0.9616666666666668 0.03625 0.04
18 0.244375 0.9808333333333334 0.03625 0.035
18 0.463125 0.8775000000000001 0.03125 0.04833333333333334
18 0.47875 0.9550000000000001 0.0425 0.05666666666666667
18 0.608125 0.8466666666666667 0.04125 0.05333333333333334
18 0.448125 0.8116666666666668 0.03875 0.05666666666666667
11 0.486875 0.5700000000000001 0.043750000000000004 0.08666666666666667
18 0.761875 0.49083333333333334 0.03875 0.055
18 0.70125 0.9433333333333334 0.0425 0.05666666666666667
18 0.73625 0.8250000000000001 0.035 0.05
18 0.706875 0.8216666666666668 0.03125 0.05
