18 0.405625 0.17583333333333334 0.03125 0.05166666666666667
18 0.25 0.37333333333333335 0.035 0.05
18 0.250625 0.4625 0.03125 0.05166666666666667
18 0.420625 0.6716666666666667 0.03375 0.05333333333333334
18 0.309375 0.6791666666666667 0.03125 0.04166666666666667
26 0.273125 0.4541666666666667 0.02375 0.045000000000000005
26 0.33437500000000003 0.5433333333333333 0.03875 0.03333333333333333
11 0.27375 0.7841666666666667 0.06 0.055
27 0.335 0.8341666666666667 0.055 0.04833333333333334
23 0.36 0.32333333333333336 0.05 0.07666666666666667
23 0.3375 0.4241666666666667 0.06 0.07833333333333334
18 0.6625 0.39666666666666667 0.03 0.043333333333333335
11 0.7875 0.36000000000000004 0.0425 0.05333333333333334
11 0.8125 0.325 0.0525 0.04
27 0.850625 0.6758333333333334 0.04625 0.04833333333333334
27 0.505 0.0275 0.055 0.05166666666666667
18 0.57625 0.035833333333333335 0.035 0.03833333333333334
18 0.401875 0.22 0.02875 0.04
20 0.319375 0.24833333333333335 0.04125 0.06666666666666667
23 0.48 0.4691666666666667 0.05 0.08166666666666667
23 0.381875 0.6316666666666667 0.043750000000000004 0.07
