29 0.42562500000000003 0.11750000000000001 0.06375 0.09833333333333334
24 0.26125 0.15916666666666668 0.055 0.085
25 0.214375 0.21833333333333335 0.06125 0.08666666666666667
23 0.236875 0.26833333333333337 0.051250000000000004 0.09000000000000001
24 0.355625 0.2566666666666667 0.058750000000000004 0.06333333333333334
24 0.441875 0.455 0.07875 0.09000000000000001
24 0.16375 0.4625 0.0575 0.045000000000000005
24 0.134375 0.5958333333333333 0.05625 0.058333333333333334
24 0.21125 0.6233333333333334 0.0575 0.09000000000000001
28 0.254375 0.5725 0.07125000000000001 0.12166666666666667
22 0.234375 0.7050000000000001 0.03875 0.05333333333333334
19 0.324375 0.7966666666666667 0.06625 0.07333333333333333
24 0.37125 0.7775000000000001 0.0625 0.08833333333333333
24 0.45937500000000003 0.8075000000000001 0.07625 0.09833333333333334
24 0.250625 0.9683333333333334 0.058750000000000004 0.04666666666666667
28 0.3325 0.89 0.0675 0.08
21 0.403125 0.8866666666666667 0.08375 0.09666666666666668
28 0.618125 0.7433333333333334 0.06625 0.10333333333333335
29 0.7125 0.7425 0.065 0.085
24 0.745625 0.6458333333333334 0.043750000000000004 0.08166666666666667
24 0.7987500000000001 0.6433333333333334 0.0475 0.09666666666666668
28 0.831875 0.5483333333333333 0.06625 0.08666666666666667
21 0.8675 0.7150000000000001 0.075 0.08
24 0.7075 0.45 0.055 0.1
11 0.5700000000000001 0.5033333333333334 0.055 0.07
22 0.63875 0.3191666666666667 0.0325 0.07166666666666667
11 0.890625 0.15916666666666668 0.051250000000000004 0.06833333333333334
24 0.6925 0.13083333333333333 0.065 0.085
