19 0.7725 0.2341666666666667 0.04 0.055
23 0.71 0.29833333333333334 0.045 0.04
28 0.619375 0.32583333333333336 0.05375 0.065
25 0.656875 0.36250000000000004 0.04625 0.065
19 0.69125 0.3641666666666667 0.0325 0.05166666666666667
25 0.6637500000000001 0.4316666666666667 0.0525 0.07333333333333333
24 0.6218750000000001 0.4525 0.03625 0.05166666666666667
23 0.70625 0.4083333333333334 0.0425 0.05
26 0.73625 0.4241666666666667 0.0175 0.04166666666666667
25 0.745 0.5158333333333334 0.0375 0.10166666666666667
25 0.6843750000000001 0.5066666666666667 0.06875 0.07666666666666667
26 0.633125 0.655 0.01625 0.04
26 0.4975 0.22166666666666668 0.0275 0.030000000000000002
25 0.5231250000000001 0.39583333333333337 0.05375 0.065
23 0.5625 0.5025000000000001 0.0325 0.055
23 0.59875 0.5491666666666667 0.0375 0.055
