19 0.320625 0.25583333333333336 0.03875 0.055
19 0.27625 0.3175 0.0275 0.04166666666666667
19 0.213125 0.37333333333333335 0.02875 0.05333333333333334
19 0.296875 0.5916666666666667 0.02875 0.04666666666666667
19 0.35625 0.7675000000000001 0.0275 0.045000000000000005
25 0.29375 0.7875000000000001 0.03 0.05166666666666667
19 0.48375 0.7100000000000001 0.0275 0.04
19 0.503125 0.7200000000000001 0.03125 0.030000000000000002
19 0.57625 0.7983333333333333 0.03 0.05
19 0.524375 0.8683333333333334 0.03125 0.043333333333333335
19 0.605625 0.7283333333333334 0.03125 0.043333333333333335
19 0.629375 0.6866666666666668 0.03125 0.03666666666666667
19 0.6843750000000001 0.5175000000000001 0.03875 0.03166666666666667
19 0.6175 0.455 0.04 0.04
19 0.7425 0.36000000000000004 0.0325 0.04666666666666667
19 0.690625 0.3383333333333334 0.02625 0.030000000000000002
19 0.605625 0.3741666666666667 0.02625 0.04166666666666667
19 0.593125 0.34750000000000003 0.03125 0.035
19 0.55 0.22333333333333336 0.025 0.04
11 0.2175 0.67 0.0375 0.043333333333333335
11 0.27875 0.7250000000000001 0.03 0.05
11 0.356875 0.7200000000000001 0.03125 0.05666666666666667
11 0.39937500000000004 0.7416666666666667 0.02375 0.04
11 0.308125 0.8283333333333334 0.02375 0.05333333333333334
11 0.41125 0.7716666666666667 0.03 0.04
27 0.345625 0.8041666666666667 0.03625 0.04166666666666667
27 0.455625 0.8666666666666667 0.03125 0.043333333333333335
27 0.515625 0.7925000000000001 0.03375 0.04166666666666667
27 0.50375 0.8791666666666668 0.025 0.045000000000000005
27 0.4825 0.8650000000000001 0.0275 0.03666666666666667
27 0.578125 0.8625 0.03625 0.03166666666666667
27 0.585 0.8325 0.03 0.03833333333333334
27 0.615625 0.7941666666666667 0.03625 0.035
27 0.6125 0.8191666666666667 0.03 0.03833333333333334
27 0.561875 0.7250000000000001 0.03625 0.03333333333333333
27 0.573125 0.7558333333333334 0.043750000000000004 0.035
11 0.183125 0.5025000000000001 0.02625 0.04166666666666667
11 0.21625 0.4891666666666667 0.0375 0.05166666666666667
11 0.33375 0.5316666666666667 0.04 0.03333333333333333
11 0.3525 0.5666666666666667 0.0425 0.03666666666666667
11 0.3525 0.6116666666666667 0.03 0.043333333333333335
11 0.425 0.5625 0.0275 0.055
11 0.440625 0.6166666666666667 0.04125 0.04
11 0.47375 0.6316666666666667 0.025 0.04666666666666667
11 0.439375 0.6916666666666668 0.02875 0.04666666666666667
11 0.469375 0.6891666666666667 0.02875 0.05166666666666667
11 0.49375 0.6691666666666667 0.025 0.04833333333333334
11 0.5175 0.6808333333333334 0.0275 0.055
11 0.668125 0.6883333333333334 0.03875 0.04
11 0.709375 0.685 0.02875 0.05333333333333334
11 0.7368750000000001 0.7191666666666667 0.02375 0.04833333333333334
11 0.7275 0.6458333333333334 0.025 0.045000000000000005
11 0.74875 0.6416666666666667 0.025 0.04
11 0.74125 0.5966666666666667 0.0225 0.05
11 0.724375 0.6000000000000001 0.02375 0.04666666666666667
11 0.706875 0.6133333333333334 0.02625 0.03333333333333333
11 0.690625 0.6433333333333334 0.03625 0.03333333333333333
11 0.671875 0.6316666666666667 0.02625 0.04
11 0.650625 0.6475000000000001 0.03375 0.04166666666666667
11 0.6925 0.5950000000000001 0.0275 0.04
11 0.680625 0.545 0.02625 0.05333333333333334
11 0.59 0.7033333333333334 0.035 0.03333333333333333
11 0.5625 0.6825 0.025 0.045000000000000005
11 0.58 0.6708333333333334 0.0275 0.03833333333333334
11 0.608125 0.6541666666666667 0.03125 0.04833333333333334
11 0.5875 0.6241666666666668 0.03 0.058333333333333334
11 0.54 0.6691666666666667 0.0275 0.04833333333333334
11 0.5475 0.64 0.03 0.04
11 0.558125 0.6133333333333334 0.03125 0.05
11 0.51875 0.62 0.0375 0.043333333333333335
11 0.515625 0.5891666666666667 0.03625 0.028333333333333335
27 0.483125 0.5833333333333334 0.03125 0.04666666666666667
11 0.49375 0.535 0.0325 0.04666666666666667
11 0.505625 0.5525 0.02875 0.04833333333333334
11 0.531875 0.56 0.02875 0.05
11 0.561875 0.5766666666666667 0.03125 0.03666666666666667
11 0.5875 0.5625 0.0375 0.03833333333333334
11 0.55875 0.5458333333333334 0.0425 0.03833333333333334
11 0.56 0.5191666666666667 0.0425 0.035
11 0.623125 0.6158333333333333 0.04625 0.03833333333333334
11 0.62 0.5866666666666667 0.04 0.030000000000000002
11 0.639375 0.6141666666666667 0.02875 0.04166666666666667
11 0.658125 0.5966666666666667 0.03375 0.04
11 0.666875 0.5708333333333334 0.03375 0.03833333333333334
11 0.6425 0.5566666666666668 0.04 0.03333333333333333
11 0.619375 0.5441666666666667 0.03125 0.035
11 0.64625 0.5175000000000001 0.03 0.04166666666666667
11 0.615625 0.51 0.03625 0.04
11 0.6425 0.48250000000000004 0.0275 0.035
11 0.610625 0.47750000000000004 0.02875 0.03166666666666667
11 0.715 0.5225000000000001 0.0225 0.05166666666666667
11 0.739375 0.5341666666666667 0.02875 0.058333333333333334
11 0.776875 0.56 0.03375 0.03333333333333333
11 0.78 0.5266666666666667 0.0225 0.043333333333333335
11 0.765 0.4716666666666667 0.0225 0.05333333333333334
11 0.74375 0.48833333333333334 0.0325 0.03333333333333333
11 0.7125 0.48333333333333334 0.0325 0.03666666666666667
11 0.731875 0.45583333333333337 0.02625 0.05166666666666667
11 0.761875 0.4025 0.02625 0.03166666666666667
11 0.75375 0.43083333333333335 0.0225 0.045000000000000005
11 0.7375 0.41750000000000004 0.025 0.045000000000000005
11 0.7106250000000001 0.43750000000000006 0.01875 0.04166666666666667
11 0.720625 0.4008333333333334 0.01875 0.045000000000000005
11 0.403125 0.4658333333333334 0.043750000000000004 0.03833333333333334
11 0.218125 0.30083333333333334 0.02625 0.05166666666666667
11 0.255 0.2833333333333333 0.0325 0.04
11 0.23625000000000002 0.26 0.0275 0.04
11 0.3425 0.24583333333333335 0.0325 0.035
11 0.273125 0.20583333333333334 0.03875 0.04166666666666667
11 0.3275 0.35083333333333333 0.03 0.03833333333333334
11 0.3425 0.39 0.04 0.03666666666666667
11 0.3725 0.4108333333333334 0.035 0.04833333333333334
11 0.36625 0.36583333333333334 0.0325 0.04833333333333334
11 0.41875 0.395 0.03 0.05333333333333334
11 0.43875000000000003 0.4341666666666667 0.03 0.045000000000000005
11 0.4625 0.3766666666666667 0.035 0.05333333333333334
11 0.46187500000000004 0.4525 0.04125 0.035
11 0.4 0.19416666666666668 0.0375 0.035
11 0.411875 0.1625 0.03375 0.03833333333333334
11 0.445 0.20500000000000002 0.04 0.04
11 0.45125 0.17250000000000001 0.0425 0.03833333333333334
11 0.48625 0.21333333333333335 0.0275 0.043333333333333335
11 0.5 0.19083333333333335 0.035 0.04166666666666667
11 0.49875 0.16333333333333333 0.0375 0.030000000000000002
11 0.48875 0.4791666666666667 0.0325 0.045000000000000005
11 0.50625 0.46166666666666667 0.0275 0.04
11 0.481875 0.42500000000000004 0.02375 0.04666666666666667
11 0.5025000000000001 0.4216666666666667 0.03 0.05
11 0.48875 0.3425 0.0425 0.03833333333333334
11 0.516875 0.3225 0.03375 0.045000000000000005
11 0.505 0.29583333333333334 0.04 0.03166666666666667
11 0.551875 0.46416666666666667 0.02125 0.04166666666666667
11 0.5650000000000001 0.4341666666666667 0.025 0.04833333333333334
11 0.5387500000000001 0.43583333333333335 0.025 0.045000000000000005
11 0.51875 0.4291666666666667 0.0275 0.04833333333333334
11 0.535625 0.4066666666666667 0.03125 0.04
11 0.5275 0.37833333333333335 0.0275 0.05
11 0.509375 0.3741666666666667 0.02875 0.04833333333333334
11 0.49 0.38083333333333336 0.03 0.045000000000000005
11 0.5575 0.3916666666666667 0.03 0.04666666666666667
11 0.56875 0.3641666666666667 0.03 0.045000000000000005
11 0.54125 0.33 0.03 0.04
11 0.56625 0.33 0.0275 0.03666666666666667
11 0.591875 0.3241666666666667 0.02625 0.04166666666666667
11 0.5700000000000001 0.2891666666666667 0.035 0.03166666666666667
11 0.51875 0.26333333333333336 0.0325 0.043333333333333335
11 0.649375 0.4416666666666667 0.02625 0.04666666666666667
11 0.67375 0.44833333333333336 0.0275 0.03666666666666667
11 0.68 0.42250000000000004 0.025 0.03833333333333334
11 0.698125 0.41583333333333333 0.02375 0.035
11 0.6475 0.39 0.0275 0.04666666666666667
11 0.665625 0.3841666666666667 0.02625 0.035
11 0.67875 0.36583333333333334 0.0275 0.03833333333333334
11 0.694375 0.3816666666666667 0.01875 0.04
11 0.714375 0.3725 0.02625 0.03833333333333334
11 0.6218750000000001 0.33083333333333337 0.02625 0.045000000000000005
11 0.645 0.34 0.025 0.043333333333333335
11 0.66625 0.3433333333333334 0.0275 0.05333333333333334
11 0.6843750000000001 0.31833333333333336 0.02625 0.043333333333333335
11 0.638125 0.19666666666666668 0.02625 0.030000000000000002
11 0.644375 0.26833333333333337 0.02375 0.04666666666666667
11 0.625625 0.26083333333333336 0.02625 0.04166666666666667
11 0.59 0.195 0.025 0.043333333333333335
11 0.6950000000000001 0.24083333333333334 0.0275 0.028333333333333335
