14 0.491382 0.515780 0.036364 0.049635
14 0.643229 0.603204 0.029486 0.057533
14 0.656497 0.574723 0.025553 0.046815
14 0.571975 0.636484 0.027519 0.046249
14 0.648636 0.694579 0.032433 0.057529
14 0.634385 0.736600 0.060936 0.036660
14 0.600723 0.692605 0.048652 0.043433
14 0.529714 0.731806 0.049142 0.025946
14 0.555020 0.695989 0.024079 0.049069
14 0.610061 0.843485 0.020149 0.054147
14 0.637824 0.788774 0.041277 0.029333
14 0.858222 0.763392 0.044718 0.028204
14 0.976656 0.695989 0.046688 0.037789
14 0.969774 0.926117 0.044718 0.020869
14 0.801710 0.911734 0.016215 0.041738
14 0.846185 0.966728 0.041277 0.025380
14 0.706869 0.915966 0.035874 0.042304
14 0.565341 0.932322 0.041767 0.027638
14 0.593106 0.891711 0.042264 0.020869
14 0.606865 0.913991 0.053075 0.027075
14 0.559936 0.974626 0.025063 0.041175
1 0.509074 0.935423 0.069780 0.049635
1 0.693354 0.971379 0.031453 0.057242
