20 0.29812500000000003 0.29750000000000004 0.03625 0.055
11 0.109375 0.7200000000000001 0.058750000000000004 0.08
11 0.579375 0.27666666666666667 0.06625 0.07333333333333333
18 0.400625 0.3141666666666667 0.03375 0.035
18 0.43062500000000004 0.3416666666666667 0.03875 0.03333333333333333
18 0.4475 0.22583333333333336 0.04 0.04166666666666667
18 0.375625 0.21333333333333335 0.043750000000000004 0.05
18 0.641875 0.17666666666666667 0.03625 0.060000000000000005
11 0.850625 0.7100000000000001 0.07125000000000001 0.08
18 0.738125 0.5475 0.02125 0.055
