11 0.21937500000000001 0.32083333333333336 0.02625 0.025
11 0.335625 0.335 0.02125 0.05
11 0.359375 0.2941666666666667 0.03375 0.028333333333333335
11 0.2775 0.37000000000000005 0.0375 0.030000000000000002
11 0.4 0.3816666666666667 0.035 0.03333333333333333
24 0.36125 0.35583333333333333 0.0325 0.04833333333333334
24 0.200625 0.4991666666666667 0.02875 0.04833333333333334
11 0.30312500000000003 0.5391666666666667 0.02625 0.04833333333333334
11 0.34500000000000003 0.5441666666666667 0.0275 0.035
11 0.401875 0.5733333333333334 0.02375 0.04666666666666667
19 0.340625 0.5675 0.03625 0.03166666666666667
28 0.28750000000000003 0.5758333333333334 0.035 0.055
19 0.32 0.6116666666666667 0.0325 0.04
19 0.285625 0.6266666666666667 0.03375 0.04666666666666667
27 0.39 0.6691666666666667 0.0225 0.045000000000000005
11 0.404375 0.6925 0.03375 0.03166666666666667
11 0.359375 0.6891666666666667 0.02125 0.03833333333333334
19 0.36 0.8041666666666667 0.0375 0.04833333333333334
19 0.46125 0.8150000000000001 0.045 0.04
19 0.50125 0.7541666666666668 0.03 0.04166666666666667
19 0.52875 0.7608333333333334 0.035 0.04166666666666667
19 0.5650000000000001 0.7183333333333334 0.0375 0.043333333333333335
19 0.5375 0.6825 0.03 0.028333333333333335
11 0.56375 0.6666666666666667 0.035 0.03333333333333333
11 0.59125 0.78 0.0225 0.03666666666666667
11 0.593125 0.8383333333333334 0.02875 0.023333333333333334
11 0.5225 0.7966666666666667 0.025 0.04666666666666667
11 0.48375 0.8600000000000001 0.035 0.030000000000000002
19 0.51125 0.8691666666666668 0.04 0.045000000000000005
19 0.541875 0.8575 0.03125 0.03833333333333334
19 0.558125 0.88 0.03625 0.030000000000000002
19 0.53 0.8958333333333334 0.0375 0.03833333333333334
19 0.501875 0.8891666666666668 0.04625 0.028333333333333335
19 0.548125 0.8066666666666668 0.03875 0.043333333333333335
19 0.6012500000000001 0.8033333333333333 0.025 0.03666666666666667
19 0.62625 0.805 0.035 0.03666666666666667
19 0.5806250000000001 0.8191666666666667 0.03375 0.028333333333333335
19 0.655 0.8400000000000001 0.035 0.02666666666666667
11 0.66125 0.8108333333333334 0.0325 0.025
11 0.689375 0.7475 0.03625 0.045000000000000005
11 0.73375 0.7233333333333334 0.03 0.04666666666666667
11 0.713125 0.7216666666666667 0.02625 0.03333333333333333
11 0.6431250000000001 0.7066666666666667 0.02625 0.04666666666666667
11 0.66 0.6958333333333334 0.035 0.035
11 0.644375 0.7408333333333333 0.03625 0.028333333333333335
11 0.67 0.7758333333333334 0.0325 0.03833333333333334
11 0.6531250000000001 0.7825000000000001 0.03125 0.028333333333333335
11 0.67625 0.7008333333333334 0.0225 0.03166666666666667
11 0.6925 0.6866666666666668 0.0325 0.04
11 0.74125 0.6941666666666667 0.03 0.058333333333333334
11 0.774375 0.6541666666666667 0.03625 0.045000000000000005
11 0.76375 0.6158333333333333 0.02 0.03833333333333334
11 0.656875 0.6508333333333334 0.03125 0.035
11 0.625625 0.6258333333333334 0.02375 0.045000000000000005
19 0.66125 0.6133333333333334 0.0325 0.05666666666666667
19 0.69375 0.6425000000000001 0.0275 0.04833333333333334
19 0.725625 0.6433333333333334 0.02625 0.04666666666666667
19 0.769375 0.5808333333333334 0.02625 0.045000000000000005
19 0.7312500000000001 0.5758333333333334 0.025 0.045000000000000005
19 0.71625 0.5950000000000001 0.03 0.043333333333333335
19 0.73375 0.6191666666666668 0.0275 0.03833333333333334
19 0.68375 0.5750000000000001 0.035 0.04
19 0.64 0.5866666666666667 0.03 0.04
19 0.606875 0.5850000000000001 0.03125 0.04
19 0.5825 0.5750000000000001 0.04 0.04666666666666667
19 0.605 0.5533333333333333 0.0275 0.03333333333333333
19 0.6025 0.6558333333333334 0.0275 0.065
19 0.779375 0.49833333333333335 0.02625 0.04666666666666667
19 0.7575000000000001 0.5533333333333333 0.0275 0.043333333333333335
11 0.73625 0.535 0.02 0.04666666666666667
19 0.7125 0.5233333333333333 0.0225 0.04
11 0.668125 0.5433333333333333 0.02875 0.03333333333333333
11 0.63625 0.5408333333333334 0.0325 0.028333333333333335
11 0.615625 0.5125000000000001 0.02375 0.055
11 0.675 0.49833333333333335 0.035 0.03333333333333333
11 0.71625 0.48000000000000004 0.035 0.02666666666666667
11 0.5750000000000001 0.5341666666666667 0.0325 0.035
11 0.5475 0.5508333333333334 0.025 0.035
11 0.5493750000000001 0.5833333333333334 0.03625 0.030000000000000002
27 0.48625 0.5341666666666667 0.035 0.028333333333333335
11 0.526875 0.4991666666666667 0.02875 0.03833333333333334
19 0.443125 0.5366666666666667 0.03875 0.043333333333333335
19 0.479375 0.555 0.02875 0.03333333333333333
19 0.51 0.5750000000000001 0.03 0.03666666666666667
19 0.506875 0.6083333333333334 0.04125 0.04666666666666667
19 0.4425 0.6275000000000001 0.0325 0.04833333333333334
11 0.60375 0.3891666666666667 0.02 0.04166666666666667
11 0.624375 0.38833333333333336 0.02625 0.043333333333333335
11 0.6425 0.4166666666666667 0.0275 0.03333333333333333
11 0.660625 0.4441666666666667 0.02625 0.028333333333333335
11 0.56875 0.47250000000000003 0.0225 0.04833333333333334
24 0.59 0.4366666666666667 0.045 0.05333333333333334
19 0.5375 0.4041666666666667 0.045 0.04833333333333334
19 0.546875 0.36750000000000005 0.043750000000000004 0.04166666666666667
19 0.56625 0.33416666666666667 0.035 0.035
19 0.5875 0.36333333333333334 0.035 0.05333333333333334
19 0.57375 0.38583333333333336 0.0325 0.058333333333333334
19 0.6168750000000001 0.33166666666666667 0.05375 0.043333333333333335
11 0.6062500000000001 0.34833333333333333 0.0325 0.030000000000000002
11 0.703125 0.2966666666666667 0.03125 0.030000000000000002
19 0.6725 0.3066666666666667 0.025 0.04666666666666667
11 0.6843750000000001 0.33 0.03375 0.043333333333333335
24 0.715 0.34500000000000003 0.035 0.043333333333333335
24 0.696875 0.3725 0.03125 0.035
19 0.6725 0.3866666666666667 0.025 0.030000000000000002
19 0.68375 0.3541666666666667 0.0375 0.035
19 0.7681250000000001 0.3891666666666667 0.03125 0.058333333333333334
19 0.76625 0.4266666666666667 0.0325 0.04666666666666667
19 0.701875 0.4025 0.03375 0.04166666666666667
19 0.7375 0.41583333333333333 0.03 0.03833333333333334
19 0.728125 0.4608333333333334 0.02375 0.035
19 0.713125 0.4475 0.03125 0.045000000000000005
19 0.664375 0.4708333333333334 0.04875 0.04166666666666667
19 0.640625 0.5083333333333334 0.03375 0.04666666666666667
19 0.6218750000000001 0.4733333333333334 0.051250000000000004 0.03666666666666667
19 0.623125 0.4366666666666667 0.03625 0.043333333333333335
19 0.613125 0.4133333333333334 0.03125 0.02
19 0.644375 0.26916666666666667 0.03875 0.04166666666666667
19 0.7325 0.2675 0.035 0.028333333333333335
19 0.70625 0.265 0.025 0.03666666666666667
19 0.6900000000000001 0.20916666666666667 0.0425 0.045000000000000005
19 0.6 0.27 0.0325 0.06333333333333334
19 0.561875 0.25833333333333336 0.04125 0.04666666666666667
19 0.56375 0.18583333333333335 0.0525 0.045000000000000005
24 0.5543750000000001 0.21916666666666668 0.04875 0.03833333333333334
19 0.525625 0.18666666666666668 0.03625 0.04666666666666667
19 0.510625 0.26 0.03375 0.04666666666666667
19 0.506875 0.3175 0.04125 0.055
11 0.53 0.2783333333333334 0.0375 0.030000000000000002
19 0.4675 0.26583333333333337 0.035 0.035
11 0.44375000000000003 0.2941666666666667 0.035 0.035
11 0.425 0.26166666666666666 0.03 0.030000000000000002
19 0.43625 0.22333333333333336 0.0225 0.05
19 0.446875 0.15583333333333335 0.04125 0.03833333333333334
19 0.500625 0.2066666666666667 0.02875 0.04666666666666667
19 0.59 0.8600000000000001 0.0275 0.03333333333333333
24 0.58125 0.8758333333333334 0.025 0.045000000000000005
19 0.570625 0.7725000000000001 0.03875 0.04166666666666667
24 0.6125 0.7050000000000001 0.03 0.04666666666666667
19 0.58375 0.5066666666666667 0.025 0.03333333333333333
19 0.601875 0.4891666666666667 0.02875 0.04166666666666667
