11 0.28250000000000003 0.19833333333333333 0.0275 0.03666666666666667
11 0.31 0.18000000000000002 0.025 0.05
11 0.335 0.1625 0.0275 0.05166666666666667
11 0.35875 0.15833333333333335 0.035 0.043333333333333335
11 0.418125 0.14416666666666667 0.03375 0.028333333333333335
11 0.3075 0.29500000000000004 0.0275 0.04666666666666667
11 0.256875 0.3166666666666667 0.043750000000000004 0.04
11 0.24125 0.3458333333333334 0.0425 0.035
11 0.2475 0.3816666666666667 0.035 0.04
11 0.214375 0.39333333333333337 0.03375 0.04
11 0.199375 0.43083333333333335 0.03625 0.03833333333333334
11 0.365 0.3191666666666667 0.035 0.05166666666666667
11 0.381875 0.3408333333333334 0.03625 0.03833333333333334
11 0.26625 0.46166666666666667 0.04 0.043333333333333335
11 0.26687500000000003 0.5025000000000001 0.02875 0.04833333333333334
11 0.34375 0.5325000000000001 0.0325 0.05166666666666667
11 0.3875 0.5541666666666667 0.03 0.05166666666666667
11 0.18812500000000001 0.5575 0.02875 0.05166666666666667
11 0.2125 0.5741666666666667 0.0375 0.035
11 0.251875 0.5725 0.03125 0.055
11 0.206875 0.6708333333333334 0.03125 0.05166666666666667
11 0.265625 0.6866666666666668 0.03125 0.04666666666666667
11 0.30875 0.7808333333333334 0.03 0.05166666666666667
11 0.3525 0.6525000000000001 0.0375 0.04166666666666667
11 0.395 0.6491666666666667 0.0275 0.05166666666666667
11 0.4475 0.6258333333333334 0.0325 0.05166666666666667
11 0.39687500000000003 0.7325 0.04125 0.04166666666666667
11 0.43375 0.7608333333333334 0.0325 0.045000000000000005
11 0.4825 0.7100000000000001 0.035 0.05
11 0.49562500000000004 0.8650000000000001 0.03125 0.05
11 0.528125 0.8200000000000001 0.03375 0.05333333333333334
11 0.55625 0.8475 0.0325 0.035
11 0.60875 0.8491666666666667 0.03 0.058333333333333334
11 0.6431250000000001 0.8491666666666667 0.03125 0.035
11 0.66125 0.7508333333333334 0.025 0.03833333333333334
11 0.6725 0.7733333333333334 0.035 0.03333333333333333
11 0.70125 0.7825000000000001 0.0325 0.035
19 0.693125 0.7391666666666667 0.02875 0.04833333333333334
11 0.72 0.7483333333333334 0.0275 0.04
11 0.7262500000000001 0.7175 0.04 0.035
11 0.7368750000000001 0.6916666666666668 0.02875 0.03333333333333333
11 0.735625 0.6683333333333333 0.02375 0.04666666666666667
11 0.7575000000000001 0.6575000000000001 0.025 0.05166666666666667
11 0.708125 0.6425000000000001 0.03625 0.035
11 0.7262500000000001 0.6158333333333333 0.0325 0.05166666666666667
11 0.68 0.6716666666666667 0.0275 0.05
11 0.61875 0.7508333333333334 0.0375 0.055
11 0.59 0.7475 0.03 0.04833333333333334
11 0.63 0.6975 0.025 0.055
11 0.609375 0.6966666666666667 0.03375 0.05
11 0.56875 0.7000000000000001 0.03 0.043333333333333335
11 0.48875 0.6525000000000001 0.0325 0.04833333333333334
11 0.515625 0.6475000000000001 0.03375 0.03833333333333334
11 0.548125 0.6683333333333333 0.03875 0.03666666666666667
11 0.5875 0.6633333333333333 0.0375 0.043333333333333335
11 0.56125 0.6475000000000001 0.04 0.03833333333333334
11 0.58875 0.6158333333333333 0.0275 0.04833333333333334
11 0.610625 0.6375000000000001 0.03125 0.045000000000000005
11 0.628125 0.6208333333333333 0.03375 0.04166666666666667
11 0.624375 0.5725 0.02375 0.04833333333333334
11 0.646875 0.5775 0.02375 0.04166666666666667
11 0.66625 0.5891666666666667 0.0375 0.035
11 0.71375 0.5766666666666667 0.03 0.04
11 0.756875 0.5833333333333334 0.02875 0.03333333333333333
11 0.74 0.5466666666666667 0.0225 0.05
11 0.756875 0.5466666666666667 0.02125 0.043333333333333335
11 0.775 0.5591666666666667 0.0175 0.04166666666666667
11 0.738125 0.5025000000000001 0.03375 0.03833333333333334
11 0.7625000000000001 0.5058333333333334 0.025 0.04833333333333334
11 0.781875 0.5191666666666667 0.02375 0.045000000000000005
11 0.77875 0.4716666666666667 0.0225 0.043333333333333335
11 0.690625 0.5533333333333333 0.03125 0.05
11 0.66625 0.5483333333333333 0.035 0.030000000000000002
11 0.645 0.5283333333333333 0.03 0.04
11 0.685625 0.5175000000000001 0.02875 0.04166666666666667
11 0.665 0.49750000000000005 0.035 0.035
11 0.624375 0.5091666666666667 0.02875 0.035
27 0.58625 0.5741666666666667 0.03 0.055
11 0.565625 0.5516666666666667 0.02375 0.05333333333333334
11 0.59375 0.5366666666666667 0.0325 0.03333333333333333
11 0.5543750000000001 0.6016666666666667 0.02875 0.05
11 0.525625 0.6158333333333333 0.04125 0.03833333333333334
11 0.491875 0.6091666666666667 0.03875 0.03833333333333334
11 0.4675 0.5700000000000001 0.0325 0.05333333333333334
11 0.47875 0.5316666666666667 0.035 0.03666666666666667
11 0.5225 0.5675 0.0275 0.05166666666666667
11 0.398125 0.47750000000000004 0.04125 0.04166666666666667
11 0.435 0.4516666666666667 0.035 0.05666666666666667
11 0.474375 0.45333333333333337 0.03125 0.03333333333333333
11 0.494375 0.4941666666666667 0.03125 0.045000000000000005
11 0.5181250000000001 0.4741666666666667 0.03125 0.03166666666666667
11 0.5337500000000001 0.48500000000000004 0.0275 0.04
11 0.52625 0.5233333333333333 0.0325 0.043333333333333335
11 0.56 0.515 0.03 0.030000000000000002
11 0.58 0.5183333333333333 0.025 0.04
11 0.5825 0.48750000000000004 0.035 0.035
11 0.551875 0.48500000000000004 0.02375 0.043333333333333335
11 0.5675 0.4591666666666667 0.0325 0.03166666666666667
11 0.531875 0.4475 0.03875 0.035
11 0.47625 0.41833333333333333 0.035 0.04
11 0.506875 0.43000000000000005 0.02375 0.04666666666666667
11 0.39125 0.4 0.035 0.03666666666666667
11 0.42125 0.4008333333333334 0.03 0.055
11 0.401875 0.3616666666666667 0.03125 0.043333333333333335
11 0.43062500000000004 0.3325 0.03625 0.035
11 0.435 0.36333333333333334 0.0325 0.03333333333333333
11 0.451875 0.3816666666666667 0.03125 0.043333333333333335
24 0.500625 0.25583333333333336 0.03125 0.035
24 0.465 0.2575 0.035 0.055
11 0.439375 0.2675 0.02625 0.04833333333333334
11 0.45687500000000003 0.2991666666666667 0.03125 0.03833333333333334
11 0.4575 0.17 0.035 0.03666666666666667
11 0.46 0.20750000000000002 0.035 0.03833333333333334
11 0.46625 0.34 0.03 0.05
11 0.481875 0.35250000000000004 0.02625 0.04166666666666667
11 0.5075000000000001 0.35333333333333333 0.0325 0.043333333333333335
11 0.53625 0.35083333333333333 0.0325 0.035
11 0.531875 0.3241666666666667 0.02875 0.045000000000000005
11 0.50875 0.32 0.0375 0.03333333333333333
11 0.508125 0.28750000000000003 0.03875 0.045000000000000005
11 0.56 0.3591666666666667 0.035 0.04166666666666667
11 0.553125 0.3916666666666667 0.02875 0.03333333333333333
11 0.526875 0.3866666666666667 0.02625 0.043333333333333335
11 0.6075 0.47000000000000003 0.035 0.043333333333333335
11 0.605 0.4425 0.03 0.04166666666666667
11 0.55875 0.41750000000000004 0.025 0.035
11 0.578125 0.4316666666666667 0.03375 0.03666666666666667
11 0.599375 0.40750000000000003 0.03625 0.04166666666666667
11 0.64125 0.46416666666666667 0.0325 0.04166666666666667
11 0.675 0.4625 0.03 0.04166666666666667
11 0.73375 0.4391666666666667 0.0225 0.04833333333333334
11 0.7475 0.4091666666666667 0.03 0.035
11 0.713125 0.42250000000000004 0.02375 0.045000000000000005
11 0.690625 0.43250000000000005 0.02375 0.045000000000000005
11 0.666875 0.4341666666666667 0.03125 0.03833333333333334
11 0.63625 0.42750000000000005 0.0375 0.04166666666666667
11 0.669375 0.4033333333333334 0.02625 0.03666666666666667
11 0.7075 0.3875 0.03 0.03166666666666667
11 0.729375 0.3841666666666667 0.02125 0.04166666666666667
11 0.74625 0.36833333333333335 0.025 0.05333333333333334
11 0.68 0.3725 0.025 0.045000000000000005
11 0.625625 0.3791666666666667 0.02625 0.05166666666666667
11 0.7312500000000001 0.3041666666666667 0.0325 0.04166666666666667
11 0.705 0.3075 0.025 0.04166666666666667
11 0.639375 0.2833333333333333 0.02875 0.03333333333333333
11 0.66 0.25833333333333336 0.0275 0.04
11 0.5962500000000001 0.20750000000000002 0.025 0.045000000000000005
11 0.5225 0.17833333333333334 0.0275 0.04
11 0.5231250000000001 0.25333333333333335 0.03125 0.04666666666666667
11 0.550625 0.2833333333333333 0.02875 0.04
11 0.624375 0.32 0.02375 0.04666666666666667
11 0.605 0.32083333333333336 0.02 0.04166666666666667
11 0.620625 0.26083333333333336 0.01875 0.03833333333333334
11 0.606875 0.24500000000000002 0.01625 0.03333333333333333
11 0.588125 0.24666666666666667 0.01875 0.03666666666666667
11 0.56125 0.25583333333333336 0.025 0.025
11 0.68 0.21250000000000002 0.025 0.03833333333333334
11 0.6525 0.21000000000000002 0.0175 0.03666666666666667
11 0.62875 0.19583333333333336 0.0175 0.028333333333333335
11 0.57625 0.21250000000000002 0.025 0.04166666666666667
11 0.556875 0.17666666666666667 0.02125 0.03666666666666667
11 0.5225 0.22083333333333335 0.025 0.028333333333333335
11 0.50125 0.22083333333333335 0.025 0.028333333333333335
11 0.505625 0.19416666666666668 0.03375 0.025
