19 0.53625 0.15416666666666667 0.0625 0.058333333333333334
24 0.74625 0.24916666666666668 0.045 0.07833333333333334
19 0.769375 0.2941666666666667 0.043750000000000004 0.04166666666666667
23 0.70625 0.26916666666666667 0.0425 0.04166666666666667
24 0.665625 0.3066666666666667 0.03875 0.07666666666666667
19 0.696875 0.385 0.03375 0.04666666666666667
23 0.705 0.36250000000000004 0.04 0.04166666666666667
24 0.660625 0.35500000000000004 0.051250000000000004 0.060000000000000005
24 0.641875 0.39666666666666667 0.03375 0.05666666666666667
23 0.6793750000000001 0.42000000000000004 0.03625 0.043333333333333335
23 0.7075 0.43000000000000005 0.0325 0.04
21 0.729375 0.45333333333333337 0.04625 0.05666666666666667
19 0.6775 0.4716666666666667 0.05 0.05333333333333334
25 0.62875 0.4683333333333334 0.045 0.060000000000000005
23 0.76 0.5141666666666667 0.04 0.05166666666666667
19 0.6875 0.8058333333333334 0.06 0.058333333333333334
