4 0.283492 0.760682 0.121251 0.108785
4 0.835951 0.346013 0.107588 0.113772
4 0.313803 0.107488 0.101612 0.089818
4 0.415842 0.173856 0.090514 0.114769
4 0.381687 0.047608 0.097342 0.079844
4 0.354790 0.464276 0.079409 0.132736
5 0.284824 0.296168 0.085982 0.117821
8 0.285072 0.402148 0.047933 0.099916
8 0.454191 0.604362 0.051886 0.113692
8 0.597617 0.433912 0.047435 0.111470
8 0.552660 0.113188 0.092502 0.073463
8 0.517378 0.836048 0.059891 0.123365
12 0.878883 0.233629 0.042415 0.041873
7 0.123052 0.422637 0.146464 0.103267
