11 0.320625 0.18000000000000002 0.05625 0.04666666666666667
11 0.358125 0.275 0.051250000000000004 0.060000000000000005
11 0.429375 0.27166666666666667 0.04625 0.07666666666666667
11 0.41000000000000003 0.3408333333333334 0.07 0.05166666666666667
11 0.39937500000000004 0.39416666666666667 0.04875 0.06833333333333334
11 0.42625 0.4391666666666667 0.0325 0.08833333333333333
11 0.4025 0.4658333333333334 0.05 0.085
11 0.314375 0.29500000000000004 0.03625 0.08666666666666667
11 0.255 0.34833333333333333 0.055 0.05333333333333334
11 0.135625 0.36333333333333334 0.058750000000000004 0.04666666666666667
11 0.19187500000000002 0.39416666666666667 0.03375 0.07500000000000001
11 0.268125 0.3975 0.06375 0.05166666666666667
11 0.295 0.43250000000000005 0.06 0.058333333333333334
11 0.308125 0.48333333333333334 0.06125 0.06333333333333334
11 0.37125 0.5108333333333334 0.0375 0.09833333333333334
11 0.41625 0.54 0.0575 0.07666666666666667
11 0.24875 0.5133333333333334 0.0425 0.08
11 0.296875 0.5383333333333333 0.058750000000000004 0.05333333333333334
11 0.208125 0.5741666666666667 0.04625 0.06833333333333334
11 0.17125 0.5908333333333333 0.0425 0.085
11 0.2475 0.6016666666666667 0.0575 0.05
11 0.275 0.615 0.0375 0.06666666666666667
11 0.30375 0.6566666666666667 0.045 0.06666666666666667
11 0.344375 0.66 0.058750000000000004 0.07
11 0.40625 0.675 0.06 0.06333333333333334
11 0.40625 0.7258333333333333 0.0575 0.058333333333333334
11 0.416875 0.7816666666666667 0.04625 0.07666666666666667
11 0.385 0.8158333333333334 0.0325 0.07166666666666667
11 0.41125 0.8508333333333334 0.045 0.07833333333333334
11 0.31125 0.7883333333333333 0.06 0.07666666666666667
11 0.25875 0.8 0.0575 0.06666666666666667
11 0.275 0.7291666666666667 0.0375 0.07833333333333334
11 0.316875 0.7416666666666667 0.05625 0.060000000000000005
11 0.34500000000000003 0.7116666666666667 0.0625 0.05
11 0.2625 0.6766666666666667 0.035 0.07333333333333333
11 0.224375 0.6691666666666667 0.04625 0.06166666666666667
11 0.216875 0.7216666666666667 0.043750000000000004 0.05333333333333334
11 0.22 0.7675000000000001 0.0475 0.06166666666666667
11 0.18125 0.8150000000000001 0.06 0.05666666666666667
11 0.15937500000000002 0.7616666666666667 0.06125 0.07333333333333333
11 0.179375 0.7325 0.03625 0.05166666666666667
11 0.063125 0.7016666666666667 0.04875 0.08666666666666667
18 0.25375000000000003 0.8525 0.025 0.045000000000000005
18 0.145625 0.9083333333333334 0.02625 0.03333333333333333
11 0.53 0.9325000000000001 0.0575 0.055
11 0.45437500000000003 0.9258333333333334 0.06375 0.06833333333333334
11 0.551875 0.8808333333333334 0.04875 0.07166666666666667
11 0.51875 0.8375 0.0375 0.07500000000000001
11 0.624375 0.79 0.05375 0.06666666666666667
11 0.578125 0.755 0.06125 0.060000000000000005
11 0.57375 0.8 0.05 0.05333333333333334
11 0.479375 0.8141666666666667 0.051250000000000004 0.045000000000000005
11 0.453125 0.8683333333333334 0.03875 0.07666666666666667
11 0.48375 0.7783333333333334 0.0675 0.060000000000000005
11 0.5 0.7350000000000001 0.06 0.07666666666666667
11 0.46125 0.6916666666666668 0.045 0.08666666666666667
11 0.43375 0.6333333333333334 0.0575 0.05
11 0.435 0.5975 0.06 0.04833333333333334
11 0.398125 0.5825 0.06375 0.06166666666666667
11 0.465 0.555 0.0525 0.09000000000000001
11 0.5125 0.5408333333333334 0.07 0.058333333333333334
11 0.63125 0.5025000000000001 0.07 0.06166666666666667
11 0.6775 0.4575 0.0425 0.085
11 0.593125 0.3975 0.05375 0.08166666666666667
11 0.535 0.45083333333333336 0.0725 0.07166666666666667
11 0.47375 0.47250000000000003 0.065 0.06833333333333334
11 0.646875 0.6708333333333334 0.06375 0.065
11 0.5387500000000001 0.7150000000000001 0.0525 0.07666666666666667
20 0.6725 0.7833333333333334 0.035 0.06666666666666667
11 0.70375 0.8408333333333334 0.0375 0.07833333333333334
11 0.8562500000000001 0.8025000000000001 0.045 0.07166666666666667
11 0.87875 0.7791666666666667 0.04 0.058333333333333334
11 0.81625 0.7066666666666667 0.0525 0.06333333333333334
11 0.843125 0.6708333333333334 0.03125 0.08166666666666667
11 0.72875 0.6975 0.0525 0.058333333333333334
18 0.85875 0.5983333333333334 0.0375 0.03333333333333333
11 0.93375 0.8475 0.03 0.06833333333333334
11 0.981875 0.4591666666666667 0.02625 0.065
11 0.8512500000000001 0.3433333333333334 0.055 0.06333333333333334
11 0.785625 0.3225 0.04625 0.08166666666666667
11 0.921875 0.26 0.03125 0.06666666666666667
18 0.7262500000000001 0.09250000000000001 0.0275 0.058333333333333334
11 0.510625 0.2941666666666667 0.04125 0.08833333333333333
11 0.5475 0.325 0.0375 0.09333333333333334
