1 0.495934 0.323285 0.061933 0.048883
1 0.298355 0.219409 0.078528 0.057668
1 0.045056 0.237277 0.047255 0.082033
1 0.176744 0.202352 0.059066 0.075537
1 0.412084 0.297434 0.056704 0.063925
1 0.455719 0.386271 0.045039 0.076144
1 0.520064 0.408832 0.061933 0.050760
1 0.516444 0.451135 0.069172 0.040422
1 0.458534 0.556657 0.061127 0.042772
1 0.520666 0.528925 0.047856 0.085075
1 0.594059 0.528456 0.068366 0.053114
1 0.502770 0.623401 0.059521 0.063456
1 0.645132 0.494614 0.041824 0.075675
1 0.804989 0.350547 0.047053 0.081786
1 0.743056 0.202488 0.051877 0.062983
1 0.624824 0.203663 0.043031 0.068156
1 0.538562 0.349844 0.068366 0.040895
1 0.446871 0.151490 0.032975 0.072852
1 0.437219 0.057954 0.042630 0.080375
1 0.491913 0.099081 0.066757 0.050764
1 0.566513 0.162535 0.071183 0.049822
1 0.538763 0.084276 0.037401 0.084136
1 0.491309 0.026273 0.039007 0.052546
1 0.641715 0.099081 0.061531 0.046064
1 0.702440 0.131984 0.059919 0.068625
1 0.674891 0.038681 0.043433 0.076613
1 0.616379 0.023219 0.056704 0.046439
1 0.817053 0.126108 0.055898 0.034311
1 0.863501 0.173818 0.063542 0.042303
1 0.938101 0.204369 0.067158 0.043245
1 0.855459 0.099081 0.064345 0.051702
1 0.762160 0.134334 0.053084 0.055464
1 0.864709 0.033041 0.061930 0.034311
1 0.964441 0.135273 0.041824 0.080848
1 0.675045 0.619491 0.053084 0.072761
1 0.629683 0.699867 0.049225 0.077836
1 0.705931 0.698738 0.045363 0.086861
1 0.533649 0.766704 0.060806 0.053583
1 0.606278 0.765295 0.058394 0.055275
1 0.420000 0.800547 0.043915 0.079531
1 0.478634 0.842568 0.055014 0.087988
1 0.348336 0.735402 0.078179 0.066555
1 0.272571 0.825366 0.068528 0.056966
1 0.334583 0.834673 0.052602 0.068814
1 0.340132 0.925766 0.065630 0.073889
1 0.169055 0.950582 0.073834 0.053583
1 0.214177 0.889949 0.055979 0.062044
1 0.115489 0.641490 0.075764 0.043430
1 0.510725 0.955095 0.079627 0.081786
1 0.770356 0.807599 0.051637 0.086861
1 0.826576 0.756270 0.036676 0.075580
1 0.911029 0.691124 0.063701 0.051328
1 0.933951 0.771219 0.065151 0.069378
1 0.896552 0.908279 0.051155 0.071633
1 0.873629 0.984174 0.067077 0.031652
2 0.595419 0.933661 0.041500 0.065991
2 0.531477 0.689713 0.059356 0.063172
2 0.770884 0.020879 0.068690 0.040164
2 0.702468 0.064447 0.033514 0.045045
0 0.222737 0.387439 0.108581 0.084605
