1 0.623072 0.792372 0.039570 0.063172
1 0.267166 0.123872 0.049222 0.081219
1 0.244967 0.183772 0.072873 0.065427
1 0.404944 0.200695 0.040538 0.078967
1 0.201534 0.054607 0.067077 0.049636
1 0.293467 0.020535 0.061768 0.041069
1 0.183196 0.281069 0.038126 0.059222
1 0.171857 0.207463 0.043433 0.068814
1 0.086197 0.514864 0.058394 0.071066
1 0.250999 0.545322 0.055014 0.080095
1 0.254619 0.499634 0.067077 0.050764
1 0.351377 0.483559 0.082039 0.069374
1 0.385400 0.585369 0.042951 0.087988
1 0.435345 0.639516 0.043433 0.071066
1 0.538620 0.488354 0.040538 0.082346
1 0.556234 0.303914 0.069007 0.046250
1 0.511354 0.256533 0.043915 0.086861
1 0.690392 0.266122 0.064183 0.038356
1 0.692563 0.072093 0.063701 0.084609
1 0.534276 0.090988 0.051155 0.060353
1 0.904178 0.113267 0.055496 0.081222
1 0.818036 0.082246 0.038606 0.067686
1 0.849886 0.027304 0.049222 0.054609
1 0.731653 0.142315 0.066598 0.040047
1 0.677362 0.623723 0.036194 0.084609
1 0.964500 0.692819 0.065148 0.073889
1 0.532106 0.891924 0.069010 0.054711
1 0.300224 0.734838 0.053084 0.099272
1 0.329902 0.679282 0.054532 0.088552
1 0.143866 0.750915 0.084936 0.044558
1 0.097056 0.687743 0.039570 0.081786
1 0.113945 0.785038 0.061771 0.040611
1 0.279714 0.860620 0.077697 0.047381
1 0.451755 0.971484 0.040535 0.057032
1 0.596047 0.903203 0.060803 0.061481
1 0.637309 0.642617 0.072870 0.085169
1 0.815864 0.730326 0.048739 0.051892
1 0.937476 0.868234 0.027507 0.065991
1 0.246175 0.766706 0.032817 0.080658
2 0.220598 0.805908 0.055979 0.043994
2 0.106225 0.827341 0.059838 0.040611
2 0.111533 0.609622 0.041503 0.069938
2 0.195985 0.384287 0.069493 0.042303
2 0.332555 0.262737 0.055014 0.051892
2 0.472988 0.149367 0.041500 0.045122
2 0.463578 0.286428 0.040053 0.055278
2 0.483123 0.318578 0.047292 0.059789
2 0.662644 0.424052 0.082039 0.063172
2 0.825999 0.132445 0.054532 0.045122
2 0.578192 0.225511 0.055014 0.038356
2 0.848922 0.699021 0.051152 0.052455
2 0.971740 0.761632 0.047775 0.036664
2 0.496393 0.948045 0.043915 0.048509
2 0.513575 0.038476 0.059648 0.043318
2 0.960582 0.255406 0.039956 0.064300
2 0.991438 0.316322 0.017124 0.060240
1 0.016195 0.257097 0.032390 0.087988
