20 0.42625 0.2275 0.0475 0.055
22 0.1775 0.045000000000000005 0.0175 0.05333333333333334
22 0.07062500000000001 0.2575 0.02125 0.055
22 0.2625 0.14916666666666667 0.0225 0.05166666666666667
22 0.345625 0.16333333333333333 0.02625 0.05666666666666667
22 0.281875 0.21583333333333335 0.03375 0.04833333333333334
22 0.33 0.2783333333333334 0.04 0.02666666666666667
22 0.314375 0.3491666666666667 0.04125 0.03833333333333334
22 0.321875 0.4266666666666667 0.03625 0.03333333333333333
22 0.26625 0.395 0.035 0.03333333333333333
22 0.235625 0.4033333333333334 0.02375 0.060000000000000005
22 0.193125 0.4716666666666667 0.03625 0.043333333333333335
22 0.185 0.5216666666666667 0.0325 0.05
22 0.195 0.5725 0.0375 0.045000000000000005
22 0.29812500000000003 0.4741666666666667 0.01625 0.058333333333333334
22 0.31625000000000003 0.4766666666666667 0.02 0.06666666666666667
22 0.29812500000000003 0.5633333333333334 0.03875 0.04666666666666667
22 0.373125 0.9525 0.043750000000000004 0.028333333333333335
22 0.535 0.9450000000000001 0.025 0.05333333333333334
22 0.443125 0.8541666666666667 0.043750000000000004 0.028333333333333335
22 0.4675 0.8233333333333334 0.0425 0.02666666666666667
22 0.473125 0.6533333333333333 0.04875 0.04
22 0.483125 0.6875 0.03375 0.045000000000000005
11 0.61875 0.895 0.0525 0.06333333333333334
22 0.65125 0.7766666666666667 0.0225 0.05666666666666667
22 0.6168750000000001 0.7350000000000001 0.043750000000000004 0.04
22 0.64875 0.6758333333333334 0.025 0.07166666666666667
22 0.588125 0.5041666666666667 0.04625 0.03166666666666667
22 0.43375 0.4666666666666667 0.04 0.03333333333333333
22 0.69125 0.6716666666666667 0.0525 0.08333333333333334
22 0.701875 0.35250000000000004 0.04875 0.03166666666666667
22 0.655 0.4191666666666667 0.0325 0.04166666666666667
22 0.60875 0.4133333333333334 0.04 0.043333333333333335
22 0.39375 0.3491666666666667 0.04 0.03833333333333334
22 0.556875 0.24083333333333334 0.02375 0.06833333333333334
22 0.506875 0.25833333333333336 0.03625 0.04
22 0.525625 0.21666666666666667 0.03625 0.04
22 0.599375 0.14250000000000002 0.04625 0.03166666666666667
22 0.5275 0.10750000000000001 0.0375 0.04166666666666667
22 0.543125 0.04666666666666667 0.03375 0.05333333333333334
22 0.7106250000000001 0.050833333333333335 0.03625 0.05166666666666667
22 0.93875 0.2325 0.0225 0.06166666666666667
22 0.895625 0.5291666666666667 0.02875 0.058333333333333334
22 0.96 0.5416666666666667 0.0325 0.03333333333333333
11 0.555625 0.2941666666666667 0.06625 0.058333333333333334
