20 0.38125000000000003 0.14416666666666667 0.0375 0.065
20 0.345625 0.15833333333333335 0.04875 0.05
20 0.296875 0.15583333333333335 0.03875 0.05166666666666667
20 0.254375 0.2325 0.03125 0.058333333333333334
20 0.326875 0.275 0.04125 0.05666666666666667
20 0.29812500000000003 0.22833333333333336 0.03625 0.03666666666666667
20 0.2975 0.26916666666666667 0.04 0.04166666666666667
20 0.26375 0.28583333333333333 0.0375 0.07166666666666667
20 0.23500000000000001 0.28 0.0425 0.060000000000000005
20 0.20625000000000002 0.225 0.04 0.04666666666666667
20 0.153125 0.22083333333333335 0.03875 0.055
20 0.36375 0.3275 0.0425 0.05166666666666667
20 0.390625 0.3408333333333334 0.01875 0.065
20 0.33625 0.4133333333333334 0.0375 0.06333333333333334
20 0.308125 0.35333333333333333 0.03875 0.06666666666666667
20 0.294375 0.38 0.02875 0.04666666666666667
20 0.28125 0.40166666666666667 0.04 0.03666666666666667
20 0.270625 0.44333333333333336 0.05625 0.05
20 0.308125 0.4991666666666667 0.03875 0.04166666666666667
20 0.27125 0.5025000000000001 0.0425 0.04833333333333334
20 0.20125 0.4816666666666667 0.035 0.060000000000000005
20 0.10625 0.4808333333333334 0.0425 0.055
20 0.075 0.2916666666666667 0.03 0.05333333333333334
20 0.31375000000000003 0.5975 0.035 0.058333333333333334
20 0.349375 0.6208333333333333 0.05625 0.07500000000000001
20 0.40125 0.635 0.0325 0.07333333333333333
20 0.3275 0.7483333333333334 0.04 0.05
20 0.375625 0.7925000000000001 0.051250000000000004 0.06833333333333334
20 0.43125 0.8016666666666667 0.045 0.06666666666666667
20 0.283125 0.7466666666666667 0.06125 0.07666666666666667
20 0.261875 0.7908333333333334 0.04625 0.04166666666666667
20 0.305 0.9025000000000001 0.04 0.06833333333333334
20 0.309375 0.9683333333333334 0.03625 0.060000000000000005
20 0.259375 0.9541666666666667 0.04125 0.055
20 0.185625 0.9325000000000001 0.058750000000000004 0.05166666666666667
20 0.340625 0.9850000000000001 0.03875 0.02666666666666667
20 0.5181250000000001 0.3841666666666667 0.03625 0.07500000000000001
20 0.436875 0.2791666666666667 0.05375 0.06166666666666667
19 0.500625 0.33083333333333337 0.07375 0.08166666666666667
19 0.474375 0.26166666666666666 0.051250000000000004 0.09000000000000001
26 0.4175 0.33333333333333337 0.045 0.043333333333333335
