27 0.59125 0.8133333333333334 0.0575 0.05
27 0.45125 0.5866666666666667 0.05 0.07666666666666667
27 0.57625 0.3591666666666667 0.045 0.07833333333333334
27 0.415625 0.21250000000000002 0.04625 0.055
27 0.395625 0.030833333333333334 0.05625 0.058333333333333334
27 0.61125 0.17500000000000002 0.0475 0.04666666666666667
27 0.626875 0.14666666666666667 0.05375 0.060000000000000005
27 0.669375 0.10833333333333334 0.04125 0.08333333333333334
27 0.716875 0.17 0.04125 0.07333333333333333
24 0.30062500000000003 0.15083333333333335 0.06125 0.06833333333333334
26 0.49312500000000004 0.04416666666666667 0.02625 0.04166666666666667
26 0.43625 0.17250000000000001 0.035 0.03166666666666667
18 0.201875 0.33916666666666667 0.03125 0.03166666666666667
18 0.37875000000000003 0.36333333333333334 0.0275 0.03666666666666667
18 0.41250000000000003 0.3775 0.0375 0.03166666666666667
18 0.47875 0.3741666666666667 0.03 0.021666666666666667
26 0.4625 0.2675 0.0325 0.03166666666666667
21 0.386875 0.29833333333333334 0.051250000000000004 0.08666666666666667
18 0.32937500000000003 0.5583333333333333 0.02375 0.04666666666666667
18 0.1825 0.5766666666666667 0.025 0.043333333333333335
18 0.41375 0.5266666666666667 0.025 0.030000000000000002
26 0.3875 0.6058333333333333 0.0375 0.04166666666666667
26 0.49062500000000003 0.6050000000000001 0.03375 0.030000000000000002
26 0.385625 0.7033333333333334 0.03375 0.03333333333333333
26 0.47500000000000003 0.7050000000000001 0.03 0.03666666666666667
26 0.548125 0.5766666666666667 0.02375 0.043333333333333335
26 0.564375 0.655 0.03125 0.03666666666666667
21 0.25 0.7533333333333334 0.04 0.07666666666666667
26 0.55375 0.8258333333333334 0.0325 0.028333333333333335
18 0.58125 0.6950000000000001 0.0325 0.04
26 0.673125 0.5383333333333333 0.03375 0.030000000000000002
26 0.573125 0.48583333333333334 0.03125 0.04166666666666667
18 0.641875 0.41250000000000003 0.03375 0.045000000000000005
