26 0.25625 0.17666666666666667 0.035 0.030000000000000002
26 0.345625 0.27166666666666667 0.03875 0.03333333333333333
26 0.495 0.225 0.0225 0.05333333333333334
26 0.564375 0.3091666666666667 0.02625 0.03833333333333334
26 0.5387500000000001 0.32916666666666666 0.04 0.025
26 0.604375 0.6333333333333334 0.02875 0.04
26 0.416875 0.7766666666666667 0.02375 0.03666666666666667
26 0.468125 0.6900000000000001 0.03875 0.03666666666666667
19 0.5231250000000001 0.2866666666666667 0.03875 0.060000000000000005
19 0.50375 0.3325 0.035 0.055
11 0.8306250000000001 0.42833333333333334 0.043750000000000004 0.06666666666666667
