20 0.39437500000000003 0.14 0.043750000000000004 0.05333333333333334
20 0.413125 0.2016666666666667 0.043750000000000004 0.06666666666666667
18 0.359375 0.3166666666666667 0.03875 0.05333333333333334
18 0.31625000000000003 0.29750000000000004 0.0325 0.04166666666666667
20 0.15125 0.4866666666666667 0.0425 0.060000000000000005
18 0.26 0.5466666666666667 0.045 0.07
11 0.33625 0.7308333333333333 0.07 0.06833333333333334
11 0.304375 0.8 0.06625 0.06666666666666667
18 0.27375 0.8975000000000001 0.04 0.045000000000000005
11 0.474375 0.8625 0.04875 0.07833333333333334
20 0.569375 0.21500000000000002 0.043750000000000004 0.060000000000000005
18 0.66625 0.18916666666666668 0.03 0.03833333333333334
18 0.631875 0.1575 0.03375 0.04833333333333334
