11 0.039375 0.20833333333333334 0.05375 0.06666666666666667
11 0.395625 0.2525 0.058750000000000004 0.095
11 0.56125 0.38583333333333336 0.055 0.085
11 0.49875 0.7908333333333334 0.0625 0.085
18 0.16125 0.36250000000000004 0.04 0.04833333333333334
18 0.13125 0.4566666666666667 0.03 0.05
18 0.08875 0.48833333333333334 0.0275 0.05
18 0.24 0.5266666666666667 0.0375 0.05
18 0.163125 0.5441666666666667 0.03625 0.045000000000000005
18 0.12625 0.5625 0.0425 0.04166666666666667
18 0.181875 0.6683333333333333 0.02375 0.04666666666666667
18 0.20375000000000001 0.6775 0.035 0.035
18 0.15 0.7733333333333334 0.03 0.03666666666666667
18 0.171875 0.7766666666666667 0.02625 0.05
18 0.265625 0.7233333333333334 0.03625 0.05333333333333334
18 0.216875 0.7133333333333334 0.03375 0.043333333333333335
18 0.3075 0.7308333333333333 0.035 0.055
18 0.245 0.805 0.0325 0.04
18 0.274375 0.8608333333333333 0.03375 0.04833333333333334
18 0.308125 0.8616666666666667 0.03625 0.043333333333333335
18 0.28375 0.8250000000000001 0.0325 0.05333333333333334
18 0.34750000000000003 0.8683333333333334 0.04 0.05333333333333334
18 0.40125 0.89 0.0275 0.05
18 0.353125 0.9258333333333334 0.03625 0.04833333333333334
18 0.384375 0.9441666666666667 0.03125 0.04166666666666667
18 0.42625 0.8933333333333334 0.0375 0.04
18 0.38375000000000004 0.8258333333333334 0.0325 0.04166666666666667
18 0.42375 0.7991666666666667 0.03 0.045000000000000005
18 0.42125 0.6633333333333333 0.0275 0.05
18 0.38 0.7125 0.0375 0.04833333333333334
18 0.51125 0.9550000000000001 0.035 0.043333333333333335
18 0.56625 0.9758333333333334 0.05 0.035
18 0.591875 0.9175000000000001 0.03875 0.04833333333333334
18 0.5650000000000001 0.8758333333333334 0.0375 0.04833333333333334
18 0.65375 0.9033333333333334 0.0275 0.04
18 0.62875 0.8608333333333333 0.0475 0.065
23 0.57875 0.6633333333333333 0.0475 0.06333333333333334
19 0.664375 0.7666666666666667 0.04625 0.07666666666666667
