27 0.386875 0.09833333333333334 0.03625 0.06333333333333334
27 0.3125 0.2316666666666667 0.0425 0.05666666666666667
27 0.18125 0.24166666666666667 0.0575 0.05666666666666667
27 0.40375 0.29250000000000004 0.0375 0.07500000000000001
27 0.46187500000000004 0.26583333333333337 0.043750000000000004 0.07833333333333334
27 0.2625 0.32916666666666666 0.0425 0.04166666666666667
27 0.305625 0.35083333333333333 0.03125 0.07833333333333334
27 0.405 0.3841666666666667 0.0525 0.058333333333333334
27 0.3725 0.4008333333333334 0.0375 0.06833333333333334
27 0.39687500000000003 0.4416666666666667 0.02875 0.07
27 0.3625 0.4758333333333334 0.055 0.045000000000000005
27 0.42562500000000003 0.48250000000000004 0.03625 0.07833333333333334
27 0.47500000000000003 0.49000000000000005 0.0525 0.04666666666666667
27 0.29875 0.5 0.04 0.08666666666666667
27 0.14625 0.5483333333333333 0.0375 0.07666666666666667
27 0.18125 0.5575 0.0375 0.07166666666666667
27 0.33125 0.5816666666666667 0.035 0.06666666666666667
27 0.30875 0.6291666666666667 0.0575 0.05166666666666667
27 0.39 0.6533333333333333 0.045 0.06666666666666667
27 0.39375 0.6075 0.045 0.05166666666666667
27 0.420625 0.5933333333333334 0.04125 0.043333333333333335
27 0.411875 0.545 0.03875 0.04666666666666667
27 0.455625 0.5716666666666667 0.05625 0.05333333333333334
27 0.486875 0.6058333333333333 0.04875 0.035
27 0.435625 0.6775 0.03875 0.06833333333333334
27 0.49312500000000004 0.6441666666666667 0.04875 0.03833333333333334
27 0.469375 0.6933333333333334 0.04875 0.043333333333333335
27 0.484375 0.7175 0.04125 0.035
27 0.43125 0.7400000000000001 0.03 0.06333333333333334
27 0.408125 0.7933333333333333 0.04875 0.043333333333333335
27 0.411875 0.8508333333333334 0.06625 0.06166666666666667
27 0.4175 0.9225000000000001 0.0475 0.055
27 0.476875 0.8383333333333334 0.04875 0.05666666666666667
27 0.51375 0.8583333333333334 0.0325 0.060000000000000005
27 0.491875 0.8016666666666667 0.05625 0.03666666666666667
27 0.489375 0.7683333333333334 0.05375 0.03666666666666667
27 0.455625 0.7583333333333334 0.03125 0.060000000000000005
27 0.503125 0.7291666666666667 0.043750000000000004 0.03833333333333334
27 0.528125 0.7025 0.04625 0.04166666666666667
27 0.543125 0.7433333333333334 0.04625 0.043333333333333335
27 0.589375 0.7483333333333334 0.04875 0.05666666666666667
27 0.553125 0.6950000000000001 0.03625 0.043333333333333335
27 0.579375 0.6483333333333334 0.03125 0.06666666666666667
27 0.636875 0.6758333333333334 0.051250000000000004 0.04833333333333334
27 0.6125 0.6258333333333334 0.04 0.058333333333333334
27 0.6375000000000001 0.5708333333333334 0.0475 0.055
27 0.771875 0.8150000000000001 0.03375 0.06333333333333334
27 0.80125 0.78 0.0425 0.04666666666666667
27 0.74625 0.7558333333333334 0.035 0.065
27 0.720625 0.7158333333333334 0.06125 0.045000000000000005
27 0.798125 0.7166666666666667 0.03875 0.06333333333333334
27 0.83625 0.6491666666666667 0.055 0.04833333333333334
27 0.80625 0.43250000000000005 0.0475 0.06166666666666667
27 0.573125 0.54 0.058750000000000004 0.043333333333333335
27 0.5181250000000001 0.4608333333333334 0.02625 0.07166666666666667
27 0.551875 0.5 0.04625 0.05666666666666667
27 0.575625 0.4716666666666667 0.06625 0.04666666666666667
27 0.56875 0.4191666666666667 0.0625 0.04166666666666667
27 0.5675 0.37083333333333335 0.0525 0.04833333333333334
27 0.553125 0.33666666666666667 0.06375 0.04666666666666667
27 0.538125 0.30083333333333334 0.03875 0.07166666666666667
27 0.513125 0.26666666666666666 0.043750000000000004 0.06333333333333334
27 0.5962500000000001 0.23500000000000001 0.05 0.05333333333333334
27 0.635 0.2341666666666667 0.045 0.045000000000000005
27 0.716875 0.2516666666666667 0.04125 0.06666666666666667
27 0.7262500000000001 0.1925 0.06 0.05166666666666667
27 0.67375 0.225 0.045 0.07
27 0.64625 0.16333333333333333 0.0575 0.05
27 0.57625 0.11666666666666667 0.0575 0.05333333333333334
27 0.65125 0.09666666666666668 0.055 0.043333333333333335
27 0.624375 0.06833333333333334 0.058750000000000004 0.04666666666666667
11 0.67625 0.12666666666666668 0.0525 0.043333333333333335
11 0.56875 0.2 0.0575 0.04
11 0.613125 0.155 0.051250000000000004 0.04666666666666667
11 0.625 0.18916666666666668 0.055 0.045000000000000005
11 0.76625 0.3566666666666667 0.0475 0.043333333333333335
11 0.704375 0.33916666666666667 0.03375 0.065
11 0.6687500000000001 0.32583333333333336 0.04 0.07500000000000001
11 0.6062500000000001 0.3433333333333334 0.0525 0.043333333333333335
11 0.486875 0.3866666666666667 0.04125 0.05666666666666667
11 0.68125 0.5725 0.045 0.07500000000000001
11 0.6587500000000001 0.6583333333333333 0.0325 0.07
11 0.785 0.5358333333333334 0.055 0.035
11 0.8425 0.5916666666666667 0.04 0.043333333333333335
11 0.8250000000000001 0.6908333333333334 0.0275 0.055
11 0.77125 0.7275 0.0275 0.06166666666666667
11 0.6375000000000001 0.8450000000000001 0.0375 0.06333333333333334
11 0.5375 0.7808333333333334 0.045 0.04833333333333334
11 0.59 0.6933333333333334 0.05 0.043333333333333335
11 0.553125 0.6433333333333334 0.04625 0.03666666666666667
11 0.535625 0.6158333333333333 0.043750000000000004 0.03833333333333334
11 0.583125 0.5975 0.05625 0.04166666666666667
11 0.52875 0.5816666666666667 0.045 0.030000000000000002
11 0.51875 0.5491666666666667 0.0475 0.03833333333333334
11 0.33125 0.8783333333333334 0.03 0.06333333333333334
11 0.450625 0.6241666666666668 0.03125 0.06166666666666667
11 0.47500000000000003 0.5366666666666667 0.045 0.05333333333333334
11 0.3625 0.5633333333333334 0.045 0.05666666666666667
11 0.375625 0.5225000000000001 0.03875 0.07500000000000001
11 0.34 0.38333333333333336 0.0325 0.07666666666666667
11 0.283125 0.37000000000000005 0.02625 0.06333333333333334
11 0.14250000000000002 0.315 0.045 0.05333333333333334
11 0.22125 0.335 0.04 0.06666666666666667
18 0.41375 0.2525 0.03 0.04166666666666667
18 0.618125 0.30250000000000005 0.02875 0.035
18 0.6175 0.42583333333333334 0.0225 0.03833333333333334
