11 0.315 0.17083333333333334 0.03 0.045000000000000005
11 0.295 0.23750000000000002 0.0325 0.03833333333333334
11 0.321875 0.24833333333333335 0.02625 0.04
11 0.36062500000000003 0.19416666666666668 0.03375 0.03833333333333334
11 0.37375 0.22416666666666668 0.04 0.035
11 0.371875 0.29833333333333334 0.03625 0.05666666666666667
11 0.420625 0.30333333333333334 0.03125 0.05666666666666667
11 0.439375 0.42583333333333334 0.02625 0.055
11 0.49125 0.3466666666666667 0.04 0.04
11 0.2925 0.5166666666666667 0.025 0.05333333333333334
11 0.210625 0.5133333333333334 0.03375 0.03666666666666667
11 0.248125 0.6158333333333333 0.03375 0.03833333333333334
11 0.38625 0.5508333333333334 0.0325 0.04833333333333334
11 0.42 0.5341666666666667 0.03 0.055
11 0.43125 0.6383333333333334 0.035 0.043333333333333335
11 0.4025 0.7025 0.045 0.035
11 0.243125 0.6950000000000001 0.03125 0.030000000000000002
11 0.39687500000000003 0.8633333333333334 0.02625 0.03666666666666667
11 0.460625 0.7108333333333334 0.02625 0.04833333333333334
11 0.4925 0.7158333333333334 0.0325 0.035
11 0.55125 0.7525000000000001 0.035 0.035
11 0.6175 0.7808333333333334 0.04 0.028333333333333335
11 0.534375 0.6658333333333334 0.04625 0.03166666666666667
11 0.55125 0.6308333333333334 0.05 0.03166666666666667
11 0.514375 0.6141666666666667 0.03625 0.035
11 0.54875 0.5583333333333333 0.0275 0.05666666666666667
11 0.623125 0.5258333333333334 0.02625 0.04833333333333334
11 0.536875 0.5166666666666667 0.04125 0.04
11 0.586875 0.4566666666666667 0.02875 0.05666666666666667
11 0.75875 0.6266666666666667 0.0275 0.05
11 0.7425 0.6741666666666667 0.025 0.04166666666666667
11 0.74875 0.5516666666666667 0.035 0.03333333333333333
11 0.68875 0.51 0.03 0.05
11 0.690625 0.45583333333333337 0.03375 0.028333333333333335
11 0.7312500000000001 0.45833333333333337 0.02 0.05666666666666667
11 0.755625 0.43833333333333335 0.03875 0.03333333333333333
11 0.655625 0.46 0.03875 0.043333333333333335
11 0.58 0.4108333333333334 0.045 0.04166666666666667
11 0.636875 0.36083333333333334 0.02875 0.055
11 0.660625 0.36333333333333334 0.03125 0.043333333333333335
11 0.719375 0.37083333333333335 0.02125 0.045000000000000005
11 0.7075 0.27083333333333337 0.0275 0.03166666666666667
11 0.6275000000000001 0.23083333333333333 0.035 0.035
11 0.546875 0.2341666666666667 0.02875 0.035
11 0.526875 0.21500000000000002 0.02875 0.043333333333333335
11 0.545 0.28 0.04 0.03666666666666667
11 0.484375 0.22666666666666668 0.03125 0.04
11 0.42812500000000003 0.17250000000000001 0.02125 0.045000000000000005
11 0.520625 0.16583333333333333 0.02625 0.045000000000000005
19 0.275625 0.26583333333333337 0.03875 0.04833333333333334
19 0.305625 0.20833333333333334 0.02875 0.04
19 0.409375 0.17 0.01875 0.043333333333333335
19 0.41875 0.21333333333333335 0.04 0.03666666666666667
19 0.41250000000000003 0.24083333333333334 0.0325 0.03833333333333334
19 0.448125 0.2066666666666667 0.03375 0.03333333333333333
19 0.43875000000000003 0.24750000000000003 0.0275 0.04833333333333334
19 0.460625 0.32583333333333336 0.03375 0.055
19 0.429375 0.3516666666666667 0.03625 0.03666666666666667
19 0.405625 0.395 0.03125 0.04666666666666667
19 0.42562500000000003 0.3925 0.03375 0.03833333333333334
19 0.4625 0.37833333333333335 0.04 0.030000000000000002
19 0.5075000000000001 0.28583333333333333 0.0375 0.04833333333333334
19 0.503125 0.25 0.03875 0.04
19 0.579375 0.21833333333333335 0.04125 0.04
19 0.5906250000000001 0.21583333333333335 0.01625 0.05166666666666667
19 0.563125 0.265 0.03875 0.04666666666666667
19 0.524375 0.4166666666666667 0.04125 0.03666666666666667
19 0.48875 0.4608333333333334 0.025 0.045000000000000005
19 0.5325 0.46416666666666667 0.05 0.04166666666666667
19 0.533125 0.4941666666666667 0.04125 0.03166666666666667
19 0.304375 0.35583333333333333 0.02875 0.04833333333333334
19 0.308125 0.4058333333333334 0.03625 0.04166666666666667
19 0.27125 0.3816666666666667 0.035 0.05333333333333334
19 0.23125 0.4816666666666667 0.04 0.05666666666666667
19 0.33 0.5783333333333334 0.0375 0.043333333333333335
19 0.45625 0.535 0.0325 0.04
19 0.49 0.5741666666666667 0.0425 0.04833333333333334
19 0.40625 0.6175 0.0275 0.04166666666666667
19 0.421875 0.5808333333333334 0.03125 0.03833333333333334
19 0.36125 0.6191666666666668 0.0325 0.04166666666666667
19 0.3675 0.66 0.035 0.05
19 0.359375 0.6941666666666667 0.03375 0.035
19 0.33375 0.7200000000000001 0.04 0.03333333333333333
19 0.28875 0.7416666666666667 0.045 0.05333333333333334
19 0.265 0.755 0.03 0.043333333333333335
19 0.22062500000000002 0.615 0.03375 0.05
19 0.250625 0.66 0.02625 0.03666666666666667
19 0.280625 0.7908333333333334 0.03125 0.035
19 0.31375000000000003 0.7866666666666667 0.03 0.04666666666666667
19 0.33125 0.8208333333333334 0.025 0.055
19 0.435625 0.8675 0.04125 0.035
19 0.443125 0.8316666666666667 0.04125 0.04666666666666667
19 0.486875 0.8291666666666667 0.03625 0.03166666666666667
19 0.5231250000000001 0.8325 0.03625 0.045000000000000005
19 0.52625 0.8675 0.0325 0.028333333333333335
19 0.544375 0.8858333333333334 0.03875 0.03833333333333334
19 0.59875 0.8375 0.0325 0.035
19 0.55125 0.8291666666666667 0.03 0.04833333333333334
19 0.56375 0.8200000000000001 0.0275 0.04
19 0.5493750000000001 0.7866666666666667 0.03625 0.03333333333333333
19 0.52375 0.7883333333333333 0.0275 0.05
19 0.504375 0.7841666666666667 0.02625 0.045000000000000005
19 0.466875 0.7466666666666667 0.04125 0.03666666666666667
19 0.515625 0.7483333333333334 0.03875 0.02666666666666667
19 0.52375 0.7200000000000001 0.0275 0.03666666666666667
19 0.541875 0.7158333333333334 0.04125 0.028333333333333335
19 0.5475 0.6883333333333334 0.035 0.043333333333333335
19 0.56875 0.6633333333333333 0.035 0.04
19 0.505 0.6491666666666667 0.04 0.05166666666666667
19 0.47500000000000003 0.6133333333333334 0.0325 0.03333333333333333
19 0.485 0.6675000000000001 0.03 0.035
19 0.445 0.665 0.0425 0.03666666666666667
19 0.46125 0.6791666666666667 0.0275 0.03166666666666667
19 0.431875 0.6925 0.03625 0.035
19 0.450625 0.5958333333333333 0.01875 0.04833333333333334
19 0.475625 0.6116666666666667 0.04125 0.043333333333333335
19 0.62 0.645 0.035 0.043333333333333335
19 0.595625 0.6833333333333333 0.03375 0.03666666666666667
19 0.610625 0.7016666666666667 0.03625 0.030000000000000002
19 0.614375 0.7466666666666667 0.03625 0.03666666666666667
19 0.635625 0.7433333333333334 0.02875 0.04
19 0.6637500000000001 0.6908333333333334 0.0325 0.021666666666666667
19 0.630625 0.6666666666666667 0.04125 0.03333333333333333
19 0.675625 0.7200000000000001 0.03625 0.043333333333333335
19 0.706875 0.7425 0.03875 0.028333333333333335
19 0.66125 0.7758333333333334 0.0375 0.055
19 0.665625 0.5908333333333333 0.03875 0.065
19 0.7225 0.6191666666666668 0.0325 0.03166666666666667
19 0.696875 0.5991666666666667 0.03625 0.03833333333333334
19 0.71125 0.5066666666666667 0.0375 0.04666666666666667
19 0.755 0.4791666666666667 0.03 0.045000000000000005
19 0.5906250000000001 0.3775 0.03125 0.05166666666666667
19 0.61 0.41250000000000003 0.0425 0.04833333333333334
19 0.6575 0.42000000000000004 0.04 0.04666666666666667
19 0.625625 0.465 0.03625 0.04
19 0.69125 0.41833333333333333 0.035 0.04666666666666667
19 0.74375 0.38833333333333336 0.0425 0.043333333333333335
19 0.71875 0.42583333333333334 0.03 0.035
19 0.6975 0.38 0.025 0.04
19 0.69125 0.23 0.0325 0.03666666666666667
19 0.726875 0.29083333333333333 0.02875 0.03833333333333334
19 0.7175 0.33166666666666667 0.035 0.030000000000000002
19 0.685 0.30250000000000005 0.0225 0.045000000000000005
19 0.610625 0.17583333333333334 0.02375 0.03166666666666667
19 0.636875 0.21000000000000002 0.03375 0.03666666666666667
19 0.6531250000000001 0.2816666666666667 0.02375 0.04666666666666667
