15 0.442593 0.621849 0.082452 0.090484
15 0.571822 0.451955 0.076677 0.109733
15 0.545033 0.258236 0.100099 0.072675
15 0.466912 0.335480 0.043312 0.118397
15 0.502362 0.383370 0.057750 0.110214
15 0.385742 0.465671 0.079886 0.112139
15 0.327513 0.235615 0.048125 0.111178
15 0.363766 0.322486 0.033367 0.097219
15 0.598450 0.705114 0.089509 0.079895
15 0.589306 0.629309 0.071864 0.076525
15 0.615614 0.385295 0.054540 0.105403
17 0.460496 0.169918 0.065769 0.078934
18 0.392641 0.256310 0.057750 0.053422
11 0.478301 0.522945 0.094321 0.114064
14 0.424242 0.392034 0.011231 0.034169
14 0.691971 0.526315 0.022459 0.064975
14 0.485199 0.451232 0.026629 0.049572
14 0.499080 0.234661 0.035571 0.041583
14 0.444334 0.212483 0.038807 0.027723
14 0.298576 0.345550 0.030029 0.044353
