11 0.335625 0.014166666666666668 0.06625 0.03166666666666667
11 0.35000000000000003 0.3275 0.0725 0.05166666666666667
11 0.244375 0.315 0.06375 0.060000000000000005
11 0.183125 0.2791666666666667 0.04875 0.06833333333333334
11 0.33625 0.4108333333333334 0.06 0.06166666666666667
11 0.42375 0.48500000000000004 0.05 0.08
11 0.39875 0.5233333333333333 0.0625 0.08666666666666667
11 0.34625 0.46416666666666667 0.07 0.06166666666666667
11 0.3375 0.5458333333333334 0.0425 0.095
11 0.25875 0.5141666666666667 0.0625 0.058333333333333334
11 0.36562500000000003 0.6408333333333334 0.04125 0.095
11 0.288125 0.6266666666666667 0.06875 0.04666666666666667
11 0.240625 0.5725 0.05375 0.085
11 0.325625 0.6666666666666667 0.03875 0.08
11 0.310625 0.7166666666666667 0.051250000000000004 0.06666666666666667
11 0.3825 0.7041666666666667 0.075 0.058333333333333334
11 0.39937500000000004 0.7558333333333334 0.051250000000000004 0.07166666666666667
11 0.376875 0.8125 0.06875 0.058333333333333334
11 0.335625 0.9541666666666667 0.043750000000000004 0.085
11 0.4675 0.9333333333333333 0.065 0.06333333333333334
11 0.5875 0.9275000000000001 0.0625 0.06166666666666667
11 0.660625 0.9375000000000001 0.06125 0.04166666666666667
11 0.6525 0.8858333333333334 0.0575 0.065
11 0.63375 0.8425 0.055 0.07166666666666667
11 0.589375 0.8133333333333334 0.06125 0.07666666666666667
11 0.519375 0.7516666666666667 0.06125 0.08
11 0.485 0.6975 0.08 0.05166666666666667
11 0.458125 0.6575000000000001 0.07125000000000001 0.06833333333333334
11 0.555625 0.5850000000000001 0.06625 0.07
11 0.5181250000000001 0.4525 0.04625 0.08166666666666667
11 0.561875 0.44 0.058750000000000004 0.08
11 0.6225 0.4633333333333334 0.065 0.060000000000000005
11 0.618125 0.4166666666666667 0.06375 0.05
11 0.58625 0.38583333333333336 0.0725 0.05166666666666667
11 0.584375 0.32916666666666666 0.05625 0.065
11 0.50625 0.3516666666666667 0.055 0.07666666666666667
11 0.58375 0.25333333333333335 0.045 0.08
11 0.625 0.255 0.0425 0.08
11 0.508125 0.05583333333333334 0.04125 0.09833333333333334
11 0.8618750000000001 0.12250000000000001 0.04625 0.065
11 0.789375 0.33416666666666667 0.043750000000000004 0.07833333333333334
11 0.7468750000000001 0.3325 0.04625 0.08833333333333333
11 0.716875 0.375 0.05375 0.08
11 0.755 0.42083333333333334 0.06 0.06166666666666667
11 0.6775 0.445 0.0425 0.09000000000000001
11 0.8931250000000001 0.5533333333333333 0.03875 0.08666666666666667
11 0.80875 0.7383333333333334 0.05 0.07333333333333333
11 0.80875 0.7975000000000001 0.055 0.05166666666666667
11 0.715 0.6866666666666668 0.0625 0.07333333333333333
11 0.671875 0.7100000000000001 0.06125 0.060000000000000005
11 0.65 0.7708333333333334 0.06 0.05166666666666667
11 0.72 0.9541666666666667 0.06 0.07500000000000001
