11 0.5425 0.15583333333333335 0.0275 0.035
26 0.265 0.44 0.0275 0.02
26 0.2925 0.5216666666666667 0.0175 0.04
26 0.2675 0.6041666666666667 0.015 0.03166666666666667
18 0.279375 0.6083333333333334 0.01625 0.03333333333333333
26 0.256875 0.6675000000000001 0.02375 0.028333333333333335
18 0.27375 0.6766666666666667 0.02 0.03333333333333333
26 0.41500000000000004 0.7250000000000001 0.025 0.030000000000000002
26 0.495 0.7675000000000001 0.0225 0.03166666666666667
26 0.511875 0.7558333333333334 0.01125 0.035
18 0.39625 0.8025000000000001 0.0225 0.03833333333333334
20 0.370625 0.6175 0.02375 0.04166666666666667
19 0.45937500000000003 0.5900000000000001 0.03625 0.04666666666666667
18 0.5275 0.8208333333333334 0.03 0.028333333333333335
26 0.5675 0.8 0.0225 0.03333333333333333
19 0.608125 0.6216666666666667 0.03375 0.05666666666666667
