7 0.575521 0.607976 0.056004 0.149680
7 0.327213 0.365406 0.052708 0.143907
7 0.719233 0.544927 0.060121 0.168931
7 0.396885 0.807888 0.140890 0.081837
7 0.396886 0.688627 0.105026 0.120760
7 0.487397 0.665173 0.060626 0.169662
18 0.549220 0.775196 0.080644 0.067919
3 0.379897 0.232290 0.073134 0.064107
11 0.033998 0.555198 0.054357 0.051401
15 0.201760 0.338618 0.068687 0.109160
11 0.673665 0.204049 0.107230 0.084896
1 0.462666 0.170838 0.030143 0.077392
7 0.591391 0.037166 0.088945 0.074332
7 0.197558 0.173670 0.078073 0.168643
7 0.890131 0.322126 0.058307 0.155820
7 0.592149 0.380738 0.064653 0.173918
7 0.445885 0.314294 0.128970 0.079895
7 0.394745 0.415700 0.060121 0.126097
