18 0.2925 0.16666666666666669 0.0475 0.060000000000000005
23 0.19375 0.5258333333333334 0.07 0.07166666666666667
23 0.299375 0.645 0.05625 0.09333333333333334
23 0.28250000000000003 0.7416666666666667 0.055 0.08
20 0.338125 0.9383333333333334 0.04875 0.05333333333333334
23 0.43062500000000004 0.8641666666666667 0.06125 0.08166666666666667
18 0.4825 0.9091666666666667 0.04 0.04166666666666667
18 0.69875 0.9116666666666667 0.0325 0.04
23 0.656875 0.9425000000000001 0.051250000000000004 0.08833333333333333
18 0.846875 0.37333333333333335 0.03625 0.05333333333333334
