19 0.695625 0.22333333333333336 0.03625 0.043333333333333335
25 0.655 0.26166666666666666 0.0375 0.06333333333333334
28 0.669375 0.33333333333333337 0.03625 0.05
23 0.640625 0.42583333333333334 0.03875 0.04833333333333334
25 0.67375 0.49250000000000005 0.0375 0.05166666666666667
26 0.725625 0.5083333333333334 0.01875 0.043333333333333335
23 0.748125 0.4891666666666667 0.02875 0.058333333333333334
26 0.774375 0.49583333333333335 0.02625 0.021666666666666667
23 0.65375 0.6125 0.03 0.04833333333333334
19 0.6531250000000001 0.5375000000000001 0.04625 0.07500000000000001
23 0.781875 0.4025 0.03375 0.058333333333333334
25 0.5875 0.17750000000000002 0.06 0.065
25 0.470625 0.5075000000000001 0.051250000000000004 0.06833333333333334
