11 0.2775 0.04666666666666667 0.0675 0.05333333333333334
11 0.22625 0.07666666666666667 0.0525 0.05333333333333334
11 0.243125 0.4391666666666667 0.06625 0.055
18 0.155625 0.3566666666666667 0.03375 0.04
18 0.111875 0.46 0.02625 0.05
18 0.060625 0.48583333333333334 0.02875 0.04166666666666667
18 0.1575 0.5358333333333334 0.0275 0.045000000000000005
18 0.261875 0.5716666666666667 0.03875 0.03666666666666667
18 0.203125 0.6533333333333333 0.03875 0.04666666666666667
18 0.22312500000000002 0.7466666666666667 0.02875 0.04666666666666667
18 0.196875 0.7233333333333334 0.043750000000000004 0.043333333333333335
18 0.161875 0.7091666666666667 0.03125 0.035
18 0.040625 0.6441666666666667 0.03125 0.045000000000000005
18 0.2575 0.6875 0.0375 0.04833333333333334
18 0.256875 0.8825000000000001 0.03375 0.04833333333333334
18 0.30375 0.9500000000000001 0.0375 0.04666666666666667
18 0.34625 0.8891666666666668 0.0325 0.035
18 0.43 0.8608333333333333 0.035 0.055
18 0.0925 0.7866666666666667 0.0325 0.02666666666666667
18 0.5650000000000001 0.8308333333333334 0.0375 0.045000000000000005
