19 0.433125 0.13 0.03875 0.04666666666666667
19 0.351875 0.22 0.03375 0.060000000000000005
19 0.3875 0.22666666666666668 0.045 0.06666666666666667
19 0.29875 0.2275 0.0475 0.055
19 0.53625 0.2275 0.0425 0.055
19 0.460625 0.2783333333333334 0.04875 0.06666666666666667
19 0.25375000000000003 0.3541666666666667 0.0475 0.06166666666666667
19 0.23625000000000002 0.39583333333333337 0.0425 0.06833333333333334
19 0.4825 0.4633333333333334 0.05 0.07
19 0.605625 0.23333333333333334 0.043750000000000004 0.060000000000000005
19 0.726875 0.4391666666666667 0.04625 0.065
19 0.510625 0.6808333333333334 0.04625 0.058333333333333334
26 0.749375 0.6283333333333334 0.03375 0.05666666666666667
26 0.6825 0.6208333333333333 0.0325 0.03833333333333334
26 0.378125 0.5441666666666667 0.03375 0.035
26 0.34750000000000003 0.46166666666666667 0.0225 0.05
26 0.395625 0.4733333333333334 0.03375 0.043333333333333335
26 0.4 0.4216666666666667 0.0325 0.043333333333333335
26 0.56 0.35750000000000004 0.025 0.045000000000000005
26 0.39 0.2808333333333333 0.0275 0.045000000000000005
26 0.469375 0.155 0.02875 0.04
18 0.264375 0.2066666666666667 0.03125 0.04
18 0.343125 0.2966666666666667 0.03375 0.03333333333333333
18 0.5750000000000001 0.31083333333333335 0.0275 0.05166666666666667
18 0.19875 0.4491666666666667 0.0325 0.045000000000000005
23 0.568125 0.6191666666666668 0.05625 0.065
26 0.631875 0.7266666666666667 0.03375 0.03666666666666667
