10 0.301424 0.711402 0.059012 0.088353
10 0.374184 0.682686 0.066388 0.083934
10 0.422802 0.581523 0.105952 0.090119
10 0.405031 0.464458 0.082482 0.076864
10 0.518695 0.425584 0.075106 0.151083
10 0.500925 0.035867 0.098578 0.071734
10 0.404025 0.092939 0.067058 0.143128
10 0.276278 0.253298 0.067728 0.135181
10 0.380219 0.266551 0.097234 0.158150
10 0.650802 0.154785 0.060352 0.113091
10 0.582737 0.164062 0.075778 0.106906
10 0.556249 0.264783 0.105954 0.092769
10 0.745691 0.394219 0.063706 0.111325
10 0.680308 0.619958 0.085836 0.080401
10 0.756420 0.543534 0.074436 0.109555
10 0.576366 0.523212 0.081812 0.090119
10 0.663879 0.504217 0.071754 0.133410
10 0.748708 0.684012 0.080472 0.144899
10 0.558932 0.903565 0.108636 0.087468
10 0.619285 0.797544 0.084494 0.080401
10 0.306790 0.886337 0.077788 0.139594
10 0.151883 0.765738 0.093882 0.113974
10 0.434536 0.817424 0.093212 0.123692
10 0.256830 0.585941 0.083824 0.128993
10 0.303891 0.501856 0.114002 0.083497
10 0.268566 0.419841 0.054988 0.130759
10 0.351049 0.403938 0.103270 0.068914
10 0.068730 0.263458 0.064376 0.116625
10 0.021789 0.289522 0.041578 0.184656
10 0.149872 0.437953 0.092540 0.078635
10 0.182396 0.509959 0.057000 0.116625
10 0.083819 0.612448 0.109306 0.090119
2 0.427951 0.529025 0.037838 0.045165
2 0.311551 0.551750 0.044930 0.043294
2 0.468133 0.466490 0.030846 0.060079
2 0.339509 0.207567 0.035702 0.039370
11 0.472761 0.334140 0.050294 0.127225
