18 0.5906250000000001 0.14583333333333334 0.03625 0.045000000000000005
11 0.37875000000000003 0.4 0.055 0.07666666666666667
18 0.175625 0.275 0.02875 0.05333333333333334
11 0.16 0.41833333333333333 0.06 0.060000000000000005
11 0.17625 0.48833333333333334 0.0425 0.09666666666666668
11 0.305 0.5641666666666667 0.06 0.065
11 0.3925 0.48750000000000004 0.0525 0.10166666666666667
11 0.49 0.7691666666666667 0.0525 0.07833333333333334
11 0.729375 0.7300000000000001 0.06875 0.06666666666666667
11 0.733125 0.6808333333333334 0.06875 0.055
11 0.97375 0.6316666666666667 0.0425 0.09000000000000001
11 0.7731250000000001 0.48500000000000004 0.05625 0.10666666666666667
11 0.975 0.44833333333333336 0.0425 0.07333333333333333
