1 0.222025 0.928223 0.064279 0.071746
1 0.320470 0.962403 0.086287 0.056177
1 0.495359 0.962741 0.073545 0.073099
1 0.685014 0.972555 0.048646 0.054824
1 0.237081 0.280818 0.037641 0.080546
1 0.726710 0.749874 0.068335 0.067010
1 0.305414 0.261866 0.060806 0.083252
1 0.254454 0.094685 0.070072 0.065653
1 0.366220 0.081488 0.080495 0.064976
1 0.458298 0.220917 0.056172 0.041964
1 0.477697 0.306879 0.070650 0.044671
1 0.473354 0.174554 0.056175 0.058887
1 0.519970 0.063550 0.063701 0.062947
1 0.561667 0.119393 0.060227 0.062270
1 0.638397 0.077766 0.064283 0.042641
1 0.681541 0.031401 0.055593 0.062270
1 0.598439 0.030591 0.041117 0.061182
1 0.908548 0.159664 0.060227 0.043998
1 0.746978 0.263221 0.035904 0.081895
1 0.670537 0.251037 0.039381 0.081899
1 0.586857 0.390129 0.058487 0.074453
1 0.814732 0.571524 0.063701 0.037905
1 0.851215 0.633117 0.062543 0.048730
1 0.884514 0.587768 0.039960 0.073099
1 0.982961 0.772548 0.029533 0.077159
1 0.567747 0.742768 0.067756 0.083929
1 0.492463 0.549527 0.044591 0.064300
1 0.316995 0.417204 0.061964 0.079865
1 0.348268 0.515009 0.031849 0.085959
1 0.387068 0.578971 0.072387 0.046024
1 0.108810 0.709940 0.048643 0.062950
1 0.163534 0.771533 0.045749 0.114387
1 0.211310 0.789469 0.059066 0.063623
1 0.330026 0.753596 0.064858 0.036548
1 0.216232 0.746151 0.049222 0.069036
1 0.461771 0.756981 0.050383 0.086635
