2 0.314375 0.11166666666666668 0.02375 0.03666666666666667
21 0.38375000000000004 0.08166666666666667 0.08750000000000001 0.1
21 0.34500000000000003 0.14666666666666667 0.075 0.07333333333333333
13 0.56625 0.03416666666666667 0.06 0.065
13 0.6475 0.22166666666666668 0.0675 0.07333333333333333
19 0.54875 0.9266666666666667 0.06 0.06666666666666667
13 0.299375 0.8600000000000001 0.03875 0.07
13 0.43375 0.1525 0.0475 0.07500000000000001
1 0.8675 0.51 0.035 0.06333333333333334
1 0.7525000000000001 0.5041666666666667 0.0475 0.058333333333333334
1 0.355 0.9491666666666667 0.055 0.065
