11 0.2775 0.29583333333333334 0.03 0.065
11 0.28375 0.5166666666666667 0.035 0.04666666666666667
11 0.255 0.55 0.035 0.03666666666666667
11 0.18875 0.5916666666666667 0.0275 0.060000000000000005
11 0.285625 0.6341666666666667 0.04125 0.03833333333333334
21 0.336875 0.5966666666666667 0.05375 0.07666666666666667
23 0.2525 0.7283333333333334 0.03 0.043333333333333335
18 0.31625000000000003 0.6883333333333334 0.02 0.030000000000000002
18 0.27625 0.8008333333333334 0.0225 0.035
11 0.49125 0.785 0.0225 0.05
18 0.581875 0.7525000000000001 0.02875 0.03833333333333334
18 0.6012500000000001 0.6666666666666667 0.025 0.043333333333333335
18 0.666875 0.6958333333333334 0.02375 0.035
23 0.709375 0.6833333333333333 0.03625 0.04666666666666667
23 0.700625 0.7708333333333334 0.03125 0.045000000000000005
18 0.66125 0.8241666666666667 0.0225 0.03166666666666667
18 0.66625 0.7608333333333334 0.0225 0.03166666666666667
18 0.6925 0.6408333333333334 0.025 0.028333333333333335
18 0.638125 0.5425 0.02875 0.03833333333333334
11 0.613125 0.5475 0.02625 0.058333333333333334
11 0.4825 0.5541666666666667 0.04 0.04166666666666667
23 0.75875 0.5116666666666667 0.035 0.05666666666666667
18 0.700625 0.405 0.02625 0.03666666666666667
18 0.5525 0.3616666666666667 0.03 0.030000000000000002
11 0.449375 0.43083333333333335 0.03375 0.058333333333333334
11 0.413125 0.49500000000000005 0.043750000000000004 0.03666666666666667
