12 0.761364 0.245539 0.047499 0.031032
19 0.419103 0.624073 0.112514 0.114523
12 0.145456 0.667632 0.021294 0.041362
12 0.326406 0.857801 0.022119 0.042389
12 0.348919 0.803854 0.035546 0.030601
12 0.353065 0.900983 0.020933 0.042161
12 0.571330 0.603268 0.022038 0.041618
12 0.599686 0.619152 0.028415 0.042432
12 0.626690 0.693685 0.031284 0.017409
12 0.648848 0.693821 0.012558 0.043794
12 0.644843 0.619152 0.018249 0.041346
12 0.658209 0.520006 0.022751 0.048693
12 0.717692 0.481245 0.012795 0.046788
12 0.820781 0.562440 0.046448 0.022576
12 0.933229 0.620650 0.025357 0.041074
12 0.870429 0.636426 0.037682 0.019856
12 0.959797 0.560128 0.041947 0.035361
12 0.701695 0.729046 0.013035 0.042436
12 0.837868 0.826969 0.022751 0.034814
12 0.697548 0.910339 0.016590 0.038894
12 0.592918 0.964333 0.035786 0.030465
12 0.681433 0.889938 0.012322 0.038355
12 0.666504 0.898099 0.013745 0.035632
12 0.654417 0.838935 0.019432 0.041889
12 0.672901 0.931965 0.029858 0.038080
12 0.537962 0.721837 0.021568 0.031827
12 0.534763 0.686202 0.031757 0.035089
12 0.505945 0.638737 0.029625 0.033728
12 0.313395 0.558359 0.014691 0.039984
12 0.399302 0.464922 0.018246 0.039170
12 0.307944 0.526806 0.036969 0.022580
12 0.423592 0.557814 0.022278 0.032913
12 0.487817 0.564073 0.019432 0.039441
12 0.579079 0.536191 0.032704 0.025570
12 0.665330 0.436377 0.034809 0.053584
12 0.476544 0.189843 0.042180 0.027731
3 0.549028 0.822413 0.070845 0.095415
12 0.386935 0.957539 0.032585 0.036947
12 0.244353 0.351536 0.027435 0.045593
