18 0.26625 0.1325 0.025 0.03833333333333334
18 0.421875 0.20833333333333334 0.01875 0.05
18 0.2475 0.30250000000000005 0.035 0.025
18 0.258125 0.34833333333333333 0.03875 0.030000000000000002
18 0.39687500000000003 0.49000000000000005 0.02625 0.03666666666666667
18 0.34125 0.7183333333333334 0.0275 0.05
18 0.328125 0.9016666666666667 0.043750000000000004 0.03333333333333333
18 0.46625 0.16666666666666669 0.02 0.03666666666666667
20 0.793125 0.6408333333333334 0.03125 0.045000000000000005
11 0.659375 0.9275000000000001 0.06125 0.045000000000000005
11 0.80375 0.8150000000000001 0.06 0.060000000000000005
11 0.82125 0.7425 0.0425 0.085
11 0.788125 0.6841666666666667 0.058750000000000004 0.04833333333333334
11 0.828125 0.6533333333333333 0.03875 0.07333333333333333
11 0.905625 0.6433333333333334 0.03625 0.08333333333333334
11 0.954375 0.5816666666666667 0.05375 0.05333333333333334
11 0.915625 0.5058333333333334 0.03625 0.07500000000000001
11 0.888125 0.4166666666666667 0.058750000000000004 0.05666666666666667
11 0.764375 0.4891666666666667 0.03625 0.09166666666666667
11 0.706875 0.5341666666666667 0.051250000000000004 0.09833333333333334
11 0.6275000000000001 0.5783333333333334 0.0675 0.06666666666666667
11 0.555 0.6491666666666667 0.0625 0.058333333333333334
11 0.891875 0.3066666666666667 0.05375 0.05666666666666667
11 0.64875 0.0825 0.0425 0.06833333333333334
11 0.609375 0.05666666666666667 0.03375 0.06333333333333334
11 0.5543750000000001 0.24583333333333335 0.051250000000000004 0.07500000000000001
11 0.516875 0.30083333333333334 0.06125 0.06166666666666667
11 0.716875 0.6383333333333334 0.04875 0.08333333333333334
11 0.670625 0.6808333333333334 0.04625 0.07166666666666667
11 0.620625 0.7891666666666667 0.06125 0.058333333333333334
11 0.5387500000000001 0.9291666666666667 0.0475 0.07166666666666667
11 0.50875 0.8675 0.055 0.058333333333333334
11 0.539375 0.7883333333333333 0.05375 0.07666666666666667
11 0.48375 0.7925000000000001 0.07 0.04833333333333334
11 0.4925 0.7200000000000001 0.0575 0.060000000000000005
11 0.44 0.6683333333333333 0.055 0.08
11 0.4025 0.6758333333333334 0.035 0.07166666666666667
11 0.365 0.68 0.055 0.060000000000000005
11 0.34375 0.62 0.05 0.08
11 0.31875000000000003 0.6641666666666667 0.0475 0.085
11 0.4875 0.9258333333333334 0.0525 0.06166666666666667
11 0.45625 0.8858333333333334 0.06 0.055
11 0.395 0.8766666666666667 0.0725 0.07333333333333333
11 0.356875 0.9425000000000001 0.06625 0.03833333333333334
11 0.44375000000000003 0.9716666666666667 0.0325 0.05333333333333334
11 0.28875 0.9425000000000001 0.0575 0.07166666666666667
11 0.149375 0.7908333333333334 0.03875 0.085
11 0.238125 0.6808333333333334 0.06125 0.045000000000000005
11 0.254375 0.6441666666666667 0.06375 0.045000000000000005
11 0.27625 0.6033333333333334 0.0425 0.08333333333333334
11 0.30062500000000003 0.56 0.04125 0.07666666666666667
11 0.21125 0.61 0.06 0.060000000000000005
11 0.14250000000000002 0.6825 0.06 0.058333333333333334
11 0.199375 0.5383333333333333 0.05375 0.07333333333333333
11 0.356875 0.4816666666666667 0.05375 0.06666666666666667
11 0.30625 0.4591666666666667 0.0625 0.065
11 0.306875 0.405 0.05375 0.05333333333333334
11 0.293125 0.36833333333333335 0.06375 0.05333333333333334
11 0.22062500000000002 0.39 0.04875 0.06666666666666667
11 0.405 0.4241666666666667 0.0625 0.06833333333333334
11 0.4475 0.3616666666666667 0.055 0.06666666666666667
11 0.43062500000000004 0.30250000000000005 0.05625 0.055
11 0.23375 0.24583333333333335 0.0475 0.07833333333333334
11 0.244375 0.1625 0.06625 0.055
11 0.475625 0.125 0.06625 0.05
