24 0.278125 0.21750000000000003 0.06875 0.05166666666666667
24 0.32375 0.2775 0.0825 0.08166666666666667
24 0.11 0.44833333333333336 0.0525 0.07333333333333333
24 0.23375 0.5658333333333334 0.0575 0.07166666666666667
24 0.286875 0.4941666666666667 0.058750000000000004 0.06166666666666667
24 0.15875 0.5950000000000001 0.0375 0.08333333333333334
23 0.296875 0.5908333333333333 0.05375 0.058333333333333334
23 0.193125 0.5066666666666667 0.04125 0.08666666666666667
24 0.1125 0.5800000000000001 0.055 0.04666666666666667
24 0.215625 0.6608333333333334 0.06125 0.04833333333333334
24 0.21937500000000001 0.775 0.04625 0.05666666666666667
24 0.256875 0.8341666666666667 0.058750000000000004 0.085
24 0.180625 0.7991666666666667 0.058750000000000004 0.06833333333333334
20 0.17375000000000002 0.7425 0.0425 0.045000000000000005
20 0.274375 0.7258333333333333 0.03625 0.07166666666666667
24 0.28875 0.7766666666666667 0.0675 0.06666666666666667
24 0.386875 0.8525 0.051250000000000004 0.06833333333333334
24 0.4025 0.8058333333333334 0.0625 0.04833333333333334
24 0.405 0.6866666666666668 0.06 0.09666666666666668
21 0.361875 0.7566666666666667 0.07625 0.08333333333333334
21 0.369375 0.5483333333333333 0.08125 0.11333333333333334
24 0.40125 0.43500000000000005 0.0575 0.08666666666666667
21 0.470625 0.5141666666666667 0.06125 0.08833333333333333
21 0.4425 0.14750000000000002 0.065 0.10833333333333334
24 0.51375 0.05916666666666667 0.075 0.055
24 0.52875 0.11750000000000001 0.08 0.06166666666666667
24 0.62375 0.28 0.065 0.07333333333333333
24 0.669375 0.34 0.06875 0.07333333333333333
24 0.668125 0.4466666666666667 0.06875 0.07333333333333333
24 0.5650000000000001 0.49250000000000005 0.0675 0.07500000000000001
24 0.619375 0.5816666666666667 0.07375 0.06666666666666667
24 0.4625 0.7466666666666667 0.065 0.05
24 0.51625 0.7733333333333334 0.0725 0.07333333333333333
24 0.615625 0.7691666666666667 0.06875 0.08833333333333333
24 0.52625 0.8483333333333334 0.065 0.08666666666666667
24 0.546875 0.9141666666666667 0.04875 0.06166666666666667
21 0.49875 0.9125000000000001 0.065 0.07833333333333334
20 0.37 0.9616666666666668 0.045 0.05
24 0.4325 0.9466666666666668 0.06 0.06333333333333334
23 0.586875 0.9450000000000001 0.05375 0.07666666666666667
24 0.724375 0.915 0.06125 0.10666666666666667
24 0.650625 0.8616666666666667 0.051250000000000004 0.07
24 0.714375 0.7858333333333334 0.051250000000000004 0.06166666666666667
24 0.9175 0.6958333333333334 0.0375 0.085
24 0.72875 0.6275000000000001 0.0675 0.11166666666666668
20 0.7831250000000001 0.6933333333333334 0.04625 0.060000000000000005
20 0.848125 0.6725000000000001 0.03375 0.065
24 0.770625 0.5716666666666667 0.06625 0.05666666666666667
24 0.7925 0.5458333333333334 0.05 0.06833333333333334
28 0.86875 0.555 0.065 0.09000000000000001
28 0.8462500000000001 0.4766666666666667 0.06 0.08666666666666667
21 0.7837500000000001 0.46166666666666667 0.0675 0.09333333333333334
24 0.724375 0.5141666666666667 0.06625 0.06833333333333334
24 0.725625 0.4541666666666667 0.06375 0.07500000000000001
24 0.755 0.34 0.0575 0.09333333333333334
20 0.785 0.385 0.0325 0.060000000000000005
21 0.744375 0.4 0.051250000000000004 0.06666666666666667
24 0.774375 0.24500000000000002 0.07375 0.09000000000000001
24 0.85875 0.2 0.0525 0.08666666666666667
24 0.833125 0.08416666666666667 0.05625 0.085
24 0.6825 0.13166666666666668 0.065 0.1
24 0.75625 0.02 0.065 0.043333333333333335
24 0.6375000000000001 0.011666666666666667 0.0725 0.02666666666666667
21 0.534375 0.22166666666666668 0.06875 0.10333333333333335
24 0.62875 0.2041666666666667 0.0575 0.09833333333333334
24 0.713125 0.2733333333333334 0.04625 0.07333333333333333
20 0.690625 0.5133333333333334 0.02375 0.06666666666666667
21 0.68375 0.6950000000000001 0.0675 0.10666666666666667
20 0.636875 0.9325000000000001 0.03375 0.058333333333333334
24 0.42312500000000003 0.905 0.06625 0.08
20 0.141875 0.9166666666666667 0.03875 0.04
20 0.144375 0.48000000000000004 0.03625 0.05333333333333334
20 0.085 0.4666666666666667 0.0375 0.043333333333333335
