27 0.43625 0.023333333333333334 0.0675 0.043333333333333335
27 0.5650000000000001 0.20750000000000002 0.055 0.045000000000000005
27 0.5750000000000001 0.23500000000000001 0.04 0.043333333333333335
27 0.525625 0.25583333333333336 0.05375 0.058333333333333334
27 0.32375 0.2541666666666667 0.0425 0.055
27 0.374375 0.2891666666666667 0.05625 0.055
27 0.33875 0.32583333333333336 0.04 0.058333333333333334
27 0.375625 0.3566666666666667 0.04875 0.07
27 0.425 0.3591666666666667 0.05 0.04166666666666667
27 0.50875 0.39916666666666667 0.045 0.058333333333333334
27 0.45687500000000003 0.39416666666666667 0.05375 0.055
27 0.471875 0.4391666666666667 0.04875 0.055
27 0.4225 0.4141666666666667 0.0325 0.065
27 0.335 0.4191666666666667 0.0375 0.04833333333333334
27 0.2975 0.4783333333333334 0.0475 0.06666666666666667
27 0.26937500000000003 0.5408333333333334 0.06125 0.03833333333333334
27 0.26375 0.5833333333333334 0.0625 0.05333333333333334
27 0.355625 0.5225000000000001 0.04625 0.07166666666666667
27 0.380625 0.43750000000000006 0.04625 0.045000000000000005
27 0.45687500000000003 0.4866666666666667 0.02875 0.04666666666666667
27 0.434375 0.5141666666666667 0.03375 0.06166666666666667
27 0.481875 0.4991666666666667 0.01875 0.04833333333333334
27 0.51 0.47250000000000003 0.0375 0.07166666666666667
27 0.519375 0.5183333333333333 0.05375 0.05333333333333334
27 0.511875 0.5433333333333333 0.03875 0.05
27 0.464375 0.5566666666666668 0.043750000000000004 0.06333333333333334
27 0.43625 0.5916666666666667 0.05 0.043333333333333335
27 0.420625 0.5575 0.05625 0.058333333333333334
27 0.376875 0.5800000000000001 0.05625 0.05666666666666667
27 0.390625 0.6233333333333334 0.043750000000000004 0.060000000000000005
27 0.3625 0.6958333333333334 0.0575 0.05166666666666667
27 0.37 0.7375 0.0525 0.04166666666666667
27 0.36875 0.7741666666666667 0.0575 0.058333333333333334
27 0.43062500000000004 0.7575000000000001 0.04625 0.058333333333333334
27 0.45625 0.8083333333333333 0.055 0.06333333333333334
27 0.49562500000000004 0.8275 0.04625 0.045000000000000005
27 0.561875 0.8608333333333333 0.03875 0.055
27 0.489375 0.785 0.04875 0.04
27 0.525 0.7991666666666667 0.05 0.04166666666666667
27 0.573125 0.7991666666666667 0.04875 0.058333333333333334
27 0.563125 0.7608333333333334 0.03875 0.05166666666666667
27 0.521875 0.7608333333333334 0.04875 0.055
27 0.470625 0.7516666666666667 0.04875 0.04
27 0.4475 0.6966666666666667 0.0525 0.060000000000000005
27 0.44875 0.6425000000000001 0.0475 0.055
27 0.47375 0.6566666666666667 0.0325 0.02666666666666667
27 0.5025000000000001 0.6508333333333334 0.035 0.07500000000000001
27 0.508125 0.6033333333333334 0.043750000000000004 0.05666666666666667
27 0.560625 0.5650000000000001 0.051250000000000004 0.03333333333333333
27 0.54 0.6358333333333334 0.0425 0.045000000000000005
27 0.576875 0.6175 0.03375 0.058333333333333334
27 0.593125 0.7308333333333333 0.04125 0.058333333333333334
27 0.62625 0.745 0.0375 0.05666666666666667
27 0.541875 0.685 0.043750000000000004 0.04666666666666667
27 0.550625 0.7300000000000001 0.051250000000000004 0.060000000000000005
27 0.65 0.7225 0.0375 0.07166666666666667
27 0.688125 0.7133333333333334 0.04875 0.05666666666666667
27 0.6743750000000001 0.6683333333333333 0.043750000000000004 0.03333333333333333
27 0.625 0.6575000000000001 0.0275 0.058333333333333334
27 0.6531250000000001 0.5958333333333333 0.03125 0.058333333333333334
27 0.696875 0.6116666666666667 0.03375 0.06333333333333334
27 0.6225 0.5791666666666667 0.04 0.04166666666666667
27 0.65625 0.5458333333333334 0.05 0.045000000000000005
27 0.6950000000000001 0.515 0.045 0.05666666666666667
27 0.659375 0.515 0.043750000000000004 0.05666666666666667
27 0.58125 0.52 0.0575 0.05
27 0.6118750000000001 0.4841666666666667 0.05375 0.028333333333333335
27 0.605 0.4525 0.0525 0.04833333333333334
27 0.614375 0.3983333333333334 0.043750000000000004 0.05333333333333334
27 0.654375 0.4008333333333334 0.04625 0.07500000000000001
27 0.7225 0.4441666666666667 0.0475 0.058333333333333334
27 0.694375 0.36500000000000005 0.02625 0.07333333333333333
27 0.71875 0.3716666666666667 0.0375 0.05333333333333334
27 0.75 0.30000000000000004 0.04 0.03333333333333333
27 0.728125 0.33333333333333337 0.03625 0.043333333333333335
27 0.69375 0.3066666666666667 0.06 0.06333333333333334
27 0.75375 0.18833333333333335 0.0425 0.060000000000000005
27 0.529375 0.30833333333333335 0.05375 0.07
11 0.756875 0.3775 0.043750000000000004 0.058333333333333334
11 0.39625 0.4033333333333334 0.0575 0.060000000000000005
11 0.225625 0.5925 0.04125 0.07166666666666667
11 0.608125 0.6083333333333334 0.058750000000000004 0.08
11 0.529375 0.8475 0.04625 0.05166666666666667
