19 0.319375 0.6566666666666667 0.04625 0.04
19 0.4325 0.6758333333333334 0.04 0.055
19 0.410625 0.7066666666666667 0.04125 0.05333333333333334
19 0.304375 0.7591666666666668 0.03875 0.05166666666666667
19 0.475625 0.8500000000000001 0.03375 0.06333333333333334
19 0.603125 0.7508333333333334 0.051250000000000004 0.05166666666666667
19 0.618125 0.7233333333333334 0.05625 0.04666666666666667
19 0.7262500000000001 0.6408333333333334 0.0325 0.04833333333333334
19 0.71 0.5766666666666667 0.04 0.05
19 0.6431250000000001 0.5466666666666667 0.05375 0.04666666666666667
19 0.64875 0.6016666666666667 0.05 0.05
18 0.675 0.5758333333333334 0.025 0.035
19 0.650625 0.46416666666666667 0.03375 0.055
19 0.591875 0.48250000000000004 0.04125 0.055
19 0.610625 0.23 0.04875 0.04666666666666667
