24 0.319375 0.17750000000000002 0.03625 0.04166666666666667
19 0.379375 0.16416666666666668 0.04125 0.025
24 0.374375 0.13833333333333334 0.03375 0.043333333333333335
11 0.364375 0.135 0.02875 0.03333333333333333
11 0.380625 0.18916666666666668 0.02875 0.03166666666666667
11 0.320625 0.22 0.02625 0.04
11 0.344375 0.25583333333333336 0.03875 0.035
11 0.413125 0.24083333333333334 0.02625 0.04166666666666667
11 0.480625 0.24000000000000002 0.03625 0.030000000000000002
11 0.50875 0.19083333333333335 0.0275 0.05166666666666667
11 0.510625 0.24083333333333334 0.03875 0.04166666666666667
11 0.468125 0.3141666666666667 0.02625 0.05166666666666667
11 0.42312500000000003 0.30333333333333334 0.03875 0.04
11 0.364375 0.30583333333333335 0.02375 0.04833333333333334
11 0.35000000000000003 0.34750000000000003 0.025 0.055
11 0.23375 0.31333333333333335 0.025 0.05
11 0.445625 0.4025 0.04125 0.03166666666666667
11 0.508125 0.3566666666666667 0.03625 0.03333333333333333
11 0.239375 0.4758333333333334 0.02875 0.04166666666666667
11 0.22125 0.48333333333333334 0.025 0.05333333333333334
11 0.184375 0.4733333333333334 0.02875 0.04666666666666667
11 0.521875 0.41583333333333333 0.03625 0.04166666666666667
11 0.571875 0.4675 0.03625 0.035
11 0.474375 0.6125 0.02375 0.055
11 0.5125 0.5916666666666667 0.0375 0.03666666666666667
11 0.58125 0.6033333333333334 0.025 0.05
11 0.550625 0.6275000000000001 0.02125 0.05166666666666667
11 0.55875 0.6733333333333333 0.02 0.04666666666666667
11 0.320625 0.7725000000000001 0.03875 0.03833333333333334
11 0.39375 0.8425 0.025 0.03833333333333334
11 0.450625 0.8325 0.02625 0.04166666666666667
11 0.529375 0.8166666666666668 0.02125 0.05333333333333334
11 0.5775 0.7825000000000001 0.02 0.05166666666666667
11 0.47875 0.805 0.025 0.03666666666666667
11 0.6531250000000001 0.7475 0.02875 0.045000000000000005
11 0.675625 0.8091666666666667 0.02875 0.04166666666666667
11 0.71625 0.6808333333333334 0.0225 0.045000000000000005
11 0.75125 0.6233333333333334 0.035 0.04
11 0.716875 0.6183333333333334 0.02875 0.05
27 0.748125 0.5800000000000001 0.02625 0.043333333333333335
11 0.683125 0.5700000000000001 0.03375 0.030000000000000002
11 0.639375 0.6433333333333334 0.02625 0.043333333333333335
27 0.67125 0.6825 0.03 0.03833333333333334
27 0.744375 0.6591666666666667 0.03625 0.025
11 0.62875 0.45833333333333337 0.0375 0.02666666666666667
11 0.6875 0.49583333333333335 0.025 0.04833333333333334
27 0.646875 0.515 0.02125 0.05
11 0.591875 0.40750000000000003 0.02625 0.04833333333333334
11 0.579375 0.38 0.02625 0.05
11 0.724375 0.315 0.02125 0.04666666666666667
11 0.7418750000000001 0.32666666666666666 0.02375 0.043333333333333335
11 0.630625 0.3375 0.03375 0.035
11 0.6218750000000001 0.27083333333333337 0.03875 0.03166666666666667
11 0.558125 0.3141666666666667 0.03625 0.04833333333333334
27 0.579375 0.3441666666666667 0.02625 0.045000000000000005
11 0.6481250000000001 0.20083333333333334 0.03375 0.03833333333333334
11 0.5825 0.16333333333333333 0.0275 0.030000000000000002
27 0.56 0.19583333333333336 0.035 0.035
11 0.584375 0.22833333333333336 0.03625 0.04
11 0.61875 0.23833333333333334 0.0375 0.03333333333333333
11 0.5493750000000001 0.26083333333333336 0.03625 0.03166666666666667
11 0.5 0.2775 0.0375 0.03166666666666667
19 0.4475 0.27 0.02 0.04666666666666667
19 0.3925 0.27416666666666667 0.0325 0.03166666666666667
18 0.439375 0.2016666666666667 0.01875 0.03333333333333333
24 0.474375 0.265 0.04625 0.03666666666666667
19 0.4325 0.32916666666666666 0.02 0.04166666666666667
24 0.468125 0.3441666666666667 0.04625 0.058333333333333334
19 0.530625 0.38 0.02875 0.04666666666666667
19 0.5175 0.44333333333333336 0.0275 0.04666666666666667
19 0.54875 0.4391666666666667 0.0325 0.028333333333333335
24 0.555 0.42250000000000004 0.0475 0.03833333333333334
24 0.5543750000000001 0.3875 0.03375 0.055
27 0.460625 0.4416666666666667 0.03375 0.04
19 0.34625 0.39666666666666667 0.035 0.02666666666666667
19 0.22062500000000002 0.41750000000000004 0.03375 0.035
19 0.195 0.3983333333333334 0.02 0.04
19 0.20750000000000002 0.31583333333333335 0.0225 0.03833333333333334
19 0.25 0.31583333333333335 0.03 0.055
19 0.26937500000000003 0.26916666666666667 0.03125 0.04833333333333334
24 0.29375 0.29250000000000004 0.0225 0.055
19 0.273125 0.4475 0.02375 0.045000000000000005
27 0.27625 0.4783333333333334 0.0325 0.04
24 0.25125000000000003 0.5108333333333334 0.025 0.05166666666666667
24 0.355 0.49333333333333335 0.04 0.06666666666666667
24 0.375 0.5383333333333333 0.045 0.06333333333333334
19 0.36312500000000003 0.6275000000000001 0.03625 0.04833333333333334
19 0.38 0.6433333333333334 0.02 0.05
19 0.404375 0.6666666666666667 0.03125 0.03666666666666667
24 0.315 0.6408333333333334 0.0225 0.055
19 0.30875 0.6816666666666668 0.025 0.043333333333333335
19 0.37125 0.7808333333333334 0.0325 0.035
19 0.483125 0.7741666666666667 0.03625 0.03833333333333334
19 0.416875 0.8383333333333334 0.02625 0.02666666666666667
19 0.386875 0.8700000000000001 0.03375 0.04
24 0.476875 0.8483333333333334 0.03375 0.03333333333333333
24 0.465625 0.91 0.03625 0.030000000000000002
19 0.555625 0.8025000000000001 0.03125 0.04166666666666667
24 0.6225 0.7583333333333334 0.0375 0.04
19 0.6975 0.7191666666666667 0.035 0.03833333333333334
19 0.68375 0.7100000000000001 0.0325 0.03333333333333333
24 0.63875 0.685 0.0325 0.04666666666666667
19 0.62125 0.6916666666666668 0.0275 0.043333333333333335
19 0.574375 0.6633333333333333 0.02375 0.04
19 0.5875 0.6433333333333334 0.0375 0.04
19 0.46875 0.7541666666666668 0.025 0.03833333333333334
24 0.723125 0.7425 0.03125 0.045000000000000005
19 0.619375 0.6025 0.02875 0.05166666666666667
19 0.6587500000000001 0.635 0.0275 0.02666666666666667
19 0.631875 0.43500000000000005 0.03625 0.02666666666666667
24 0.67 0.4575 0.03 0.06166666666666667
18 0.64 0.48500000000000004 0.015 0.030000000000000002
24 0.55 0.5650000000000001 0.03 0.06333333333333334
24 0.53125 0.555 0.035 0.05
19 0.514375 0.505 0.02375 0.043333333333333335
11 0.486875 0.52 0.02875 0.04666666666666667
27 0.505 0.5591666666666667 0.0225 0.04833333333333334
11 0.4425 0.5425 0.0325 0.05166666666666667
19 0.4825 0.5716666666666667 0.03 0.05
19 0.501875 0.6091666666666667 0.03375 0.03833333333333334
19 0.569375 0.6158333333333333 0.02875 0.045000000000000005
19 0.7025 0.5008333333333334 0.0225 0.04833333333333334
24 0.70375 0.41833333333333333 0.0325 0.05666666666666667
24 0.67625 0.3666666666666667 0.0475 0.05666666666666667
24 0.685 0.3166666666666667 0.0375 0.05666666666666667
19 0.725 0.36083333333333334 0.03 0.035
19 0.745 0.38583333333333336 0.0325 0.045000000000000005
19 0.615 0.34 0.0325 0.04666666666666667
19 0.59125 0.315 0.0375 0.023333333333333334
19 0.695625 0.24750000000000003 0.02625 0.04833333333333334
24 0.650625 0.265 0.04125 0.04
24 0.64 0.2916666666666667 0.04 0.03666666666666667
19 0.636875 0.2275 0.02875 0.04833333333333334
19 0.595 0.19666666666666668 0.025 0.04666666666666667
19 0.623125 0.1875 0.02625 0.03833333333333334
19 0.58625 0.25333333333333335 0.025 0.05
24 0.5437500000000001 0.2866666666666667 0.0375 0.04
24 0.465625 0.6366666666666667 0.03375 0.043333333333333335
19 0.4025 0.7308333333333333 0.03 0.03166666666666667
24 0.62375 0.7991666666666667 0.04 0.03166666666666667
