11 0.261875 0.32583333333333336 0.03875 0.08833333333333333
11 0.24 0.37000000000000005 0.065 0.06666666666666667
11 0.39875 0.4591666666666667 0.0525 0.07833333333333334
11 0.3525 0.48333333333333334 0.06 0.06666666666666667
11 0.38625 0.5708333333333334 0.06 0.058333333333333334
11 0.2925 0.5316666666666667 0.055 0.07
11 0.393125 0.6241666666666668 0.06375 0.07166666666666667
11 0.29812500000000003 0.655 0.03875 0.09000000000000001
11 0.40125 0.6975 0.065 0.07500000000000001
11 0.466875 0.7000000000000001 0.06625 0.06666666666666667
11 0.36375 0.7983333333333333 0.045 0.08666666666666667
11 0.03375 0.6425000000000001 0.04 0.07166666666666667
11 0.539375 0.6533333333333333 0.043750000000000004 0.08666666666666667
11 0.735 0.9075000000000001 0.0475 0.07166666666666667
18 0.6843750000000001 0.8158333333333334 0.03375 0.055
11 0.56375 0.8466666666666667 0.0675 0.05666666666666667
11 0.756875 0.5091666666666667 0.05375 0.07500000000000001
11 0.644375 0.4425 0.06125 0.058333333333333334
11 0.5806250000000001 0.4766666666666667 0.05625 0.07
11 0.54625 0.44 0.0525 0.07666666666666667
11 0.70625 0.09000000000000001 0.0525 0.043333333333333335
11 0.86 0.5375000000000001 0.0375 0.08833333333333333
11 0.974375 0.67 0.03625 0.06333333333333334
