11 0.560625 0.18333333333333335 0.02375 0.05
11 0.535625 0.20833333333333334 0.02375 0.03666666666666667
11 0.5750000000000001 0.38 0.0225 0.05333333333333334
18 0.59375 0.29583333333333334 0.0275 0.03166666666666667
11 0.720625 0.35500000000000004 0.02875 0.043333333333333335
11 0.550625 0.6608333333333334 0.04125 0.035
11 0.509375 0.655 0.02875 0.04666666666666667
11 0.521875 0.7108333333333334 0.02375 0.05166666666666667
11 0.425 0.8400000000000001 0.025 0.043333333333333335
18 0.52125 0.7825000000000001 0.015 0.035
18 0.541875 0.8041666666666667 0.02125 0.028333333333333335
11 0.533125 0.5683333333333334 0.02625 0.05
