14 0.720529 0.681358 0.031845 0.074453
14 0.698633 0.893033 0.028466 0.053856
14 0.655975 0.895809 0.046097 0.020237
14 0.713548 0.968270 0.034978 0.038518
14 0.744716 0.973004 0.027871 0.045372
14 0.859322 0.981327 0.047209 0.033949
14 0.913214 0.938567 0.037256 0.030027
14 0.568114 0.913109 0.033559 0.037211
14 0.576646 0.982797 0.039814 0.026439
14 0.651298 0.926001 0.027584 0.040799
12 0.743579 0.933834 0.020473 0.033619
14 0.959292 0.753683 0.036495 0.040531
14 0.414890 0.019327 0.038675 0.032316
