18 0.248125 0.09083333333333334 0.02875 0.035
11 0.346875 0.21666666666666667 0.07125000000000001 0.07333333333333333
11 0.3825 0.3541666666666667 0.045 0.09833333333333334
11 0.2925 0.33166666666666667 0.0625 0.05666666666666667
18 0.17375000000000002 0.4216666666666667 0.0275 0.05333333333333334
11 0.284375 0.47750000000000004 0.06125 0.055
11 0.254375 0.5208333333333334 0.04875 0.07166666666666667
18 0.28875 0.5333333333333333 0.03 0.04666666666666667
11 0.356875 0.5591666666666667 0.06625 0.055
11 0.398125 0.4816666666666667 0.05375 0.09000000000000001
11 0.27125 0.5966666666666667 0.0725 0.06333333333333334
11 0.319375 0.6641666666666667 0.051250000000000004 0.05166666666666667
11 0.3775 0.6441666666666667 0.07 0.06166666666666667
11 0.4 0.7066666666666667 0.06 0.06666666666666667
11 0.35125 0.7141666666666667 0.0375 0.085
18 0.263125 0.6916666666666668 0.03375 0.05
18 0.17375000000000002 0.6883333333333334 0.0275 0.05333333333333334
18 0.3675 0.7658333333333334 0.0275 0.045000000000000005
11 0.3625 0.8408333333333334 0.055 0.095
18 0.30375 0.8683333333333334 0.035 0.04
11 0.40125 0.7758333333333334 0.0625 0.058333333333333334
11 0.52125 0.8558333333333333 0.0625 0.065
11 0.46187500000000004 0.7625000000000001 0.05375 0.06166666666666667
11 0.543125 0.6900000000000001 0.06625 0.06333333333333334
11 0.45437500000000003 0.6591666666666667 0.06375 0.058333333333333334
11 0.6075 0.6358333333333334 0.06 0.06166666666666667
11 0.5225 0.6025 0.05 0.085
11 0.44125000000000003 0.6083333333333334 0.0625 0.043333333333333335
11 0.534375 0.5408333333333334 0.07125000000000001 0.058333333333333334
11 0.4325 0.56 0.07 0.05
11 0.386875 0.5925 0.03875 0.07500000000000001
11 0.40625 0.2758333333333334 0.0525 0.065
11 0.43625 0.3416666666666667 0.06 0.06666666666666667
11 0.506875 0.29250000000000004 0.06875 0.04833333333333334
11 0.5675 0.26583333333333337 0.0625 0.055
11 0.520625 0.24000000000000002 0.05625 0.05666666666666667
18 0.449375 0.2575 0.03375 0.04833333333333334
18 0.42812500000000003 0.25916666666666666 0.03125 0.03833333333333334
18 0.39875 0.2341666666666667 0.0275 0.028333333333333335
11 0.733125 0.32 0.051250000000000004 0.07333333333333333
11 0.81625 0.4116666666666667 0.055 0.07333333333333333
18 0.826875 0.37000000000000005 0.02875 0.043333333333333335
11 0.938125 0.3075 0.04625 0.058333333333333334
11 0.9606250000000001 0.4591666666666667 0.03625 0.07833333333333334
11 0.928125 0.6091666666666667 0.04125 0.055
11 0.856875 0.6141666666666667 0.05375 0.07166666666666667
18 0.964375 0.6625000000000001 0.03125 0.035
18 0.88 0.5808333333333334 0.0325 0.05166666666666667
18 0.7262500000000001 0.5691666666666667 0.0225 0.055
11 0.711875 0.7266666666666667 0.06625 0.05333333333333334
11 0.71625 0.7883333333333333 0.0625 0.06333333333333334
18 0.775625 0.8016666666666667 0.03125 0.03333333333333333
11 0.815625 0.8525 0.04625 0.095
18 0.634375 0.9616666666666668 0.02625 0.04666666666666667
