11 0.419375 0.36500000000000005 0.043750000000000004 0.08666666666666667
11 0.7987500000000001 0.23583333333333334 0.05 0.058333333333333334
11 0.8200000000000001 0.29500000000000004 0.0425 0.07333333333333333
11 0.8475 0.335 0.0475 0.08333333333333334
11 0.80375 0.5975 0.045 0.06833333333333334
11 0.7975 0.7266666666666667 0.045 0.05333333333333334
11 0.71875 0.7958333333333334 0.0525 0.058333333333333334
11 0.7418750000000001 0.8250000000000001 0.04625 0.060000000000000005
11 0.65625 0.89 0.0525 0.05666666666666667
27 0.281875 0.8200000000000001 0.03875 0.07
18 0.35375 0.14 0.0375 0.043333333333333335
18 0.43625 0.09083333333333334 0.0275 0.035
18 0.45375 0.12916666666666668 0.0225 0.04166666666666667
18 0.473125 0.13083333333333333 0.02375 0.045000000000000005
18 0.40125 0.17583333333333334 0.03 0.03833333333333334
18 0.5475 0.1991666666666667 0.0325 0.03833333333333334
18 0.405625 0.2891666666666667 0.02875 0.045000000000000005
18 0.3375 0.26 0.0275 0.03666666666666667
18 0.233125 0.2783333333333334 0.03125 0.03333333333333333
18 0.273125 0.275 0.02875 0.04
18 0.255625 0.2916666666666667 0.02375 0.03666666666666667
18 0.26875 0.30583333333333335 0.03 0.03166666666666667
18 0.3125 0.36083333333333334 0.0325 0.03833333333333334
18 0.333125 0.36833333333333335 0.02875 0.04
18 0.22625 0.3725 0.0325 0.035
18 0.243125 0.39083333333333337 0.03375 0.035
18 0.17875 0.4241666666666667 0.0275 0.045000000000000005
18 0.283125 0.41500000000000004 0.03125 0.030000000000000002
18 0.39187500000000003 0.41500000000000004 0.02875 0.043333333333333335
18 0.39187500000000003 0.38833333333333336 0.03125 0.03666666666666667
18 0.375625 0.43500000000000005 0.02875 0.04
18 0.37875000000000003 0.4675 0.025 0.045000000000000005
18 0.275625 0.4708333333333334 0.03375 0.03166666666666667
18 0.26 0.5283333333333333 0.0325 0.03666666666666667
18 0.18812500000000001 0.56 0.02375 0.04
18 0.131875 0.515 0.02875 0.043333333333333335
18 0.17875 0.6016666666666667 0.0325 0.04666666666666667
18 0.2575 0.5966666666666667 0.0325 0.04666666666666667
18 0.304375 0.6000000000000001 0.03375 0.03666666666666667
18 0.325625 0.5650000000000001 0.03375 0.04
18 0.310625 0.6291666666666667 0.03375 0.04166666666666667
18 0.20875 0.7041666666666667 0.0375 0.035
18 0.3225 0.6708333333333334 0.035 0.04166666666666667
18 0.3575 0.6666666666666667 0.0325 0.04
18 0.434375 0.6025 0.03125 0.05166666666666667
18 0.475625 0.625 0.02625 0.043333333333333335
18 0.35875 0.7766666666666667 0.0325 0.043333333333333335
18 0.41500000000000004 0.9208333333333334 0.0325 0.035
18 0.43 0.7000000000000001 0.0325 0.043333333333333335
18 0.5543750000000001 0.7641666666666667 0.03375 0.04166666666666667
18 0.671875 0.7541666666666668 0.03125 0.04166666666666667
18 0.526875 0.6208333333333333 0.03375 0.03833333333333334
18 0.61375 0.41833333333333333 0.035 0.03666666666666667
18 0.23 0.13333333333333333 0.035 0.03666666666666667
18 0.205625 0.22083333333333335 0.03125 0.058333333333333334
18 0.555625 0.043333333333333335 0.03375 0.043333333333333335
19 0.49125 0.27666666666666667 0.045 0.05666666666666667
19 0.6793750000000001 0.41500000000000004 0.05625 0.06666666666666667
19 0.28875 0.445 0.055 0.05333333333333334
18 0.49312500000000004 0.08666666666666667 0.02875 0.03333333333333333
18 0.515625 0.09833333333333334 0.02875 0.02666666666666667
18 0.49125 0.06416666666666668 0.0375 0.035
18 0.35125 0.2016666666666667 0.0325 0.04666666666666667
18 0.251875 0.33916666666666667 0.03875 0.045000000000000005
18 0.406875 0.45833333333333337 0.02875 0.043333333333333335
24 0.515625 0.7158333333333334 0.058750000000000004 0.08166666666666667
24 0.50125 0.6316666666666667 0.0475 0.08
24 0.404375 0.52 0.04875 0.08333333333333334
18 0.43062500000000004 0.5208333333333334 0.02375 0.04166666666666667
