18 0.26625 0.3191666666666667 0.0225 0.045000000000000005
18 0.115 0.5316666666666667 0.03 0.04666666666666667
18 0.12125 0.5675 0.0275 0.03833333333333334
18 0.16875 0.5858333333333333 0.0275 0.05166666666666667
20 0.07875 0.5466666666666667 0.0375 0.043333333333333335
11 0.20750000000000002 0.5958333333333333 0.045 0.095
18 0.2475 0.6383333333333334 0.025 0.04
18 0.305625 0.7633333333333334 0.02875 0.05666666666666667
18 0.27187500000000003 0.8258333333333334 0.03375 0.04166666666666667
18 0.274375 0.8708333333333333 0.03375 0.04833333333333334
18 0.5075000000000001 0.8025000000000001 0.03 0.05166666666666667
