19 0.341875 0.19583333333333336 0.04125 0.06166666666666667
19 0.291875 0.255 0.03875 0.05333333333333334
19 0.26687500000000003 0.2758333333333334 0.03375 0.065
19 0.450625 0.2725 0.05625 0.04833333333333334
19 0.48812500000000003 0.23 0.04125 0.04666666666666667
19 0.48562500000000003 0.18416666666666667 0.03625 0.045000000000000005
19 0.411875 0.14166666666666666 0.04125 0.03333333333333333
18 0.375 0.15583333333333335 0.0275 0.03166666666666667
18 0.39625 0.24000000000000002 0.0225 0.03333333333333333
18 0.305625 0.20833333333333334 0.02375 0.02666666666666667
18 0.2775 0.3375 0.015 0.035
18 0.576875 0.20750000000000002 0.03125 0.028333333333333335
18 0.58625 0.3125 0.02 0.03166666666666667
19 0.591875 0.1691666666666667 0.02125 0.035
19 0.5675 0.27 0.04 0.05333333333333334
19 0.555 0.315 0.045 0.04666666666666667
19 0.664375 0.2675 0.04625 0.05166666666666667
19 0.71 0.30583333333333335 0.025 0.06166666666666667
19 0.67125 0.3516666666666667 0.0325 0.06333333333333334
19 0.639375 0.33083333333333337 0.03125 0.07166666666666667
19 0.656875 0.4091666666666667 0.03625 0.08166666666666667
19 0.716875 0.39083333333333337 0.04625 0.05166666666666667
19 0.721875 0.42250000000000004 0.043750000000000004 0.05166666666666667
18 0.6675 0.3875 0.03 0.035
18 0.6875 0.44583333333333336 0.0275 0.035
24 0.7125 0.4625 0.0425 0.04833333333333334
11 0.74 0.45083333333333336 0.025 0.055
21 0.7056250000000001 0.4866666666666667 0.04625 0.06666666666666667
28 0.7518750000000001 0.5091666666666667 0.051250000000000004 0.06166666666666667
23 0.734375 0.48583333333333334 0.03125 0.04166666666666667
19 0.7156250000000001 0.5633333333333334 0.04125 0.05
19 0.63875 0.5141666666666667 0.0475 0.055
19 0.731875 0.615 0.03875 0.05666666666666667
19 0.669375 0.5933333333333334 0.04125 0.06333333333333334
19 0.635 0.5508333333333334 0.0425 0.05166666666666667
21 0.654375 0.6383333333333334 0.043750000000000004 0.06666666666666667
19 0.725625 0.655 0.03375 0.05
24 0.7125 0.6791666666666667 0.045 0.045000000000000005
19 0.691875 0.7283333333333334 0.051250000000000004 0.043333333333333335
20 0.70375 0.7275 0.025 0.04833333333333334
19 0.7125 0.7766666666666667 0.04 0.043333333333333335
19 0.644375 0.7783333333333334 0.03875 0.04666666666666667
23 0.6425 0.7275 0.0375 0.04166666666666667
19 0.666875 0.8583333333333334 0.043750000000000004 0.043333333333333335
19 0.5750000000000001 0.7541666666666668 0.0325 0.06833333333333334
19 0.5475 0.7633333333333334 0.0475 0.04666666666666667
19 0.513125 0.8266666666666668 0.03875 0.05666666666666667
19 0.47750000000000004 0.78 0.03 0.05333333333333334
19 0.44375000000000003 0.7633333333333334 0.0425 0.05
19 0.60375 0.6708333333333334 0.0425 0.05166666666666667
19 0.49125 0.8766666666666667 0.04 0.05
19 0.46625 0.8591666666666667 0.0375 0.05166666666666667
18 0.45437500000000003 0.8741666666666668 0.02125 0.025
18 0.5437500000000001 0.8150000000000001 0.02 0.030000000000000002
20 0.5275 0.7975000000000001 0.025 0.028333333333333335
18 0.50375 0.7991666666666667 0.025 0.03833333333333334
19 0.414375 0.7858333333333334 0.043750000000000004 0.045000000000000005
19 0.36625 0.7216666666666667 0.03 0.04
19 0.395 0.7350000000000001 0.035 0.04666666666666667
19 0.45125 0.5925 0.0525 0.04833333333333334
21 0.534375 0.655 0.04875 0.06666666666666667
31 0.520625 0.6333333333333334 0.00875 0.030000000000000002
28 0.48125 0.6608333333333334 0.045 0.055
21 0.536875 0.7191666666666667 0.043750000000000004 0.055
21 0.526875 0.7425 0.04875 0.05166666666666667
19 0.62375 0.6325000000000001 0.03 0.045000000000000005
19 0.596875 0.6016666666666667 0.03375 0.05666666666666667
19 0.59125 0.6216666666666667 0.04 0.03666666666666667
28 0.6775 0.5458333333333334 0.045 0.06833333333333334
19 0.45687500000000003 0.6383333333333334 0.03375 0.043333333333333335
18 0.290625 0.6583333333333333 0.02375 0.030000000000000002
19 0.31625000000000003 0.5058333333333334 0.035 0.07500000000000001
19 0.2125 0.48250000000000004 0.0425 0.04166666666666667
19 0.2025 0.4425 0.0325 0.055
11 0.195625 0.5816666666666667 0.03125 0.04666666666666667
