20 0.36375 0.2275 0.045 0.06166666666666667
20 0.556875 0.11083333333333334 0.03625 0.055
20 0.403125 0.6733333333333333 0.03875 0.04666666666666667
20 0.3725 0.8208333333333334 0.0425 0.05166666666666667
20 0.63625 0.7083333333333334 0.0425 0.05333333333333334
20 0.785625 0.6416666666666667 0.04125 0.06333333333333334
19 0.42125 0.2816666666666667 0.05 0.06666666666666667
19 0.6125 0.42833333333333334 0.045 0.060000000000000005
19 0.25375000000000003 0.5716666666666667 0.045 0.1
19 0.32625 0.6408333333333334 0.04 0.06166666666666667
19 0.84375 0.41750000000000004 0.055 0.06166666666666667
18 0.295625 0.29500000000000004 0.03625 0.05333333333333334
18 0.37625000000000003 0.41833333333333333 0.035 0.04
18 0.35875 0.47500000000000003 0.035 0.043333333333333335
18 0.25125000000000003 0.4025 0.0275 0.04833333333333334
18 0.199375 0.4733333333333334 0.03125 0.04
18 0.29 0.5116666666666667 0.035 0.04
18 0.275625 0.625 0.03375 0.043333333333333335
18 0.46625 0.7391666666666667 0.03 0.055
18 0.49 0.6075 0.025 0.058333333333333334
18 0.7262500000000001 0.8458333333333334 0.03 0.045000000000000005
18 0.62375 0.2025 0.03 0.045000000000000005
26 0.725 0.40750000000000003 0.0275 0.055
26 0.495 0.43083333333333335 0.0325 0.045000000000000005
26 0.48625 0.5183333333333333 0.035 0.043333333333333335
26 0.663125 0.7008333333333334 0.03125 0.05166666666666667
26 0.786875 0.7666666666666667 0.02625 0.04666666666666667
26 0.52625 0.8041666666666667 0.0375 0.035
26 0.36062500000000003 0.3433333333333334 0.02625 0.05
26 0.36875 0.2791666666666667 0.0425 0.03833333333333334
20 0.304375 0.6825 0.04625 0.058333333333333334
26 0.591875 0.9566666666666668 0.03625 0.03333333333333333
18 0.764375 0.5858333333333333 0.03375 0.04833333333333334
21 0.51875 0.225 0.0725 0.08666666666666667
