11 0.5437500000000001 0.0775 0.0575 0.058333333333333334
11 0.15375 0.13833333333333334 0.0425 0.07
18 0.10375000000000001 0.3041666666666667 0.0375 0.055
11 0.16625 0.29000000000000004 0.0425 0.08666666666666667
11 0.214375 0.22833333333333336 0.05625 0.060000000000000005
11 0.335625 0.22 0.04875 0.06666666666666667
11 0.368125 0.18666666666666668 0.04875 0.06666666666666667
11 0.444375 0.19583333333333336 0.05625 0.055
11 0.495 0.23833333333333334 0.0525 0.07666666666666667
11 0.466875 0.265 0.04875 0.07333333333333333
11 0.43 0.28250000000000003 0.055 0.07500000000000001
11 0.371875 0.26166666666666666 0.05625 0.07
11 0.385 0.325 0.04 0.08
11 0.41250000000000003 0.43000000000000005 0.0675 0.07
11 0.588125 0.53 0.06625 0.060000000000000005
11 0.6118750000000001 0.5808333333333334 0.06125 0.058333333333333334
11 0.31 0.2841666666666667 0.06 0.055
11 0.32625 0.3166666666666667 0.06 0.04666666666666667
11 0.3825 0.32833333333333337 0.0425 0.07333333333333333
11 0.34875 0.3566666666666667 0.0375 0.06666666666666667
11 0.265625 0.33 0.051250000000000004 0.06666666666666667
11 0.2525 0.36750000000000005 0.0425 0.06833333333333334
11 0.3 0.37083333333333335 0.0475 0.06833333333333334
11 0.2925 0.42833333333333334 0.0575 0.07
11 0.215625 0.4 0.05375 0.06333333333333334
11 0.18 0.445 0.0575 0.060000000000000005
11 0.08125 0.5308333333333334 0.05 0.07500000000000001
11 0.169375 0.5258333333333334 0.051250000000000004 0.07833333333333334
11 0.224375 0.5283333333333333 0.04625 0.06666666666666667
11 0.275625 0.5125000000000001 0.06375 0.06833333333333334
11 0.056875 0.7233333333333334 0.043750000000000004 0.08
11 0.181875 0.7291666666666667 0.06125 0.07166666666666667
11 0.2475 0.7275 0.0575 0.06833333333333334
11 0.371875 0.6075 0.05625 0.06833333333333334
11 0.495 0.6666666666666667 0.05 0.09666666666666668
11 0.251875 0.8375 0.06625 0.065
11 0.345625 0.8983333333333334 0.06875 0.07666666666666667
11 0.49562500000000004 0.9016666666666667 0.06625 0.060000000000000005
11 0.39875 0.78 0.0525 0.07333333333333333
11 0.4525 0.7741666666666667 0.0625 0.065
11 0.46 0.8233333333333334 0.055 0.07
