11 0.675625 0.11333333333333334 0.05375 0.08
11 0.748125 0.165 0.058750000000000004 0.07666666666666667
11 0.4575 0.17666666666666667 0.0525 0.07333333333333333
11 0.54 0.32583333333333336 0.07 0.065
11 0.9762500000000001 0.42083333333333334 0.045 0.07833333333333334
11 0.84375 0.7400000000000001 0.06 0.07333333333333333
11 0.705 0.43000000000000005 0.0575 0.07
11 0.526875 0.4025 0.06375 0.06166666666666667
11 0.48875 0.505 0.07 0.06666666666666667
11 0.443125 0.7183333333333334 0.06625 0.06666666666666667
11 0.321875 0.5916666666666667 0.06875 0.060000000000000005
11 0.241875 0.3975 0.04625 0.08833333333333333
18 0.245625 0.6533333333333333 0.03125 0.05333333333333334
18 0.41250000000000003 0.8741666666666668 0.04 0.045000000000000005
18 0.4175 0.2041666666666667 0.045 0.03833333333333334
