11 0.1825 0.5366666666666667 0.0325 0.05
11 0.1875 0.6041666666666667 0.0325 0.03833333333333334
11 0.6725 0.5275000000000001 0.03 0.055
11 0.6950000000000001 0.5533333333333333 0.0275 0.05
11 0.6531250000000001 0.665 0.03625 0.03333333333333333
11 0.71375 0.6858333333333334 0.0275 0.04833333333333334
11 0.606875 0.8325 0.02625 0.045000000000000005
11 0.545625 0.8966666666666667 0.02625 0.04
11 0.366875 0.88 0.03875 0.03333333333333333
11 0.466875 0.9366666666666668 0.03375 0.03333333333333333
18 0.31875000000000003 0.8583333333333334 0.0225 0.023333333333333334
18 0.275625 0.8041666666666667 0.02125 0.025
