18 0.335 0.22583333333333336 0.0275 0.045000000000000005
18 0.318125 0.39583333333333337 0.02625 0.035
18 0.233125 0.37000000000000005 0.03125 0.03666666666666667
18 0.25375000000000003 0.38583333333333336 0.0225 0.035
18 0.22125 0.43083333333333335 0.0275 0.03833333333333334
18 0.245 0.4141666666666667 0.0275 0.03166666666666667
18 0.296875 0.42500000000000004 0.03125 0.03666666666666667
18 0.31625000000000003 0.44083333333333335 0.0225 0.03166666666666667
18 0.27 0.45 0.03 0.043333333333333335
18 0.17625 0.5158333333333334 0.0325 0.03833333333333334
18 0.144375 0.5325000000000001 0.03125 0.03833333333333334
18 0.28875 0.5833333333333334 0.03 0.03333333333333333
18 0.228125 0.5808333333333334 0.03875 0.055
18 0.24875 0.79 0.03 0.030000000000000002
18 0.42562500000000003 0.7916666666666667 0.03125 0.03666666666666667
18 0.44875 0.8108333333333334 0.0325 0.04166666666666667
18 0.55875 0.7933333333333333 0.0275 0.03666666666666667
18 0.445 0.6758333333333334 0.0325 0.04166666666666667
18 0.658125 0.8500000000000001 0.02625 0.03333333333333333
18 0.631875 0.8491666666666667 0.02375 0.03833333333333334
18 0.503125 0.5991666666666667 0.03875 0.04833333333333334
18 0.59 0.6175 0.0275 0.04166666666666667
18 0.420625 0.5408333333333334 0.043750000000000004 0.04166666666666667
18 0.5425 0.4525 0.0275 0.03833333333333334
18 0.465625 0.40750000000000003 0.02875 0.04166666666666667
18 0.309375 0.14583333333333334 0.02625 0.03166666666666667
18 0.375 0.135 0.0325 0.03333333333333333
18 0.3375 0.17 0.03 0.04
18 0.365 0.18083333333333335 0.035 0.045000000000000005
18 0.40750000000000003 0.16 0.045 0.05
18 0.6175 0.08333333333333334 0.035 0.03666666666666667
18 0.433125 0.23333333333333334 0.02625 0.04666666666666667
26 0.5125 0.2783333333333334 0.03 0.04666666666666667
26 0.36375 0.3075 0.0225 0.03833333333333334
26 0.606875 0.4216666666666667 0.02625 0.04
26 0.45437500000000003 0.5358333333333334 0.03625 0.028333333333333335
26 0.449375 0.7466666666666667 0.04125 0.03333333333333333
26 0.628125 0.7866666666666667 0.02875 0.04666666666666667
26 0.335625 0.7083333333333334 0.02125 0.043333333333333335
26 0.176875 0.36250000000000004 0.02625 0.05166666666666667
25 0.4575 0.21250000000000002 0.06 0.06833333333333334
23 0.413125 0.26666666666666666 0.03625 0.060000000000000005
25 0.40625 0.31083333333333335 0.065 0.06833333333333334
23 0.386875 0.3358333333333334 0.05375 0.05166666666666667
23 0.45 0.4416666666666667 0.04 0.05666666666666667
25 0.29875 0.4691666666666667 0.0575 0.07166666666666667
25 0.359375 0.4991666666666667 0.051250000000000004 0.06833333333333334
23 0.380625 0.4658333333333334 0.04875 0.06166666666666667
25 0.375625 0.9125000000000001 0.058750000000000004 0.065
25 0.664375 0.6725000000000001 0.06375 0.07500000000000001
19 0.545625 0.5308333333333334 0.04625 0.07500000000000001
19 0.725625 0.46416666666666667 0.04125 0.07500000000000001
19 0.534375 0.9233333333333333 0.04875 0.06333333333333334
19 0.22312500000000002 0.49833333333333335 0.04625 0.04666666666666667
