25 0.36312500000000003 0.15666666666666668 0.043750000000000004 0.05333333333333334
19 0.419375 0.2325 0.04125 0.058333333333333334
19 0.355 0.2541666666666667 0.04 0.06166666666666667
19 0.41625 0.15333333333333335 0.04 0.043333333333333335
19 0.3325 0.15666666666666668 0.0325 0.05333333333333334
19 0.276875 0.2775 0.03375 0.035
19 0.256875 0.31833333333333336 0.03125 0.060000000000000005
11 0.26 0.2275 0.0275 0.04833333333333334
11 0.29625 0.25333333333333335 0.0175 0.05
11 0.411875 0.2966666666666667 0.043750000000000004 0.04
11 0.46375 0.29000000000000004 0.04 0.05333333333333334
11 0.515625 0.2525 0.02125 0.045000000000000005
19 0.4825 0.45583333333333337 0.035 0.045000000000000005
11 0.478125 0.4941666666666667 0.03375 0.05166666666666667
11 0.338125 0.49083333333333334 0.02375 0.06166666666666667
19 0.305 0.49083333333333334 0.0375 0.04166666666666667
19 0.20750000000000002 0.5283333333333333 0.0325 0.05333333333333334
19 0.17500000000000002 0.4808333333333334 0.035 0.055
19 0.18125 0.535 0.02 0.060000000000000005
19 0.235625 0.5691666666666667 0.02625 0.055
19 0.326875 0.5758333333333334 0.04125 0.055
19 0.401875 0.6375000000000001 0.03375 0.05166666666666667
19 0.448125 0.6516666666666667 0.03875 0.05666666666666667
19 0.4475 0.6091666666666667 0.035 0.035
19 0.506875 0.6183333333333334 0.03375 0.05
19 0.323125 0.6458333333333334 0.03875 0.055
19 0.251875 0.6341666666666667 0.03375 0.05166666666666667
19 0.22125 0.7066666666666667 0.0325 0.06333333333333334
19 0.32875 0.7216666666666667 0.03 0.05666666666666667
19 0.450625 0.7141666666666667 0.051250000000000004 0.07166666666666667
19 0.4025 0.8200000000000001 0.0325 0.043333333333333335
19 0.4425 0.8458333333333334 0.035 0.04166666666666667
19 0.445 0.8158333333333334 0.0275 0.035
19 0.43375 0.885 0.0325 0.03333333333333333
19 0.406875 0.8908333333333334 0.02375 0.04833333333333334
11 0.545625 0.8791666666666668 0.03875 0.035
19 0.5181250000000001 0.9191666666666667 0.051250000000000004 0.04833333333333334
19 0.634375 0.8041666666666667 0.02875 0.03833333333333334
19 0.619375 0.7741666666666667 0.03125 0.04166666666666667
19 0.52 0.7916666666666667 0.0375 0.060000000000000005
19 0.519375 0.8175 0.03625 0.03833333333333334
25 0.5856250000000001 0.8358333333333334 0.04875 0.04833333333333334
19 0.725625 0.6491666666666667 0.03625 0.045000000000000005
19 0.7106250000000001 0.6675000000000001 0.02625 0.04833333333333334
11 0.650625 0.6925 0.043750000000000004 0.045000000000000005
19 0.635625 0.7225 0.04125 0.055
19 0.606875 0.7058333333333334 0.03875 0.04166666666666667
19 0.58375 0.6983333333333334 0.04 0.05666666666666667
19 0.55875 0.7050000000000001 0.0325 0.04666666666666667
19 0.53 0.7058333333333334 0.0325 0.055
19 0.54125 0.7400000000000001 0.0425 0.043333333333333335
19 0.499375 0.6933333333333334 0.03875 0.05333333333333334
19 0.56875 0.6516666666666667 0.045 0.060000000000000005
19 0.5275 0.6583333333333333 0.0325 0.043333333333333335
19 0.538125 0.6266666666666667 0.03625 0.060000000000000005
21 0.64875 0.6391666666666667 0.035 0.058333333333333334
19 0.68375 0.6175 0.045 0.04166666666666667
11 0.626875 0.5950000000000001 0.03625 0.04
19 0.588125 0.5750000000000001 0.03875 0.04666666666666667
19 0.561875 0.5900000000000001 0.043750000000000004 0.05333333333333334
19 0.625625 0.5525 0.043750000000000004 0.05166666666666667
19 0.591875 0.5208333333333334 0.03125 0.04833333333333334
19 0.61375 0.49333333333333335 0.0225 0.05333333333333334
19 0.673125 0.47500000000000003 0.03125 0.05666666666666667
24 0.65125 0.5066666666666667 0.025 0.06666666666666667
19 0.725 0.4966666666666667 0.0325 0.06666666666666667
19 0.756875 0.49250000000000005 0.03375 0.04166666666666667
19 0.6675 0.5625 0.0375 0.058333333333333334
24 0.634375 0.46 0.043750000000000004 0.05333333333333334
19 0.68625 0.42083333333333334 0.035 0.058333333333333334
19 0.651875 0.39666666666666667 0.02875 0.04666666666666667
11 0.635625 0.4133333333333334 0.03875 0.03333333333333333
28 0.6175 0.3816666666666667 0.0375 0.07333333333333333
19 0.703125 0.2775 0.03375 0.04166666666666667
19 0.633125 0.28500000000000003 0.04625 0.05
19 0.6125 0.2341666666666667 0.035 0.04166666666666667
19 0.5775 0.2808333333333333 0.035 0.045000000000000005
19 0.570625 0.24416666666666667 0.03625 0.04833333333333334
19 0.545 0.25 0.0225 0.04666666666666667
19 0.56 0.2016666666666667 0.035 0.05666666666666667
19 0.52875 0.21083333333333334 0.0375 0.045000000000000005
19 0.529375 0.1716666666666667 0.02875 0.05333333333333334
11 0.286875 0.31583333333333335 0.03625 0.055
