11 0.305625 0.19 0.03875 0.05333333333333334
11 0.3925 0.23500000000000001 0.03 0.05
11 0.375625 0.2808333333333333 0.03875 0.03166666666666667
11 0.31 0.35500000000000004 0.0325 0.043333333333333335
11 0.20500000000000002 0.37083333333333335 0.025 0.05166666666666667
11 0.40875 0.4291666666666667 0.0325 0.05166666666666667
11 0.3 0.49750000000000005 0.0425 0.03166666666666667
11 0.528125 0.7341666666666667 0.04625 0.03833333333333334
11 0.673125 0.65 0.03375 0.04
11 0.65125 0.5841666666666667 0.0275 0.058333333333333334
11 0.686875 0.5691666666666667 0.04625 0.035
11 0.66625 0.43000000000000005 0.0475 0.04
11 0.668125 0.325 0.04125 0.05333333333333334
11 0.675625 0.22333333333333336 0.043750000000000004 0.04666666666666667
11 0.504375 0.2225 0.04875 0.05166666666666667
11 0.46125 0.15166666666666667 0.04 0.03666666666666667
