11 0.154375 0.14750000000000002 0.05375 0.06166666666666667
11 0.2475 0.3875 0.04 0.06833333333333334
11 0.304375 0.4041666666666667 0.03875 0.09166666666666667
11 0.336875 0.44 0.05375 0.08
11 0.208125 0.4191666666666667 0.03875 0.07166666666666667
11 0.185625 0.38333333333333336 0.04125 0.09000000000000001
11 0.3075 0.515 0.05 0.09333333333333334
11 0.35625 0.5525 0.0475 0.07833333333333334
11 0.39687500000000003 0.5375000000000001 0.06375 0.06166666666666667
11 0.373125 0.48583333333333334 0.043750000000000004 0.07500000000000001
11 0.345625 0.6041666666666667 0.04125 0.085
11 0.255 0.5816666666666667 0.04 0.09333333333333334
11 0.288125 0.6075 0.05375 0.055
11 0.30125 0.6475000000000001 0.0575 0.06166666666666667
11 0.29 0.6950000000000001 0.0675 0.05
11 0.309375 0.7633333333333334 0.051250000000000004 0.07333333333333333
11 0.21125 0.7091666666666667 0.0625 0.05166666666666667
11 0.06875 0.7591666666666668 0.045 0.065
11 0.14875 0.8408333333333334 0.04 0.07166666666666667
11 0.339375 0.8516666666666667 0.04125 0.09333333333333334
18 0.27 0.9158333333333334 0.03 0.045000000000000005
11 0.420625 0.8966666666666667 0.05625 0.06666666666666667
11 0.41125 0.7483333333333334 0.0625 0.05333333333333334
11 0.36062500000000003 0.6808333333333334 0.058750000000000004 0.07166666666666667
11 0.40375 0.6675000000000001 0.04 0.08166666666666667
11 0.3975 0.6025 0.06 0.06833333333333334
11 0.46875 0.9058333333333334 0.045 0.09166666666666667
18 0.49 0.9600000000000001 0.03 0.04666666666666667
11 0.5700000000000001 0.88 0.0675 0.05
11 0.645625 0.8433333333333334 0.051250000000000004 0.08
11 0.54625 0.7641666666666667 0.0375 0.07500000000000001
11 0.4825 0.7833333333333334 0.0425 0.08666666666666667
11 0.50875 0.7325 0.055 0.058333333333333334
11 0.465625 0.6891666666666667 0.06125 0.06166666666666667
11 0.504375 0.6466666666666667 0.04125 0.08333333333333334
11 0.469375 0.6266666666666667 0.04625 0.08333333333333334
11 0.47125 0.5308333333333334 0.05 0.07166666666666667
11 0.468125 0.4733333333333334 0.04625 0.08
11 0.418125 0.4741666666666667 0.05625 0.058333333333333334
11 0.41375 0.43500000000000005 0.0625 0.05333333333333334
11 0.388125 0.33666666666666667 0.04625 0.08666666666666667
11 0.398125 0.2575 0.04875 0.09166666666666667
11 0.44 0.21500000000000002 0.065 0.043333333333333335
11 0.5725 0.14833333333333334 0.0725 0.06333333333333334
11 0.38375000000000004 0.025833333333333337 0.055 0.04166666666666667
11 0.845 0.1275 0.0375 0.07500000000000001
11 0.69875 0.28250000000000003 0.055 0.06833333333333334
11 0.719375 0.43083333333333335 0.051250000000000004 0.08166666666666667
11 0.65 0.4866666666666667 0.0425 0.09000000000000001
11 0.74625 0.5800000000000001 0.045 0.07333333333333333
11 0.63875 0.6033333333333334 0.06 0.08
18 0.6175 0.7166666666666667 0.045 0.03333333333333333
18 0.755 0.7300000000000001 0.035 0.05
18 0.680625 0.8875000000000001 0.03875 0.03833333333333334
11 0.93125 0.7758333333333334 0.0275 0.07166666666666667
11 0.9225 0.5491666666666667 0.0375 0.08833333333333333
11 0.89625 0.43833333333333335 0.0425 0.08333333333333334
11 0.9425 0.2916666666666667 0.0425 0.08666666666666667
18 0.660625 0.1716666666666667 0.03625 0.03666666666666667
