27 0.26875 0.16833333333333333 0.0575 0.04666666666666667
27 0.323125 0.12833333333333335 0.05375 0.05333333333333334
27 0.44625000000000004 0.05 0.055 0.05666666666666667
27 0.511875 0.0625 0.03625 0.07166666666666667
27 0.30062500000000003 0.30000000000000004 0.04625 0.06666666666666667
27 0.33187500000000003 0.26416666666666666 0.04875 0.04166666666666667
27 0.350625 0.29500000000000004 0.051250000000000004 0.04666666666666667
27 0.46375 0.25 0.0425 0.07
27 0.30875 0.42500000000000004 0.0475 0.06333333333333334
27 0.29 0.46416666666666667 0.0525 0.055
27 0.64875 0.09333333333333334 0.05 0.04666666666666667
27 0.59 0.10416666666666667 0.0375 0.06166666666666667
27 0.604375 0.155 0.03375 0.07
27 0.5325 0.18333333333333335 0.0525 0.05666666666666667
27 0.509375 0.22916666666666669 0.04125 0.07500000000000001
27 0.579375 0.22333333333333336 0.06125 0.05
27 0.545 0.24750000000000003 0.0425 0.06833333333333334
27 0.663125 0.22083333333333335 0.043750000000000004 0.07500000000000001
27 0.72375 0.19666666666666668 0.0525 0.06666666666666667
27 0.764375 0.21666666666666667 0.051250000000000004 0.05333333333333334
27 0.724375 0.25833333333333336 0.03875 0.07666666666666667
27 0.704375 0.35250000000000004 0.05625 0.065
27 0.4425 0.39 0.035 0.07333333333333333
27 0.501875 0.3441666666666667 0.03375 0.07500000000000001
27 0.530625 0.35833333333333334 0.02875 0.07666666666666667
27 0.420625 0.44333333333333336 0.05625 0.04666666666666667
27 0.4025 0.4791666666666667 0.0625 0.04833333333333334
27 0.38 0.5825 0.06 0.04833333333333334
27 0.5975 0.3325 0.0325 0.07833333333333334
27 0.561875 0.3516666666666667 0.04625 0.03666666666666667
27 0.561875 0.38833333333333336 0.051250000000000004 0.043333333333333335
27 0.6062500000000001 0.38 0.05 0.04666666666666667
27 0.6687500000000001 0.5 0.045 0.08333333333333334
27 0.800625 0.5858333333333333 0.043750000000000004 0.065
27 0.835 0.5908333333333333 0.04 0.07833333333333334
27 0.5181250000000001 0.405 0.03125 0.08
27 0.538125 0.4683333333333334 0.06875 0.043333333333333335
27 0.545625 0.5033333333333334 0.051250000000000004 0.043333333333333335
27 0.5543750000000001 0.545 0.043750000000000004 0.05
27 0.51125 0.5683333333333334 0.0525 0.05666666666666667
27 0.600625 0.5083333333333334 0.051250000000000004 0.04
27 0.59875 0.5516666666666667 0.0375 0.06666666666666667
27 0.59 0.6066666666666667 0.05 0.07666666666666667
27 0.6025 0.6816666666666668 0.0625 0.060000000000000005
27 0.6075 0.7333333333333334 0.05 0.05
27 0.59375 0.8041666666666667 0.0475 0.055
27 0.584375 0.9391666666666667 0.05625 0.045000000000000005
27 0.37 0.91 0.055 0.05
27 0.365 0.8058333333333334 0.055 0.05166666666666667
27 0.409375 0.8316666666666667 0.043750000000000004 0.05333333333333334
27 0.429375 0.7250000000000001 0.043750000000000004 0.07333333333333333
27 0.378125 0.7575000000000001 0.03375 0.055
27 0.47250000000000003 0.755 0.06 0.04
27 0.498125 0.8133333333333334 0.03875 0.05
27 0.45937500000000003 0.7941666666666667 0.04875 0.06166666666666667
27 0.539375 0.7766666666666667 0.03875 0.07
27 0.521875 0.6716666666666667 0.05375 0.043333333333333335
27 0.51125 0.6216666666666667 0.0325 0.06333333333333334
27 0.46187500000000004 0.6000000000000001 0.03375 0.07
27 0.42875 0.5866666666666667 0.0275 0.08
27 0.80125 0.2733333333333334 0.045 0.04666666666666667
27 0.7325 0.14750000000000002 0.0575 0.05166666666666667
11 0.4325 0.8083333333333333 0.0375 0.06666666666666667
21 0.203125 0.5175000000000001 0.05375 0.07833333333333334
