18 0.7106250000000001 0.2341666666666667 0.02875 0.04166666666666667
18 0.650625 0.24166666666666667 0.03375 0.04
25 0.739375 0.3241666666666667 0.051250000000000004 0.05166666666666667
25 0.69875 0.3458333333333334 0.0425 0.06166666666666667
25 0.68 0.39916666666666667 0.04 0.04833333333333334
25 0.744375 0.4391666666666667 0.05375 0.04833333333333334
25 0.77875 0.42500000000000004 0.0325 0.060000000000000005
19 0.7156250000000001 0.4841666666666667 0.02875 0.045000000000000005
18 0.628125 0.325 0.02125 0.04
22 0.7000000000000001 0.6875 0.0175 0.04166666666666667
