11 0.311875 0.19 0.02625 0.03333333333333333
11 0.31375000000000003 0.21916666666666668 0.0275 0.028333333333333335
11 0.29125 0.20500000000000002 0.02 0.043333333333333335
11 0.33875 0.21833333333333335 0.0325 0.03333333333333333
11 0.33625 0.17916666666666667 0.0275 0.028333333333333335
11 0.35375 0.18500000000000003 0.02 0.04666666666666667
11 0.38 0.19416666666666668 0.03 0.03833333333333334
11 0.415625 0.1691666666666667 0.01875 0.04166666666666667
11 0.388125 0.1575 0.01875 0.03166666666666667
11 0.37125 0.16833333333333333 0.02 0.03333333333333333
11 0.471875 0.16666666666666669 0.03375 0.023333333333333334
11 0.50625 0.1675 0.035 0.028333333333333335
11 0.5337500000000001 0.17 0.0225 0.04666666666666667
11 0.50875 0.195 0.035 0.030000000000000002
11 0.475625 0.19333333333333336 0.03125 0.030000000000000002
11 0.449375 0.18916666666666668 0.02625 0.035
11 0.42 0.20916666666666667 0.03 0.03166666666666667
11 0.436875 0.2225 0.02875 0.03166666666666667
11 0.44625000000000004 0.25333333333333335 0.0275 0.04666666666666667
11 0.42 0.24083333333333334 0.0275 0.045000000000000005
11 0.395625 0.23750000000000002 0.02125 0.05166666666666667
11 0.37875000000000003 0.22416666666666668 0.0225 0.03166666666666667
11 0.398125 0.195 0.02375 0.030000000000000002
11 0.496875 0.2225 0.03625 0.028333333333333335
11 0.5375 0.22166666666666668 0.0375 0.03666666666666667
11 0.5906250000000001 0.23333333333333334 0.02875 0.03666666666666667
11 0.60875 0.2041666666666667 0.02 0.045000000000000005
11 0.628125 0.20500000000000002 0.02375 0.05
11 0.55125 0.27166666666666667 0.0225 0.04666666666666667
11 0.5806250000000001 0.26666666666666666 0.03375 0.03333333333333333
11 0.60875 0.25083333333333335 0.0325 0.03166666666666667
11 0.51375 0.24416666666666667 0.03 0.03833333333333334
11 0.52625 0.26416666666666666 0.03 0.035
11 0.5225 0.2991666666666667 0.0375 0.03166666666666667
11 0.561875 0.3066666666666667 0.03875 0.030000000000000002
11 0.600625 0.3041666666666667 0.02625 0.04166666666666667
11 0.47375 0.29083333333333333 0.0275 0.04833333333333334
11 0.48812500000000003 0.32833333333333337 0.03625 0.03666666666666667
11 0.519375 0.3358333333333334 0.02375 0.04833333333333334
11 0.558125 0.3325 0.03875 0.028333333333333335
11 0.58625 0.335 0.0275 0.04
11 0.60875 0.3441666666666667 0.0325 0.028333333333333335
11 0.633125 0.3225 0.02875 0.04833333333333334
11 0.45875 0.35500000000000004 0.0275 0.04
11 0.498125 0.36000000000000004 0.03875 0.030000000000000002
11 0.676875 0.2941666666666667 0.03125 0.03833333333333334
11 0.64625 0.2941666666666667 0.03 0.035
11 0.7275 0.31583333333333335 0.0325 0.03166666666666667
11 0.670625 0.22833333333333336 0.03375 0.03333333333333333
11 0.65625 0.19666666666666668 0.02 0.03333333333333333
11 0.67875 0.32916666666666666 0.0375 0.03166666666666667
11 0.666875 0.35250000000000004 0.02625 0.04833333333333334
11 0.68625 0.3925 0.025 0.03833333333333334
11 0.71 0.39666666666666667 0.025 0.05666666666666667
11 0.65625 0.3841666666666667 0.04 0.028333333333333335
11 0.658125 0.4191666666666667 0.03375 0.025
11 0.625625 0.41500000000000004 0.02625 0.043333333333333335
11 0.605 0.4425 0.0325 0.04166666666666667
11 0.630625 0.4541666666666667 0.03125 0.03166666666666667
11 0.658125 0.44583333333333336 0.02875 0.025
11 0.67125 0.4691666666666667 0.04 0.03166666666666667
11 0.688125 0.4666666666666667 0.02375 0.04
11 0.69875 0.4941666666666667 0.02 0.04166666666666667
11 0.714375 0.4741666666666667 0.02125 0.025
11 0.72875 0.46 0.0225 0.05
11 0.74625 0.4741666666666667 0.02 0.04833333333333334
11 0.75625 0.5125000000000001 0.025 0.028333333333333335
11 0.775625 0.5116666666666667 0.02625 0.02666666666666667
11 0.730625 0.5091666666666667 0.02125 0.03833333333333334
11 0.676875 0.5041666666666667 0.02875 0.03833333333333334
11 0.639375 0.5341666666666667 0.02875 0.04833333333333334
11 0.664375 0.5433333333333333 0.02375 0.04666666666666667
11 0.6843750000000001 0.5408333333333334 0.02125 0.04166666666666667
11 0.71 0.5333333333333333 0.0325 0.030000000000000002
11 0.7375 0.5341666666666667 0.03 0.025
11 0.759375 0.55 0.02125 0.03666666666666667
11 0.7731250000000001 0.5683333333333334 0.02625 0.03333333333333333
11 0.730625 0.5583333333333333 0.02875 0.023333333333333334
11 0.73 0.5800000000000001 0.0225 0.023333333333333334
11 0.74375 0.5966666666666667 0.0175 0.03333333333333333
11 0.758125 0.6050000000000001 0.01625 0.03666666666666667
11 0.7731250000000001 0.6008333333333333 0.02125 0.045000000000000005
11 0.74625 0.6333333333333334 0.0275 0.02666666666666667
11 0.770625 0.6433333333333334 0.02375 0.023333333333333334
11 0.77625 0.6666666666666667 0.03 0.023333333333333334
11 0.754375 0.6766666666666667 0.02125 0.03333333333333333
11 0.739375 0.6566666666666667 0.02625 0.03666666666666667
11 0.7175 0.6533333333333333 0.0225 0.043333333333333335
11 0.73 0.6058333333333333 0.02 0.03166666666666667
11 0.688125 0.5850000000000001 0.03625 0.02666666666666667
11 0.696875 0.6141666666666667 0.02125 0.03833333333333334
11 0.7156250000000001 0.6175 0.02375 0.025
11 0.6775 0.6091666666666667 0.0175 0.035
11 0.693125 0.6541666666666667 0.02875 0.035
11 0.699375 0.6741666666666667 0.02875 0.03166666666666667
11 0.6575 0.6325000000000001 0.0225 0.04166666666666667
11 0.649375 0.5741666666666667 0.03125 0.045000000000000005
11 0.685625 0.7066666666666667 0.03125 0.03666666666666667
11 0.6481250000000001 0.7266666666666667 0.03375 0.03333333333333333
11 0.68125 0.7983333333333333 0.0275 0.03333333333333333
11 0.6218750000000001 0.8366666666666667 0.03375 0.03333333333333333
11 0.625 0.8700000000000001 0.0325 0.023333333333333334
11 0.59 0.8750000000000001 0.025 0.03666666666666667
11 0.49625 0.8941666666666668 0.02 0.03833333333333334
27 0.43 0.8775000000000001 0.02 0.03833333333333334
11 0.370625 0.7383333333333334 0.02375 0.03666666666666667
11 0.371875 0.7708333333333334 0.03375 0.035
11 0.45125 0.7466666666666667 0.025 0.03666666666666667
11 0.48 0.7391666666666667 0.035 0.045000000000000005
11 0.44 0.7150000000000001 0.0225 0.04666666666666667
11 0.499375 0.7166666666666667 0.02375 0.043333333333333335
11 0.5175 0.7425 0.025 0.045000000000000005
11 0.510625 0.6808333333333334 0.02875 0.045000000000000005
11 0.5475 0.6758333333333334 0.0325 0.03833333333333334
11 0.565625 0.6983333333333334 0.02875 0.03666666666666667
11 0.585 0.7408333333333333 0.0275 0.03833333333333334
11 0.56375 0.7475 0.025 0.04166666666666667
11 0.584375 0.7758333333333334 0.02875 0.03833333333333334
11 0.6587500000000001 0.6725000000000001 0.0275 0.035
11 0.638125 0.685 0.02625 0.04
11 0.6075 0.7025 0.0375 0.03166666666666667
11 0.58375 0.5825 0.0275 0.04166666666666667
11 0.609375 0.5958333333333333 0.02125 0.035
11 0.60875 0.6233333333333334 0.03 0.04
11 0.614375 0.6291666666666667 0.02875 0.03833333333333334
11 0.5925 0.65 0.03 0.04
11 0.5725 0.6208333333333333 0.0325 0.03166666666666667
11 0.5337500000000001 0.6000000000000001 0.0275 0.043333333333333335
11 0.4825 0.5933333333333334 0.025 0.04666666666666667
11 0.470625 0.6375000000000001 0.02625 0.045000000000000005
27 0.563125 0.545 0.03125 0.04666666666666667
11 0.4025 0.52 0.035 0.03666666666666667
11 0.47375 0.49250000000000005 0.0375 0.028333333333333335
11 0.495 0.505 0.0325 0.030000000000000002
11 0.5375 0.48500000000000004 0.0275 0.04666666666666667
11 0.5231250000000001 0.5175000000000001 0.03625 0.028333333333333335
11 0.57375 0.4683333333333334 0.0275 0.03333333333333333
11 0.63 0.5041666666666667 0.0225 0.05166666666666667
11 0.605625 0.5091666666666667 0.02375 0.045000000000000005
11 0.608125 0.4741666666666667 0.03375 0.035
11 0.544375 0.4066666666666667 0.03625 0.03666666666666667
11 0.5925 0.38333333333333336 0.025 0.04666666666666667
11 0.55625 0.3666666666666667 0.03 0.03333333333333333
11 0.50625 0.43583333333333335 0.035 0.03833333333333334
11 0.314375 0.41250000000000003 0.03375 0.025
11 0.34875 0.4691666666666667 0.03 0.04833333333333334
27 0.33437500000000003 0.5216666666666667 0.03625 0.02666666666666667
11 0.32625 0.32083333333333336 0.03 0.03833333333333334
11 0.418125 0.3441666666666667 0.04125 0.03166666666666667
11 0.418125 0.38333333333333336 0.03375 0.05
11 0.39187500000000003 0.315 0.02125 0.043333333333333335
11 0.40750000000000003 0.2916666666666667 0.025 0.05
11 0.379375 0.2816666666666667 0.03375 0.03666666666666667
11 0.364375 0.3225 0.03625 0.03166666666666667
11 0.355 0.25833333333333336 0.025 0.04666666666666667
11 0.328125 0.65 0.02875 0.043333333333333335
11 0.20125 0.6741666666666667 0.0225 0.045000000000000005
