11 0.341875 0.1675 0.02875 0.04833333333333334
11 0.28750000000000003 0.22083333333333335 0.025 0.05166666666666667
11 0.25375000000000003 0.2391666666666667 0.03 0.04166666666666667
11 0.275625 0.27083333333333337 0.02625 0.045000000000000005
11 0.29625 0.3116666666666667 0.0425 0.03333333333333333
11 0.371875 0.30083333333333334 0.03125 0.05166666666666667
11 0.25125000000000003 0.3566666666666667 0.04 0.043333333333333335
11 0.2125 0.35250000000000004 0.0325 0.04166666666666667
11 0.195 0.4041666666666667 0.0275 0.045000000000000005
11 0.22062500000000002 0.4033333333333334 0.02625 0.05
11 0.304375 0.5108333333333334 0.02875 0.055
11 0.2025 0.5316666666666667 0.035 0.03333333333333333
11 0.24875 0.6933333333333334 0.025 0.05
11 0.31375000000000003 0.6791666666666667 0.0375 0.04166666666666667
11 0.289375 0.7283333333333334 0.043750000000000004 0.03666666666666667
11 0.38 0.7508333333333334 0.0325 0.04166666666666667
11 0.410625 0.7458333333333333 0.03625 0.03166666666666667
11 0.43875000000000003 0.7525000000000001 0.03 0.035
11 0.424375 0.78 0.04125 0.04
11 0.444375 0.8033333333333333 0.02875 0.05333333333333334
11 0.52125 0.8683333333333334 0.0375 0.04
11 0.61375 0.6208333333333333 0.03 0.05166666666666667
11 0.543125 0.5475 0.03875 0.035
11 0.543125 0.5975 0.03125 0.045000000000000005
11 0.5225 0.6033333333333334 0.0275 0.05
11 0.525 0.65 0.035 0.03333333333333333
11 0.50375 0.6366666666666667 0.04 0.03333333333333333
11 0.489375 0.6075 0.03125 0.05166666666666667
11 0.42 0.4341666666666667 0.04 0.03833333333333334
11 0.43875000000000003 0.40750000000000003 0.0425 0.04166666666666667
11 0.48 0.405 0.03 0.05666666666666667
11 0.49625 0.36750000000000005 0.0425 0.045000000000000005
11 0.535 0.3591666666666667 0.0325 0.065
11 0.484375 0.32333333333333336 0.03625 0.05
11 0.48125 0.25583333333333336 0.04 0.058333333333333334
11 0.44125000000000003 0.1575 0.0275 0.045000000000000005
11 0.529375 0.2016666666666667 0.02625 0.05333333333333334
11 0.55375 0.21416666666666667 0.035 0.045000000000000005
11 0.540625 0.1625 0.03875 0.03833333333333334
11 0.505625 0.14916666666666667 0.02875 0.035
11 0.468125 0.14833333333333334 0.03125 0.03666666666666667
18 0.64125 0.7391666666666667 0.025 0.03166666666666667
18 0.54625 0.755 0.0225 0.02666666666666667
18 0.56875 0.6341666666666667 0.0275 0.021666666666666667
11 0.6900000000000001 0.5158333333333334 0.03 0.03833333333333334
11 0.6625 0.5416666666666667 0.03 0.05
11 0.669375 0.5958333333333333 0.02625 0.055
11 0.756875 0.5225000000000001 0.03625 0.03166666666666667
11 0.748125 0.5691666666666667 0.03625 0.03166666666666667
11 0.758125 0.5908333333333333 0.03625 0.03166666666666667
