19 0.33 0.2016666666666667 0.045 0.07333333333333333
19 0.37 0.24583333333333335 0.0525 0.058333333333333334
19 0.48562500000000003 0.3408333333333334 0.04625 0.07833333333333334
19 0.305625 0.63 0.05625 0.05333333333333334
19 0.4675 0.5683333333333334 0.05 0.07
19 0.286875 0.8483333333333334 0.03375 0.05333333333333334
19 0.468125 0.895 0.03875 0.05
19 0.703125 0.19833333333333333 0.03875 0.06333333333333334
18 0.42875 0.09666666666666668 0.0275 0.03666666666666667
18 0.30125 0.135 0.0275 0.02666666666666667
18 0.435 0.5208333333333334 0.035 0.045000000000000005
18 0.371875 0.6291666666666667 0.01625 0.045000000000000005
18 0.55875 0.8308333333333334 0.035 0.03833333333333334
26 0.570625 0.37333333333333335 0.03125 0.03666666666666667
26 0.678125 0.37083333333333335 0.04125 0.03166666666666667
26 0.60875 0.4041666666666667 0.0325 0.04166666666666667
18 0.38875 0.2941666666666667 0.035 0.045000000000000005
26 0.54625 0.4841666666666667 0.0275 0.045000000000000005
26 0.63125 0.6066666666666667 0.035 0.030000000000000002
26 0.5925 0.7308333333333333 0.0275 0.045000000000000005
26 0.586875 0.6441666666666667 0.02625 0.04166666666666667
26 0.6431250000000001 0.7758333333333334 0.02625 0.04833333333333334
18 0.3275 0.8425 0.0325 0.035
18 0.17 0.44083333333333335 0.0225 0.045000000000000005
19 0.28125 0.31083333333333335 0.04 0.058333333333333334
