11 0.64125 0.07333333333333333 0.0575 0.08
11 0.054375 0.43500000000000005 0.04625 0.07333333333333333
11 0.123125 0.3691666666666667 0.06375 0.05166666666666667
11 0.128125 0.43250000000000005 0.051250000000000004 0.06833333333333334
11 0.29 0.23833333333333334 0.05 0.07666666666666667
11 0.3325 0.28 0.0525 0.08
11 0.29375 0.4008333333333334 0.0675 0.055
11 0.483125 0.26666666666666666 0.058750000000000004 0.07333333333333333
11 0.46375 0.3116666666666667 0.0575 0.06333333333333334
11 0.39187500000000003 0.455 0.07125000000000001 0.060000000000000005
11 0.56125 0.4008333333333334 0.06 0.07166666666666667
11 0.70625 0.34833333333333333 0.0625 0.06333333333333334
11 0.660625 0.4516666666666667 0.06875 0.07
11 0.74125 0.5191666666666667 0.0575 0.07500000000000001
11 0.594375 0.5525 0.05375 0.08833333333333333
11 0.725 0.9141666666666667 0.0625 0.06166666666666667
11 0.58375 0.7375 0.07 0.058333333333333334
11 0.6025 0.67 0.05 0.07333333333333333
11 0.5181250000000001 0.65 0.05625 0.07666666666666667
11 0.49875 0.505 0.0725 0.05333333333333334
11 0.47125 0.5575 0.07 0.07166666666666667
11 0.47000000000000003 0.6275000000000001 0.0525 0.085
11 0.425 0.645 0.0425 0.09666666666666668
11 0.361875 0.645 0.058750000000000004 0.08333333333333334
11 0.240625 0.8775000000000001 0.06375 0.06166666666666667
11 0.208125 0.7116666666666667 0.04625 0.08666666666666667
11 0.281875 0.6108333333333333 0.04875 0.08166666666666667
11 0.306875 0.5475 0.07125000000000001 0.058333333333333334
18 0.234375 0.3975 0.02125 0.04833333333333334
