22 0.134375 0.2 0.01625 0.05666666666666667
22 0.280625 0.24166666666666667 0.02875 0.07
22 0.33437500000000003 0.15666666666666668 0.03625 0.05666666666666667
22 0.49 0.10083333333333334 0.0475 0.03833333333333334
22 0.5437500000000001 0.14416666666666667 0.0225 0.055
22 0.5825 0.19833333333333333 0.0425 0.03666666666666667
22 0.35625 0.24250000000000002 0.02 0.058333333333333334
22 0.379375 0.24333333333333335 0.03625 0.043333333333333335
22 0.516875 0.4216666666666667 0.02875 0.060000000000000005
22 0.390625 0.4008333333333334 0.04625 0.028333333333333335
22 0.361875 0.4166666666666667 0.03875 0.03333333333333333
22 0.341875 0.4516666666666667 0.03125 0.05333333333333334
22 0.065 0.42500000000000004 0.0325 0.04
20 0.29125 0.5683333333333334 0.0425 0.04666666666666667
22 0.460625 0.7816666666666667 0.04625 0.023333333333333334
22 0.445 0.8066666666666668 0.045 0.030000000000000002
22 0.52 0.7891666666666667 0.0225 0.055
22 0.58375 0.8358333333333334 0.035 0.05166666666666667
22 0.385625 0.9733333333333334 0.03875 0.03666666666666667
22 0.806875 0.9491666666666667 0.03875 0.03833333333333334
22 0.851875 0.8350000000000001 0.03875 0.030000000000000002
22 0.686875 0.5175000000000001 0.03125 0.065
