11 0.28875 0.08916666666666667 0.06 0.07500000000000001
11 0.453125 0.06333333333333334 0.051250000000000004 0.07333333333333333
11 0.544375 0.03833333333333334 0.04875 0.06666666666666667
11 0.5675 0.13833333333333334 0.0725 0.06666666666666667
11 0.4375 0.11916666666666667 0.05 0.065
11 0.47750000000000004 0.16 0.055 0.07
11 0.505 0.21666666666666667 0.065 0.05
11 0.52 0.2575 0.0625 0.08166666666666667
11 0.40625 0.21750000000000003 0.0375 0.07833333333333334
11 0.43062500000000004 0.19 0.04625 0.07666666666666667
11 0.45375 0.21583333333333335 0.0425 0.085
11 0.5750000000000001 0.3416666666666667 0.065 0.06333333333333334
11 0.4925 0.32333333333333336 0.05 0.08666666666666667
11 0.370625 0.30583333333333335 0.05625 0.085
11 0.416875 0.35500000000000004 0.06875 0.06666666666666667
11 0.186875 0.32083333333333336 0.06125 0.06833333333333334
11 0.7425 0.5675 0.065 0.06166666666666667
11 0.33187500000000003 0.4133333333333334 0.058750000000000004 0.06666666666666667
11 0.283125 0.43000000000000005 0.07125000000000001 0.060000000000000005
11 0.285625 0.4683333333333334 0.058750000000000004 0.07
11 0.445 0.5575 0.0525 0.095
11 0.47500000000000003 0.6633333333333333 0.0525 0.09000000000000001
11 0.630625 0.91 0.04875 0.08333333333333334
11 0.5906250000000001 0.9108333333333334 0.05375 0.085
11 0.32875 0.9541666666666667 0.0525 0.07833333333333334
11 0.426875 0.8325 0.05375 0.095
11 0.2675 0.7400000000000001 0.05 0.08666666666666667
11 0.30375 0.7675000000000001 0.055 0.08166666666666667
11 0.320625 0.8108333333333334 0.05375 0.06833333333333334
11 0.265625 0.8166666666666668 0.06375 0.06666666666666667
11 0.26625 0.8566666666666667 0.06 0.06333333333333334
11 0.25375000000000003 0.9091666666666667 0.0525 0.07166666666666667
