23 0.16375 0.35333333333333333 0.0425 0.060000000000000005
23 0.21125 0.24000000000000002 0.04 0.060000000000000005
23 0.33375 0.24416666666666667 0.0475 0.058333333333333334
26 0.39 0.1366666666666667 0.0275 0.05
26 0.5375 0.3383333333333334 0.025 0.043333333333333335
26 0.256875 0.23 0.02125 0.04666666666666667
26 0.26687500000000003 0.33916666666666667 0.03625 0.028333333333333335
26 0.306875 0.31833333333333336 0.02625 0.043333333333333335
18 0.25375000000000003 0.36750000000000005 0.03 0.04833333333333334
18 0.344375 0.39416666666666667 0.02875 0.045000000000000005
18 0.40875 0.23583333333333334 0.03 0.03833333333333334
18 0.43625 0.21666666666666667 0.025 0.03666666666666667
18 0.260625 0.5825 0.03375 0.04166666666666667
26 0.2675 0.6216666666666667 0.0375 0.03666666666666667
26 0.371875 0.7283333333333334 0.02875 0.05
18 0.599375 0.6066666666666667 0.02625 0.04666666666666667
26 0.595 0.5016666666666667 0.0275 0.05
26 0.58 0.3666666666666667 0.0225 0.05333333333333334
19 0.504375 0.36250000000000004 0.043750000000000004 0.07166666666666667
23 0.80375 0.4675 0.035 0.058333333333333334
26 0.64125 0.3225 0.035 0.03833333333333334
19 0.516875 0.16416666666666668 0.04875 0.07166666666666667
