11 0.25125000000000003 0.27083333333333337 0.0675 0.07833333333333334
11 0.34125 0.36583333333333334 0.04 0.08166666666666667
11 0.135625 0.48750000000000004 0.06125 0.065
11 0.18937500000000002 0.5191666666666667 0.04875 0.085
11 0.251875 0.5650000000000001 0.06125 0.07
11 0.489375 0.6108333333333333 0.051250000000000004 0.09166666666666667
11 0.42375 0.7300000000000001 0.0475 0.09000000000000001
11 0.463125 0.7833333333333334 0.051250000000000004 0.1
11 0.7725 0.5125000000000001 0.0675 0.06166666666666667
11 0.9725 0.4808333333333334 0.0525 0.06166666666666667
