11 0.745625 0.07166666666666667 0.04125 0.07333333333333333
11 0.16375 0.5891666666666667 0.07 0.07833333333333334
11 0.471875 0.3766666666666667 0.07625 0.06666666666666667
11 0.458125 0.4658333333333334 0.06625 0.07500000000000001
11 0.618125 0.7925000000000001 0.06375 0.065
11 0.573125 0.8216666666666668 0.04625 0.06666666666666667
11 0.47250000000000003 0.7858333333333334 0.07 0.08833333333333333
11 0.35125 0.7575000000000001 0.08 0.07166666666666667
11 0.383125 0.8575 0.051250000000000004 0.08833333333333333
11 0.30062500000000003 0.8825000000000001 0.06625 0.07166666666666667
11 0.3525 0.9058333333333334 0.06 0.05166666666666667
