27 0.353125 0.085 0.04625 0.07
27 0.346875 0.13833333333333334 0.05375 0.04666666666666667
27 0.2925 0.19 0.065 0.04666666666666667
27 0.369375 0.18833333333333335 0.043750000000000004 0.06333333333333334
27 0.401875 0.2225 0.05375 0.045000000000000005
27 0.36312500000000003 0.26583333333333337 0.04875 0.045000000000000005
27 0.39937500000000004 0.28583333333333333 0.043750000000000004 0.06166666666666667
27 0.345625 0.30833333333333335 0.03625 0.05666666666666667
27 0.2525 0.32083333333333336 0.055 0.04833333333333334
27 0.295 0.35000000000000003 0.04 0.06333333333333334
27 0.349375 0.36000000000000004 0.04625 0.05
27 0.38125000000000003 0.38583333333333336 0.045 0.07166666666666667
27 0.270625 0.46416666666666667 0.03875 0.065
27 0.17 0.3925 0.0375 0.06833333333333334
27 0.19062500000000002 0.5216666666666667 0.03875 0.07
27 0.229375 0.5475 0.02375 0.06833333333333334
27 0.1925 0.6975 0.06 0.055
27 0.279375 0.6841666666666667 0.03125 0.065
27 0.30375 0.8033333333333333 0.055 0.05333333333333334
27 0.34875 0.7483333333333334 0.0325 0.06666666666666667
27 0.315625 0.6716666666666667 0.04875 0.07
27 0.3 0.62 0.0575 0.04
27 0.285625 0.5608333333333334 0.03125 0.06166666666666667
27 0.31625000000000003 0.5808333333333334 0.03 0.06166666666666667
27 0.353125 0.48750000000000004 0.03125 0.065
27 0.34875 0.6033333333333334 0.035 0.08
27 0.36875 0.56 0.045 0.04
27 0.3825 0.5941666666666667 0.0375 0.06166666666666667
27 0.415625 0.6066666666666667 0.03125 0.06333333333333334
27 0.408125 0.5208333333333334 0.051250000000000004 0.03833333333333334
27 0.386875 0.4733333333333334 0.03125 0.06333333333333334
27 0.405 0.44833333333333336 0.05 0.060000000000000005
27 0.340625 0.41000000000000003 0.058750000000000004 0.05666666666666667
27 0.45125 0.4366666666666667 0.04 0.06666666666666667
27 0.4825 0.4633333333333334 0.05 0.05
27 0.505 0.42250000000000004 0.0525 0.06166666666666667
27 0.445625 0.49083333333333334 0.02875 0.058333333333333334
27 0.47250000000000003 0.51 0.03 0.06666666666666667
27 0.441875 0.5466666666666667 0.02625 0.08
27 0.473125 0.5725 0.03375 0.07500000000000001
27 0.40375 0.8116666666666668 0.0325 0.07333333333333333
27 0.443125 0.8108333333333334 0.03375 0.07166666666666667
27 0.42875 0.7641666666666667 0.0475 0.045000000000000005
27 0.425 0.7225 0.035 0.06833333333333334
27 0.4425 0.6833333333333333 0.05 0.05
27 0.46875 0.7200000000000001 0.0525 0.04
27 0.48375 0.7775000000000001 0.0425 0.05166666666666667
27 0.513125 0.7841666666666667 0.02625 0.07500000000000001
27 0.548125 0.8200000000000001 0.051250000000000004 0.03666666666666667
27 0.56625 0.8516666666666667 0.0475 0.04
27 0.601875 0.775 0.04125 0.05666666666666667
27 0.530625 0.7275 0.051250000000000004 0.04166666666666667
27 0.5025000000000001 0.6875 0.045 0.05166666666666667
27 0.511875 0.6333333333333334 0.02875 0.06333333333333334
27 0.535625 0.66 0.03625 0.04666666666666667
27 0.564375 0.6925 0.02625 0.058333333333333334
27 0.5625 0.6283333333333334 0.03 0.07
27 0.533125 0.5525 0.05375 0.05166666666666667
27 0.528125 0.49750000000000005 0.04875 0.065
27 0.6218750000000001 0.6866666666666668 0.05375 0.043333333333333335
27 0.58625 0.6641666666666667 0.0275 0.06833333333333334
27 0.6 0.6050000000000001 0.0525 0.05
27 0.62875 0.5983333333333334 0.035 0.05666666666666667
27 0.630625 0.6433333333333334 0.05375 0.043333333333333335
27 0.669375 0.6683333333333333 0.03375 0.05333333333333334
27 0.699375 0.6683333333333333 0.02375 0.06666666666666667
27 0.67125 0.6141666666666667 0.0525 0.03833333333333334
27 0.7056250000000001 0.5833333333333334 0.04625 0.06666666666666667
27 0.6625 0.5741666666666667 0.0475 0.025
27 0.638125 0.5416666666666667 0.02625 0.05333333333333334
27 0.603125 0.5383333333333333 0.05375 0.04
27 0.5975 0.5025000000000001 0.055 0.04833333333333334
27 0.6 0.46166666666666667 0.0475 0.043333333333333335
27 0.63 0.4783333333333334 0.03 0.07
27 0.658125 0.4466666666666667 0.04125 0.060000000000000005
27 0.676875 0.49833333333333335 0.04625 0.05666666666666667
27 0.721875 0.48000000000000004 0.05375 0.043333333333333335
27 0.714375 0.535 0.05625 0.05
27 0.708125 0.42333333333333334 0.058750000000000004 0.04
27 0.806875 0.39416666666666667 0.03125 0.058333333333333334
11 0.401875 0.10333333333333335 0.03375 0.08333333333333334
11 0.450625 0.3408333333333334 0.04625 0.055
11 0.525 0.3766666666666667 0.045 0.04666666666666667
11 0.390625 0.645 0.03875 0.05666666666666667
11 0.31 0.51 0.0375 0.06333333333333334
11 0.531875 0.8608333333333333 0.043750000000000004 0.058333333333333334
11 0.605 0.8183333333333334 0.0475 0.043333333333333335
11 0.63 0.8633333333333334 0.03 0.060000000000000005
11 0.669375 0.7791666666666667 0.05375 0.04833333333333334
11 0.36125 0.5283333333333333 0.0325 0.060000000000000005
11 0.691875 0.7391666666666667 0.04625 0.045000000000000005
11 0.464375 0.6275000000000001 0.02375 0.058333333333333334
27 0.56125 0.7791666666666667 0.035 0.045000000000000005
23 0.509375 0.5866666666666667 0.051250000000000004 0.07333333333333333
23 0.565625 0.545 0.05375 0.04666666666666667
27 0.835 0.6341666666666667 0.0325 0.07833333333333334
27 0.79 0.8291666666666667 0.0425 0.04833333333333334
24 0.325 0.46416666666666667 0.0725 0.058333333333333334
