11 0.438125 0.17666666666666667 0.04625 0.07
11 0.51625 0.15583333333333335 0.05 0.08833333333333333
11 0.45875 0.04 0.065 0.05666666666666667
11 0.36312500000000003 0.3383333333333334 0.043750000000000004 0.08666666666666667
11 0.41500000000000004 0.43083333333333335 0.065 0.06833333333333334
11 0.47250000000000003 0.4683333333333334 0.04 0.09333333333333334
11 0.19125 0.3591666666666667 0.0425 0.065
11 0.21125 0.4083333333333334 0.045 0.07
11 0.246875 0.5066666666666667 0.06625 0.07
11 0.36125 0.535 0.0425 0.09666666666666668
11 0.386875 0.6141666666666667 0.04125 0.09166666666666667
11 0.3325 0.6816666666666668 0.0425 0.07666666666666667
18 0.344375 0.7275 0.03625 0.04166666666666667
18 0.364375 0.4133333333333334 0.03375 0.05
18 0.511875 0.45333333333333337 0.04125 0.03333333333333333
11 0.731875 0.11666666666666667 0.043750000000000004 0.08333333333333334
11 0.7987500000000001 0.06833333333333334 0.0475 0.05666666666666667
11 0.625 0.42250000000000004 0.055 0.07833333333333334
11 0.609375 0.4866666666666667 0.06125 0.05666666666666667
11 0.63875 0.5275000000000001 0.0375 0.085
11 0.498125 0.5591666666666667 0.06375 0.055
11 0.604375 0.5925 0.07375 0.058333333333333334
11 0.714375 0.6075 0.05375 0.07500000000000001
11 0.77 0.5983333333333334 0.04 0.08333333333333334
11 0.75 0.7008333333333334 0.05 0.065
11 0.65 0.785 0.05 0.08666666666666667
11 0.49312500000000004 0.8366666666666667 0.058750000000000004 0.07
11 0.390625 0.8308333333333334 0.04875 0.06166666666666667
11 0.918125 0.325 0.04625 0.05666666666666667
