24 0.5075000000000001 0.13166666666666668 0.055 0.07333333333333333
24 0.6687500000000001 0.26416666666666666 0.0475 0.10833333333333334
24 0.501875 0.33416666666666667 0.05625 0.09166666666666667
24 0.5387500000000001 0.30583333333333335 0.0525 0.06166666666666667
24 0.589375 0.24583333333333335 0.06125 0.05166666666666667
24 0.359375 0.33666666666666667 0.051250000000000004 0.08666666666666667
24 0.37 0.41250000000000003 0.055 0.09166666666666667
24 0.43 0.5075000000000001 0.065 0.058333333333333334
24 0.385625 0.5516666666666667 0.051250000000000004 0.07666666666666667
24 0.291875 0.6175 0.051250000000000004 0.06833333333333334
24 0.3375 0.66 0.0575 0.08666666666666667
24 0.29625 0.7075 0.06 0.065
24 0.30875 0.7383333333333334 0.0525 0.07333333333333333
24 0.3125 0.795 0.05 0.08
24 0.36875 0.8758333333333334 0.06 0.07833333333333334
24 0.451875 0.8875000000000001 0.04125 0.07500000000000001
24 0.424375 0.7975000000000001 0.051250000000000004 0.10500000000000001
24 0.446875 0.6241666666666668 0.06375 0.065
24 0.440625 0.6708333333333334 0.05375 0.07166666666666667
24 0.5175 0.7358333333333333 0.0475 0.08166666666666667
24 0.5575 0.6966666666666667 0.055 0.07333333333333333
24 0.610625 0.7266666666666667 0.05625 0.08333333333333334
24 0.58875 0.6591666666666667 0.0525 0.05166666666666667
24 0.69875 0.6133333333333334 0.0525 0.07
24 0.7212500000000001 0.5366666666666667 0.05 0.07666666666666667
24 0.8425 0.47000000000000003 0.045 0.07
24 0.6775 0.4591666666666667 0.05 0.07166666666666667
24 0.530625 0.4866666666666667 0.051250000000000004 0.07333333333333333
19 0.730625 0.41500000000000004 0.04125 0.06666666666666667
19 0.64125 0.7058333333333334 0.045 0.065
19 0.5875 0.7708333333333334 0.05 0.055
19 0.54125 0.6575000000000001 0.0525 0.06833333333333334
19 0.650625 0.5808333333333334 0.04125 0.058333333333333334
19 0.439375 0.7125 0.05375 0.08166666666666667
21 0.34875 0.4991666666666667 0.0725 0.07500000000000001
21 0.53 0.5975 0.0825 0.07166666666666667
21 0.486875 0.6658333333333334 0.06625 0.07500000000000001
21 0.6675 0.67 0.08 0.09666666666666668
11 0.8200000000000001 0.6033333333333334 0.0375 0.05
22 0.7875 0.6908333333333334 0.0425 0.028333333333333335
18 0.6637500000000001 0.39583333333333337 0.035 0.03833333333333334
18 0.681875 0.5191666666666667 0.03125 0.035
18 0.721875 0.49250000000000005 0.03625 0.04166666666666667
18 0.713125 0.4633333333333334 0.03375 0.03666666666666667
18 0.5025000000000001 0.5408333333333334 0.03 0.04166666666666667
19 0.37125 0.7966666666666667 0.0475 0.060000000000000005
18 0.28625 0.35500000000000004 0.025 0.03666666666666667
18 0.32875 0.17833333333333334 0.025 0.03666666666666667
18 0.368125 0.2675 0.03625 0.03833333333333334
18 0.586875 0.29333333333333333 0.03125 0.05333333333333334
18 0.539375 0.3408333333333334 0.03875 0.03833333333333334
23 0.623125 0.2758333333333334 0.07125000000000001 0.055
18 0.276875 0.7533333333333334 0.02625 0.04666666666666667
