7 0.672974 0.293452 0.058802 0.135147
7 0.277362 0.410406 0.065226 0.125329
7 0.208430 0.362759 0.049907 0.147854
7 0.184514 0.216639 0.058310 0.153627
7 0.500716 0.338792 0.059297 0.136879
7 0.610465 0.489242 0.052378 0.123598
7 0.758164 0.270640 0.067202 0.150738
7 0.445702 0.265446 0.064239 0.162954
7 0.350991 0.084956 0.061273 0.142077
7 0.268715 0.121055 0.065721 0.140342
7 0.468844 0.513596 0.128898 0.066421
7 0.355240 0.466430 0.059791 0.124172
7 0.371250 0.613127 0.145275 0.056024
7 0.611404 0.599556 0.148242 0.075082
7 0.833027 0.274105 0.049907 0.140346
7 0.880465 0.356983 0.148736 0.082012
7 0.604980 0.322041 0.056334 0.161135
7 0.180017 0.439573 0.053368 0.145540
7 0.260364 0.511766 0.073626 0.154780
7 0.357908 0.755780 0.127488 0.071037
7 0.359144 0.681564 0.133912 0.058909
7 0.536097 0.811224 0.100311 0.124172
7 0.441715 0.823354 0.065721 0.142656
7 0.726341 0.940018 0.138852 0.090673
7 0.343825 0.937997 0.128970 0.066995
7 0.310728 0.848407 0.137473 0.079840
7 0.186576 0.905293 0.076850 0.153692
7 0.105030 0.480642 0.072580 0.184631
