27 0.565625 0.055 0.06125 0.05
27 0.694375 0.09166666666666667 0.03875 0.07
27 0.68875 0.16166666666666668 0.0375 0.07
27 0.7418750000000001 0.1691666666666667 0.051250000000000004 0.058333333333333334
27 0.385 0.15666666666666668 0.0475 0.06666666666666667
27 0.354375 0.21750000000000003 0.043750000000000004 0.06833333333333334
27 0.3575 0.2733333333333334 0.0375 0.06666666666666667
27 0.39187500000000003 0.2625 0.043750000000000004 0.07500000000000001
27 0.4625 0.2041666666666667 0.0325 0.06833333333333334
27 0.586875 0.21916666666666668 0.04625 0.07166666666666667
27 0.58625 0.3516666666666667 0.035 0.07
27 0.635 0.35583333333333333 0.05 0.07500000000000001
27 0.471875 0.4441666666666667 0.05625 0.045000000000000005
27 0.5387500000000001 0.41500000000000004 0.0475 0.06333333333333334
27 0.63125 0.4241666666666667 0.05 0.06166666666666667
27 0.695625 0.4166666666666667 0.043750000000000004 0.05
27 0.2975 0.47250000000000003 0.0375 0.045000000000000005
27 0.28 0.5041666666666667 0.0525 0.05166666666666667
27 0.301875 0.5466666666666667 0.051250000000000004 0.04
27 0.376875 0.5416666666666667 0.06125 0.06333333333333334
27 0.3825 0.7458333333333333 0.04 0.065
27 0.595 0.8658333333333333 0.0525 0.045000000000000005
27 0.6843750000000001 0.8741666666666668 0.03125 0.065
27 0.660625 0.8208333333333334 0.03375 0.058333333333333334
27 0.53625 0.8366666666666667 0.0475 0.05
27 0.56875 0.8133333333333334 0.0275 0.05666666666666667
27 0.520625 0.7741666666666667 0.03125 0.06833333333333334
27 0.54625 0.78 0.03 0.05666666666666667
27 0.5962500000000001 0.7675000000000001 0.035 0.058333333333333334
27 0.641875 0.7666666666666667 0.06625 0.03666666666666667
27 0.61625 0.7225 0.045 0.05166666666666667
27 0.6587500000000001 0.7208333333333333 0.0325 0.058333333333333334
27 0.7175 0.6716666666666667 0.035 0.07333333333333333
27 0.4575 0.6741666666666667 0.03 0.06833333333333334
27 0.484375 0.66 0.03875 0.060000000000000005
27 0.51375 0.675 0.0275 0.06666666666666667
27 0.5425 0.7050000000000001 0.04 0.08
27 0.534375 0.6333333333333334 0.03375 0.060000000000000005
27 0.49125 0.5775 0.04 0.058333333333333334
27 0.58875 0.6325000000000001 0.0275 0.06166666666666667
27 0.59 0.5766666666666667 0.04 0.060000000000000005
27 0.6168750000000001 0.6816666666666668 0.03875 0.06333333333333334
27 0.6431250000000001 0.6241666666666668 0.051250000000000004 0.035
27 0.650625 0.5725 0.03125 0.06833333333333334
27 0.6587500000000001 0.52 0.0325 0.07
27 0.689375 0.5383333333333333 0.02625 0.07666666666666667
27 0.721875 0.5316666666666667 0.03625 0.09000000000000001
27 0.781875 0.5675 0.043750000000000004 0.058333333333333334
27 0.811875 0.5375000000000001 0.04625 0.045000000000000005
27 0.763125 0.2966666666666667 0.04625 0.06666666666666667
11 0.340625 0.35583333333333333 0.058750000000000004 0.04833333333333334
11 0.42625 0.19333333333333336 0.03 0.06666666666666667
11 0.45125 0.09666666666666668 0.045 0.07
11 0.489375 0.1275 0.02875 0.065
11 0.521875 0.11333333333333334 0.04875 0.05
11 0.418125 0.5008333333333334 0.051250000000000004 0.045000000000000005
11 0.460625 0.5266666666666667 0.05375 0.04
11 0.46187500000000004 0.47250000000000003 0.05375 0.05166666666666667
11 0.468125 0.6166666666666667 0.05625 0.043333333333333335
11 0.513125 0.5233333333333333 0.03375 0.06666666666666667
11 0.449375 0.7483333333333334 0.04125 0.06333333333333334
11 0.5925 0.81 0.0325 0.06333333333333334
11 0.62375 0.8066666666666668 0.0475 0.04666666666666667
11 0.650625 0.9166666666666667 0.04875 0.043333333333333335
11 0.569375 0.7008333333333334 0.02875 0.055
11 0.586875 0.7341666666666667 0.02875 0.058333333333333334
11 0.659375 0.6608333333333334 0.02875 0.055
11 0.685625 0.6491666666666667 0.02875 0.065
11 0.7175 0.6083333333333334 0.0375 0.06666666666666667
11 0.62125 0.6116666666666667 0.035 0.05666666666666667
11 0.561875 0.65 0.02875 0.05333333333333334
11 0.52375 0.5825 0.04 0.058333333333333334
11 0.560625 0.5891666666666667 0.03875 0.055
11 0.54125 0.5375000000000001 0.0375 0.065
11 0.55 0.47750000000000004 0.0275 0.055
11 0.574375 0.4991666666666667 0.04875 0.045000000000000005
11 0.609375 0.5233333333333333 0.04875 0.03666666666666667
11 0.601875 0.45833333333333337 0.04875 0.05333333333333334
11 0.50625 0.35250000000000004 0.0475 0.055
11 0.56125 0.305 0.05 0.04
11 0.49125 0.26083333333333336 0.04 0.07166666666666667
11 0.525625 0.27 0.03375 0.06333333333333334
11 0.5593750000000001 0.24666666666666667 0.03625 0.060000000000000005
11 0.675 0.2625 0.0425 0.06833333333333334
11 0.803125 0.2841666666666667 0.03625 0.065
11 0.81 0.36000000000000004 0.0375 0.07333333333333333
11 0.753125 0.405 0.03625 0.06333333333333334
11 0.72375 0.36750000000000005 0.0475 0.05166666666666667
11 0.85375 0.5416666666666667 0.035 0.060000000000000005
11 0.613125 0.037500000000000006 0.051250000000000004 0.04833333333333334
27 0.598125 0.13416666666666668 0.043750000000000004 0.08833333333333333
11 0.7212500000000001 0.4441666666666667 0.045 0.045000000000000005
11 0.3075 0.11083333333333334 0.055 0.045000000000000005
18 0.314375 0.21250000000000002 0.02125 0.04166666666666667
18 0.341875 0.68 0.03375 0.03666666666666667
