25 0.3175 0.060833333333333336 0.0725 0.06833333333333334
25 0.49125 0.05166666666666667 0.075 0.07666666666666667
18 0.599375 0.02416666666666667 0.02875 0.04833333333333334
18 0.34125 0.165 0.0325 0.05666666666666667
25 0.595 0.11666666666666667 0.0675 0.09000000000000001
22 0.4525 0.1875 0.0425 0.028333333333333335
22 0.453125 0.23583333333333334 0.03625 0.035
25 0.489375 0.33 0.06625 0.09000000000000001
22 0.384375 0.35500000000000004 0.051250000000000004 0.03333333333333333
22 0.429375 0.325 0.02625 0.05
19 0.32875 0.6091666666666667 0.06 0.095
23 0.22875 0.6441666666666667 0.07 0.11166666666666668
22 0.76 0.555 0.0375 0.05666666666666667
22 0.7875 0.6108333333333333 0.045 0.035
11 0.7418750000000001 0.9208333333333334 0.05625 0.09166666666666667
