11 0.26875 0.315 0.075 0.1
11 0.25625 0.5216666666666667 0.06 0.06333333333333334
11 0.1975 0.9441666666666667 0.0625 0.04833333333333334
11 0.495 0.645 0.0475 0.11
11 0.421875 0.3166666666666667 0.07125000000000001 0.05666666666666667
11 0.50875 0.315 0.0675 0.06666666666666667
11 0.553125 0.3041666666666667 0.043750000000000004 0.09833333333333334
11 0.52375 0.4191666666666667 0.045 0.10166666666666667
11 0.8075 0.41500000000000004 0.0625 0.06666666666666667
11 0.968125 0.3325 0.03875 0.06833333333333334
18 0.383125 0.6825 0.03625 0.05166666666666667
