11 0.161875 0.10250000000000001 0.058750000000000004 0.055
11 0.1675 0.3375 0.065 0.06833333333333334
11 0.381875 0.3016666666666667 0.043750000000000004 0.06666666666666667
11 0.1975 0.4816666666666667 0.0625 0.06333333333333334
11 0.38 0.5158333333333334 0.0625 0.06166666666666667
11 0.245625 0.5791666666666667 0.051250000000000004 0.07833333333333334
11 0.2 0.6766666666666667 0.06 0.05666666666666667
11 0.294375 0.6466666666666667 0.05375 0.08
11 0.36 0.7125 0.065 0.065
11 0.481875 0.28250000000000003 0.04625 0.07500000000000001
11 0.52625 0.24250000000000002 0.0725 0.06833333333333334
11 0.64375 0.2566666666666667 0.055 0.09333333333333334
11 0.785625 0.1125 0.05375 0.065
11 0.9706250000000001 0.6416666666666667 0.03125 0.06666666666666667
