11 0.695625 0.18583333333333335 0.058750000000000004 0.07166666666666667
11 0.575625 0.24750000000000003 0.058750000000000004 0.07166666666666667
11 0.550625 0.3466666666666667 0.06625 0.08333333333333334
11 0.474375 0.46 0.06375 0.07666666666666667
11 0.4575 0.56 0.065 0.060000000000000005
11 0.884375 0.6066666666666667 0.043750000000000004 0.08
11 0.561875 0.8933333333333334 0.06125 0.09666666666666668
11 0.1625 0.9383333333333334 0.045 0.06333333333333334
11 0.23125 0.6841666666666667 0.0425 0.085
11 0.306875 0.6391666666666667 0.051250000000000004 0.07166666666666667
11 0.34500000000000003 0.515 0.0525 0.08
11 0.179375 0.5241666666666667 0.04875 0.07500000000000001
11 0.380625 0.21333333333333335 0.04625 0.09000000000000001
11 0.42312500000000003 0.2391666666666667 0.06375 0.06166666666666667
11 0.214375 0.3566666666666667 0.04875 0.08666666666666667
11 0.208125 0.4608333333333334 0.05625 0.06833333333333334
11 0.23875000000000002 0.42000000000000004 0.0475 0.09333333333333334
11 0.278125 0.38833333333333336 0.043750000000000004 0.08
11 0.31875000000000003 0.4041666666666667 0.065 0.06833333333333334
11 0.373125 0.42500000000000004 0.058750000000000004 0.07333333333333333
11 0.38625 0.3866666666666667 0.0475 0.07
11 0.395 0.33333333333333337 0.0525 0.07
11 0.344375 0.33416666666666667 0.058750000000000004 0.09166666666666667
