11 0.36 0.33 0.0625 0.07
11 0.230625 0.5066666666666667 0.05625 0.1
11 0.41500000000000004 0.4916666666666667 0.0525 0.1
11 0.288125 0.6266666666666667 0.043750000000000004 0.08666666666666667
11 0.274375 0.7558333333333334 0.04625 0.085
11 0.385 0.64 0.07 0.07666666666666667
11 0.37875000000000003 0.6950000000000001 0.0625 0.06333333333333334
11 0.904375 0.6633333333333333 0.043750000000000004 0.07
11 0.964375 0.4166666666666667 0.04875 0.05
11 0.7212500000000001 0.2041666666666667 0.0525 0.08166666666666667
18 0.93875 0.3616666666666667 0.0475 0.07333333333333333
