11 0.8975 0.23583333333333334 0.0525 0.055
11 0.968125 0.5116666666666667 0.051250000000000004 0.06333333333333334
11 0.723125 0.8700000000000001 0.058750000000000004 0.06666666666666667
11 0.485 0.7541666666666668 0.0625 0.07833333333333334
11 0.36562500000000003 0.8033333333333333 0.07125000000000001 0.06666666666666667
11 0.3225 0.6050000000000001 0.055 0.09000000000000001
11 0.165 0.7375 0.0625 0.08833333333333333
11 0.1775 0.5750000000000001 0.0725 0.08
11 0.256875 0.5141666666666667 0.04875 0.09166666666666667
11 0.414375 0.42750000000000005 0.06375 0.06833333333333334
11 0.45687500000000003 0.35583333333333333 0.05625 0.07500000000000001
18 0.47000000000000003 0.24916666666666668 0.03 0.05166666666666667
