11 0.151875 0.16583333333333333 0.05375 0.07833333333333334
11 0.39 0.2041666666666667 0.045 0.08166666666666667
11 0.3275 0.5633333333333334 0.0525 0.09000000000000001
11 0.435 0.38083333333333336 0.0475 0.06833333333333334
11 0.55875 0.4025 0.06 0.06166666666666667
11 0.735625 0.4141666666666667 0.05375 0.07166666666666667
18 0.4425 0.28833333333333333 0.0325 0.05333333333333334
18 0.28750000000000003 0.6683333333333333 0.0475 0.060000000000000005
18 0.1925 0.7625000000000001 0.0375 0.058333333333333334
18 0.74375 0.8408333333333334 0.0325 0.055
