11 0.295625 0.15833333333333335 0.02375 0.05
11 0.3075 0.19166666666666668 0.035 0.03666666666666667
11 0.33125 0.20916666666666667 0.025 0.055
11 0.5750000000000001 0.15916666666666668 0.0275 0.03166666666666667
11 0.599375 0.16666666666666669 0.02375 0.030000000000000002
11 0.63375 0.17416666666666666 0.025 0.03833333333333334
11 0.546875 0.24583333333333335 0.04125 0.03833333333333334
11 0.7262500000000001 0.31333333333333335 0.0375 0.02666666666666667
11 0.613125 0.3616666666666667 0.03875 0.03333333333333333
11 0.5387500000000001 0.3916666666666667 0.0225 0.060000000000000005
11 0.505 0.4941666666666667 0.025 0.06166666666666667
11 0.729375 0.7050000000000001 0.02875 0.043333333333333335
11 0.498125 0.6408333333333334 0.03375 0.05166666666666667
11 0.491875 0.675 0.03875 0.030000000000000002
11 0.46375 0.645 0.03 0.05
18 0.26687500000000003 0.675 0.02125 0.023333333333333334
11 0.3 0.3491666666666667 0.04 0.058333333333333334
