16 0.122862 0.459800 0.051942 0.124751
7 0.232088 0.679362 0.079695 0.202928
7 0.476155 0.721861 0.061192 0.202928
7 0.540196 0.828729 0.045540 0.177144
7 0.650843 0.716039 0.161525 0.069858
7 0.540196 0.659485 0.049810 0.153027
7 0.407132 0.591621 0.071158 0.185460
7 0.427768 0.343865 0.071155 0.182135
7 0.327711 0.408838 0.076138 0.194329
7 0.197221 0.367985 0.069735 0.170491
7 0.608618 0.432759 0.067165 0.177144
7 0.526612 0.532401 0.080682 0.186293
3 0.627255 0.866404 0.077087 0.097719
1 0.726713 0.758627 0.027569 0.092896
