19 0.381875 0.0325 0.058750000000000004 0.06833333333333334
11 0.15687500000000001 0.20500000000000002 0.04625 0.07666666666666667
19 0.144375 0.5441666666666667 0.04625 0.06833333333333334
18 0.3875 0.3866666666666667 0.025 0.05333333333333334
18 0.27125 0.44333333333333336 0.03 0.04666666666666667
18 0.293125 0.4316666666666667 0.03875 0.05
18 0.21375 0.4691666666666667 0.025 0.05166666666666667
18 0.19875 0.49083333333333334 0.035 0.055
18 0.11625 0.375 0.0325 0.04
18 0.10187500000000001 0.4066666666666667 0.02875 0.04
18 0.149375 0.49500000000000005 0.02875 0.04666666666666667
18 0.11625 0.5241666666666667 0.0275 0.045000000000000005
18 0.20625000000000002 0.5650000000000001 0.035 0.05
18 0.2475 0.56 0.035 0.04666666666666667
18 0.199375 0.6191666666666668 0.02625 0.04833333333333334
18 0.21625 0.6183333333333334 0.03 0.043333333333333335
18 0.265 0.6466666666666667 0.0375 0.04666666666666667
18 0.0775 0.6066666666666667 0.025 0.05
18 0.115625 0.645 0.03375 0.043333333333333335
18 0.116875 0.6966666666666667 0.02875 0.04666666666666667
18 0.15375 0.7133333333333334 0.025 0.043333333333333335
18 0.36625 0.645 0.04 0.04666666666666667
18 0.3775 0.6033333333333334 0.0425 0.04
18 0.43062500000000004 0.6433333333333334 0.03375 0.043333333333333335
18 0.323125 0.7083333333333334 0.03375 0.03333333333333333
18 0.31875000000000003 0.6791666666666667 0.04 0.04833333333333334
18 0.354375 0.7300000000000001 0.02875 0.05666666666666667
18 0.273125 0.8433333333333334 0.02625 0.04666666666666667
18 0.4625 0.7691666666666667 0.0375 0.035
18 0.464375 0.8141666666666667 0.03375 0.035
18 0.38 0.7716666666666667 0.0375 0.04
18 0.349375 0.9566666666666668 0.03625 0.04
18 0.45625 0.8866666666666667 0.0275 0.04666666666666667
18 0.40750000000000003 0.8708333333333333 0.025 0.04166666666666667
18 0.4275 0.8866666666666667 0.0225 0.04
18 0.436875 0.9550000000000001 0.03625 0.02666666666666667
18 0.544375 0.8666666666666667 0.02625 0.05666666666666667
18 0.58 0.9266666666666667 0.0275 0.04666666666666667
18 0.543125 0.7025 0.03375 0.045000000000000005
18 0.615625 0.7008333333333334 0.04875 0.03833333333333334
18 0.5906250000000001 0.7383333333333334 0.03375 0.04
18 0.625625 0.7358333333333333 0.03375 0.03833333333333334
18 0.676875 0.8641666666666667 0.03375 0.035
18 0.700625 0.8516666666666667 0.03375 0.05
18 0.756875 0.8616666666666667 0.03125 0.03333333333333333
18 0.74875 0.6875 0.035 0.04166666666666667
18 0.80125 0.6633333333333333 0.0375 0.043333333333333335
18 0.71375 0.5816666666666667 0.0425 0.043333333333333335
18 0.7625000000000001 0.6025 0.0325 0.05166666666666667
18 0.81875 0.5791666666666667 0.025 0.045000000000000005
18 0.85875 0.46 0.0225 0.05333333333333334
18 0.8425 0.41500000000000004 0.03 0.043333333333333335
18 0.690625 0.3325 0.03375 0.055
18 0.6793750000000001 0.26166666666666666 0.04125 0.060000000000000005
18 0.578125 0.2725 0.03625 0.04833333333333334
18 0.52625 0.21916666666666668 0.04 0.035
18 0.91125 0.155 0.0325 0.043333333333333335
18 0.80125 0.13166666666666668 0.0325 0.04666666666666667
11 0.708125 0.18250000000000002 0.03375 0.06833333333333334
11 0.743125 0.2541666666666667 0.051250000000000004 0.06833333333333334
11 0.77625 0.21000000000000002 0.05 0.06333333333333334
11 0.95375 0.3975 0.0475 0.085
11 0.535 0.3066666666666667 0.0525 0.08333333333333334
11 0.45437500000000003 0.41833333333333333 0.05375 0.08666666666666667
11 0.49062500000000003 0.5008333333333334 0.04875 0.07500000000000001
11 0.531875 0.5625 0.06375 0.065
11 0.6062500000000001 0.6066666666666667 0.0525 0.09000000000000001
11 0.53 0.6566666666666667 0.0625 0.06666666666666667
