18 0.371875 0.2758333333333334 0.02375 0.05166666666666667
18 0.40875 0.22416666666666668 0.0325 0.04166666666666667
11 0.286875 0.36083333333333334 0.051250000000000004 0.10166666666666667
11 0.24125 0.3408333333333334 0.0525 0.095
18 0.17 0.7091666666666667 0.0325 0.05166666666666667
11 0.145625 0.7383333333333334 0.03875 0.08333333333333334
18 0.626875 0.27166666666666667 0.02375 0.05
18 0.695625 0.18083333333333335 0.04625 0.045000000000000005
18 0.56875 0.2758333333333334 0.0375 0.04166666666666667
11 0.975 0.7625000000000001 0.0375 0.05166666666666667
