25 0.614375 0.15000000000000002 0.043750000000000004 0.07666666666666667
23 0.65 0.21000000000000002 0.0425 0.05333333333333334
23 0.7825 0.29250000000000004 0.04 0.055
19 0.7225 0.3016666666666667 0.06 0.04666666666666667
19 0.7225 0.32916666666666666 0.0525 0.04833333333333334
19 0.6587500000000001 0.37000000000000005 0.04 0.06333333333333334
19 0.726875 0.4 0.04125 0.06333333333333334
19 0.774375 0.41000000000000003 0.03375 0.03666666666666667
19 0.719375 0.4491666666666667 0.043750000000000004 0.05166666666666667
19 0.753125 0.445 0.03625 0.060000000000000005
25 0.798125 0.43750000000000006 0.04625 0.06833333333333334
26 0.8150000000000001 0.4 0.0225 0.03333333333333333
19 0.766875 0.3125 0.03875 0.05166666666666667
23 0.73625 0.4941666666666667 0.04 0.058333333333333334
19 0.550625 0.44583333333333336 0.04125 0.05166666666666667
28 0.70625 0.41583333333333333 0.0375 0.04833333333333334
23 0.64125 0.37083333333333335 0.0325 0.055
19 0.504375 0.6091666666666667 0.04125 0.04833333333333334
