11 0.14625 0.395 0.0475 0.09333333333333334
11 0.355625 0.3175 0.06875 0.07833333333333334
11 0.379375 0.38333333333333336 0.058750000000000004 0.06666666666666667
11 0.39937500000000004 0.4566666666666667 0.07375 0.06333333333333334
11 0.341875 0.49000000000000005 0.05375 0.08666666666666667
11 0.348125 0.6141666666666667 0.058750000000000004 0.09166666666666667
11 0.246875 0.6341666666666667 0.043750000000000004 0.08833333333333333
11 0.31 0.6975 0.06 0.08166666666666667
11 0.13125 0.8866666666666667 0.06 0.06333333333333334
11 0.51125 0.9700000000000001 0.0575 0.05
11 0.44 0.525 0.045 0.07333333333333333
11 0.474375 0.45 0.051250000000000004 0.07
11 0.476875 0.5275000000000001 0.04875 0.07500000000000001
11 0.5175 0.5800000000000001 0.0675 0.05666666666666667
11 0.61875 0.3016666666666667 0.06 0.07333333333333333
11 0.754375 0.35250000000000004 0.051250000000000004 0.085
11 0.6431250000000001 0.48500000000000004 0.05625 0.05666666666666667
11 0.735 0.5083333333333334 0.0725 0.08666666666666667
11 0.9225 0.25333333333333335 0.0425 0.06333333333333334
11 0.865 0.48333333333333334 0.045 0.07
11 0.946875 0.7141666666666667 0.043750000000000004 0.065
18 0.650625 0.9133333333333334 0.03625 0.04
