1 0.437592 0.657102 0.031026 0.052669
1 0.874775 0.303881 0.030678 0.072673
1 0.811779 0.146740 0.039076 0.087596
1 0.614758 0.134227 0.066463 0.030803
1 0.620236 0.171524 0.055509 0.038984
1 0.291967 0.069395 0.047840 0.068343
1 0.571155 0.043165 0.034329 0.063049
1 0.573162 0.094664 0.031041 0.066900
1 0.621368 0.276592 0.033231 0.054385
1 0.572616 0.351190 0.030675 0.070747
1 0.603986 0.384881 0.046016 0.038984
1 0.625204 0.432770 0.052586 0.050055
1 0.646202 0.474883 0.030309 0.065939
1 0.708248 0.394508 0.024470 0.062088
1 0.740203 0.426754 0.039439 0.046682
1 0.758462 0.473199 0.027756 0.062570
1 0.655276 0.110097 0.031650 0.075401
1 0.673384 0.178280 0.036214 0.060965
1 0.702447 0.221394 0.037129 0.072594
1 0.789181 0.257094 0.026781 0.084626
1 0.634734 0.228614 0.051431 0.030079
1 0.788267 0.396665 0.043213 0.031684
0 0.603845 0.843664 0.042607 0.103476
3 0.574175 0.442989 0.052040 0.104278
3 0.676275 0.419727 0.034692 0.119518
1 0.455998 0.726408 0.036286 0.083167
1 0.827666 0.502894 0.040900 0.054868
1 0.799131 0.744427 0.047330 0.044353
1 0.764686 0.788782 0.029973 0.066532
1 0.781251 0.882345 0.063102 0.045741
1 0.752478 0.920510 0.053255 0.029680
1 0.721893 0.985684 0.060864 0.028474
1 0.660269 0.957208 0.067864 0.036497
1 0.707135 0.926526 0.028911 0.074603
1 0.639725 0.904065 0.029826 0.074599
1 0.676092 0.890830 0.033780 0.067378
1 0.509322 0.933946 0.032565 0.070186
1 0.477672 0.785148 0.025869 0.077406
1 0.494257 0.812420 0.023738 0.074195
1 0.546298 0.984520 0.050519 0.030961
1 0.836064 0.652576 0.041632 0.043318
