21 0.728125 0.2041666666666667 0.04625 0.065
21 0.594375 0.15416666666666667 0.05375 0.07500000000000001
21 0.670625 0.2066666666666667 0.05625 0.06666666666666667
21 0.626875 0.2016666666666667 0.043750000000000004 0.07
28 0.56625 0.21416666666666667 0.0475 0.058333333333333334
21 0.6637500000000001 0.36583333333333334 0.0625 0.07500000000000001
21 0.50875 0.3466666666666667 0.0525 0.08666666666666667
28 0.7056250000000001 0.3866666666666667 0.04625 0.06333333333333334
23 0.758125 0.34500000000000003 0.04125 0.07666666666666667
24 0.703125 0.32666666666666666 0.04875 0.05666666666666667
21 0.7837500000000001 0.4491666666666667 0.0525 0.08166666666666667
28 0.6225 0.5025000000000001 0.05 0.07166666666666667
28 0.6775 0.4841666666666667 0.04 0.07500000000000001
24 0.71 0.4941666666666667 0.045 0.085
24 0.62875 0.7183333333333334 0.05 0.06666666666666667
28 0.5387500000000001 0.35250000000000004 0.035 0.06833333333333334
21 0.7225 0.2541666666666667 0.0475 0.06833333333333334
