20 0.2475 0.42583333333333334 0.0425 0.04833333333333334
26 0.4175 0.3716666666666667 0.0325 0.030000000000000002
26 0.41500000000000004 0.455 0.0325 0.03333333333333333
26 0.25375000000000003 0.7208333333333333 0.0225 0.05166666666666667
23 0.366875 0.7608333333333334 0.03875 0.06833333333333334
27 0.38375000000000004 0.7250000000000001 0.0325 0.07
26 0.44375000000000003 0.51 0.035 0.03666666666666667
26 0.460625 0.4425 0.03875 0.03833333333333334
26 0.573125 0.36333333333333334 0.03375 0.03666666666666667
26 0.589375 0.42583333333333334 0.02375 0.05166666666666667
26 0.5543750000000001 0.21166666666666667 0.03625 0.03666666666666667
20 0.529375 0.26416666666666666 0.043750000000000004 0.05166666666666667
