19 0.1975 0.20333333333333334 0.035 0.07
19 0.275625 0.29500000000000004 0.04875 0.07
19 0.638125 0.25083333333333335 0.04625 0.055
21 0.426875 0.49000000000000005 0.058750000000000004 0.07666666666666667
21 0.348125 0.29833333333333334 0.058750000000000004 0.08666666666666667
11 0.676875 0.14916666666666667 0.04875 0.065
26 0.310625 0.14416666666666667 0.01875 0.045000000000000005
26 0.434375 0.24000000000000002 0.02625 0.04666666666666667
26 0.483125 0.3141666666666667 0.02125 0.05166666666666667
26 0.26937500000000003 0.5266666666666667 0.03875 0.03666666666666667
26 0.43875000000000003 0.43000000000000005 0.0325 0.030000000000000002
26 0.355 0.6358333333333334 0.0375 0.03166666666666667
26 0.33625 0.7216666666666667 0.025 0.04
26 0.628125 0.36833333333333335 0.03875 0.03666666666666667
20 0.558125 0.4291666666666667 0.03875 0.06166666666666667
11 0.213125 0.26166666666666666 0.03875 0.06666666666666667
18 0.34125 0.15166666666666667 0.025 0.03333333333333333
18 0.325625 0.6641666666666667 0.03625 0.045000000000000005
18 0.345625 0.6991666666666667 0.03625 0.035
24 0.379375 0.8533333333333334 0.06375 0.06666666666666667
18 0.6625 0.5691666666666667 0.0275 0.04166666666666667
26 0.625625 0.7083333333333334 0.02375 0.043333333333333335
26 0.481875 0.2625 0.03125 0.04166666666666667
26 0.550625 0.18083333333333335 0.02875 0.04166666666666667
26 0.578125 0.19 0.03375 0.04
