24 0.40750000000000003 0.26083333333333336 0.07 0.065
24 0.045625 0.41500000000000004 0.051250000000000004 0.08333333333333334
20 0.3075 0.5341666666666667 0.045 0.06833333333333334
25 0.171875 0.6533333333333333 0.06625 0.07333333333333333
18 0.120625 0.7150000000000001 0.02625 0.05
21 0.380625 0.6591666666666667 0.07125000000000001 0.10166666666666667
21 0.2475 0.7983333333333333 0.0725 0.08333333333333334
21 0.288125 0.7858333333333334 0.04625 0.10833333333333334
21 0.10250000000000001 0.6333333333333334 0.0575 0.12000000000000001
21 0.34625 0.8433333333333334 0.0525 0.11666666666666667
21 0.388125 0.8341666666666667 0.058750000000000004 0.09833333333333334
18 0.353125 0.7400000000000001 0.03125 0.05
18 0.315625 0.76 0.03625 0.043333333333333335
18 0.304375 0.8558333333333333 0.02375 0.03833333333333334
18 0.395 0.92 0.02 0.05
18 0.434375 0.8691666666666668 0.01375 0.035
24 0.458125 0.8008333333333334 0.05625 0.08166666666666667
19 0.40875 0.7308333333333333 0.0625 0.09166666666666667
24 0.46 0.6933333333333334 0.0625 0.10333333333333335
18 0.418125 0.6416666666666667 0.02875 0.05666666666666667
21 0.505625 0.9058333333333334 0.05625 0.095
21 0.49 0.9766666666666667 0.0625 0.03666666666666667
18 0.563125 0.9808333333333334 0.03125 0.035
18 0.676875 0.81 0.03125 0.04666666666666667
18 0.615625 0.7558333333333334 0.03625 0.04833333333333334
18 0.548125 0.7458333333333333 0.03375 0.058333333333333334
19 0.756875 0.76 0.043750000000000004 0.08666666666666667
18 0.5375 0.625 0.03 0.05333333333333334
24 0.645 0.5783333333333334 0.0525 0.09333333333333334
11 0.6125 0.5683333333333334 0.055 0.05666666666666667
20 0.753125 0.5833333333333334 0.03875 0.05666666666666667
18 0.7125 0.5733333333333334 0.035 0.04
21 0.7212500000000001 0.4891666666666667 0.05 0.08833333333333333
21 0.711875 0.40166666666666667 0.07125000000000001 0.08666666666666667
21 0.664375 0.45083333333333336 0.06125 0.10166666666666667
28 0.6218750000000001 0.3491666666666667 0.06375 0.095
19 0.6775 0.3441666666666667 0.055 0.06833333333333334
21 0.500625 0.35083333333333333 0.07625 0.10500000000000001
18 0.634375 0.28583333333333333 0.04125 0.045000000000000005
18 0.71625 0.16666666666666669 0.0375 0.05
18 0.64625 0.14250000000000002 0.03 0.04833333333333334
20 0.5906250000000001 0.06416666666666668 0.04125 0.04833333333333334
18 0.75875 0.3716666666666667 0.0375 0.03666666666666667
24 0.8200000000000001 0.4566666666666667 0.0675 0.05666666666666667
18 0.8325 0.7808333333333334 0.0375 0.04833333333333334
18 0.69375 0.5408333333333334 0.025 0.04833333333333334
18 0.15625 0.4116666666666667 0.035 0.05
18 0.209375 0.4891666666666667 0.03875 0.05166666666666667
