23 0.09125 0.28250000000000003 0.0525 0.04166666666666667
23 0.135 0.4683333333333334 0.0475 0.11333333333333334
23 0.1225 0.6316666666666667 0.0525 0.07333333333333333
24 0.171875 0.5933333333333334 0.04625 0.09666666666666668
23 0.2975 0.6908333333333334 0.0375 0.085
19 0.23500000000000001 0.7408333333333333 0.045 0.08166666666666667
24 0.08750000000000001 0.7425 0.065 0.085
23 0.3525 0.8858333333333334 0.045 0.07500000000000001
23 0.583125 0.7400000000000001 0.04875 0.08
24 0.775 0.7350000000000001 0.0725 0.09666666666666668
