11 0.38375000000000004 0.1525 0.0325 0.055
11 0.41500000000000004 0.19 0.03 0.05
11 0.438125 0.23333333333333334 0.04875 0.03333333333333333
24 0.340625 0.6616666666666667 0.03375 0.05
18 0.4225 0.67 0.03 0.03666666666666667
18 0.3825 0.8150000000000001 0.025 0.030000000000000002
23 0.426875 0.8975000000000001 0.03375 0.04833333333333334
23 0.465625 0.9 0.02875 0.043333333333333335
23 0.56375 0.7191666666666667 0.035 0.05166666666666667
19 0.5750000000000001 0.7908333333333334 0.035 0.04166666666666667
19 0.586875 0.8041666666666667 0.03625 0.028333333333333335
19 0.629375 0.8158333333333334 0.043750000000000004 0.05166666666666667
23 0.600625 0.7816666666666667 0.043750000000000004 0.03666666666666667
24 0.641875 0.7725000000000001 0.051250000000000004 0.05166666666666667
11 0.631875 0.7566666666666667 0.03875 0.03666666666666667
11 0.5593750000000001 0.5641666666666667 0.03375 0.03833333333333334
11 0.656875 0.4291666666666667 0.02625 0.058333333333333334
11 0.6168750000000001 0.3983333333333334 0.02625 0.05666666666666667
18 0.665 0.3666666666666667 0.02 0.02666666666666667
23 0.64375 0.21333333333333335 0.0375 0.043333333333333335
11 0.6075 0.1675 0.0225 0.035
