20 0.42125 0.09000000000000001 0.035 0.04666666666666667
20 0.386875 0.23 0.03625 0.043333333333333335
20 0.24375 0.2066666666666667 0.0425 0.05333333333333334
20 0.22312500000000002 0.26666666666666666 0.04125 0.06666666666666667
20 0.256875 0.28583333333333333 0.03875 0.045000000000000005
20 0.261875 0.3166666666666667 0.03625 0.04666666666666667
20 0.2775 0.35083333333333333 0.0325 0.045000000000000005
20 0.2125 0.33166666666666667 0.0425 0.043333333333333335
20 0.14875 0.35000000000000003 0.0375 0.05
20 0.1325 0.41750000000000004 0.035 0.045000000000000005
20 0.131875 0.4591666666666667 0.02875 0.05166666666666667
20 0.224375 0.4441666666666667 0.03125 0.055
20 0.28375 0.44083333333333335 0.0375 0.045000000000000005
20 0.26937500000000003 0.46166666666666667 0.043750000000000004 0.05666666666666667
20 0.286875 0.5 0.02875 0.043333333333333335
20 0.21937500000000001 0.5283333333333333 0.043750000000000004 0.04666666666666667
20 0.149375 0.4991666666666667 0.03125 0.055
20 0.279375 0.5358333333333334 0.03125 0.04833333333333334
20 0.3 0.5733333333333334 0.0325 0.043333333333333335
20 0.32 0.6033333333333334 0.035 0.043333333333333335
20 0.354375 0.625 0.03875 0.05
20 0.256875 0.6191666666666668 0.03375 0.04166666666666667
20 0.28500000000000003 0.6641666666666667 0.0525 0.045000000000000005
20 0.288125 0.6908333333333334 0.04125 0.04833333333333334
20 0.328125 0.7091666666666667 0.043750000000000004 0.05166666666666667
20 0.3075 0.7591666666666668 0.0425 0.045000000000000005
20 0.340625 0.7666666666666667 0.03375 0.043333333333333335
20 0.386875 0.7825000000000001 0.043750000000000004 0.045000000000000005
20 0.24875 0.7325 0.035 0.04833333333333334
20 0.3975 0.8300000000000001 0.0325 0.04
20 0.43 0.8333333333333334 0.035 0.04
20 0.3725 0.9208333333333334 0.05 0.045000000000000005
20 0.56875 0.8033333333333333 0.0425 0.04
20 0.52625 0.8466666666666667 0.0375 0.030000000000000002
24 0.525 0.2941666666666667 0.0475 0.07500000000000001
24 0.7925 0.5116666666666667 0.06 0.08
24 0.38 0.7225 0.0525 0.06833333333333334
24 0.33187500000000003 0.5016666666666667 0.06375 0.07666666666666667
24 0.17250000000000001 0.515 0.0575 0.07333333333333333
24 0.320625 0.645 0.051250000000000004 0.06333333333333334
24 0.30625 0.38 0.06 0.05
