15 0.647143 0.885617 0.091080 0.146373
15 0.405395 0.313321 0.067697 0.103958
17 0.342244 0.325507 0.061768 0.097606
18 0.809415 0.180013 0.052711 0.101073
18 0.694939 0.206724 0.056825 0.081335
18 0.531665 0.065466 0.058886 0.087592
18 0.417395 0.420899 0.070825 0.101550
18 0.367498 0.582057 0.086810 0.099800
17 0.762224 0.478316 0.096355 0.078450
17 0.758235 0.206215 0.061768 0.103838
17 0.232351 0.071633 0.077899 0.072994
15 0.269927 0.021299 0.082356 0.042110
15 0.367211 0.054991 0.114958 0.094252
15 0.498045 0.147425 0.111478 0.081782
15 0.242477 0.214653 0.113850 0.119207
15 0.397834 0.230591 0.096060 0.105344
15 0.495082 0.302323 0.118593 0.086632
15 0.283984 0.464152 0.106735 0.116431
15 0.192370 0.827315 0.104958 0.126133
15 0.395462 0.758703 0.128080 0.112277
