18 0.341875 0.035 0.03125 0.04
18 0.41625 0.12166666666666667 0.0175 0.043333333333333335
26 0.3175 0.12666666666666668 0.03 0.04666666666666667
26 0.1525 0.31 0.0275 0.04666666666666667
26 0.485 0.1975 0.0275 0.04166666666666667
26 0.48875 0.28750000000000003 0.03 0.03833333333333334
26 0.451875 0.34833333333333333 0.01875 0.043333333333333335
26 0.46375 0.3216666666666667 0.03 0.043333333333333335
18 0.31875000000000003 0.2816666666666667 0.04 0.03666666666666667
18 0.35375 0.32333333333333336 0.0325 0.03666666666666667
26 0.2725 0.43500000000000005 0.0275 0.05
18 0.38125000000000003 0.43250000000000005 0.0275 0.035
18 0.24125 0.5091666666666667 0.03 0.04166666666666667
18 0.208125 0.5575 0.02875 0.045000000000000005
18 0.250625 0.6666666666666667 0.02375 0.043333333333333335
24 0.20375000000000001 0.7733333333333334 0.05 0.07333333333333333
24 0.34375 0.6291666666666667 0.0525 0.06833333333333334
18 0.36562500000000003 0.5658333333333334 0.03125 0.035
18 0.34125 0.5875 0.025 0.035
19 0.40125 0.5333333333333333 0.0525 0.06666666666666667
19 0.378125 0.6883333333333334 0.051250000000000004 0.05333333333333334
18 0.39187500000000003 0.8550000000000001 0.03625 0.043333333333333335
18 0.34 0.81 0.035 0.03333333333333333
18 0.40875 0.775 0.025 0.03666666666666667
18 0.4275 0.8283333333333334 0.03 0.043333333333333335
18 0.39 0.8183333333333334 0.0325 0.04
18 0.499375 0.8008333333333334 0.03875 0.03833333333333334
18 0.40875 0.9483333333333334 0.035 0.02666666666666667
19 0.445625 0.9541666666666667 0.05375 0.05166666666666667
26 0.478125 0.9658333333333334 0.03625 0.025
18 0.5625 0.9266666666666667 0.03 0.05666666666666667
18 0.43875000000000003 0.6900000000000001 0.0275 0.04
18 0.5975 0.7066666666666667 0.0325 0.030000000000000002
26 0.58875 0.6791666666666667 0.0325 0.028333333333333335
19 0.47625 0.6516666666666667 0.0425 0.05666666666666667
19 0.5 0.6533333333333333 0.035 0.060000000000000005
19 0.539375 0.5575 0.03375 0.065
19 0.633125 0.5641666666666667 0.04875 0.07500000000000001
26 0.7468750000000001 0.325 0.04125 0.03333333333333333
26 0.636875 0.4191666666666667 0.03375 0.04166666666666667
26 0.566875 0.3616666666666667 0.03125 0.04
18 0.808125 0.4416666666666667 0.02875 0.03333333333333333
18 0.824375 0.43000000000000005 0.02875 0.03333333333333333
19 0.82125 0.5466666666666667 0.0425 0.05333333333333334
18 0.663125 0.7866666666666667 0.02875 0.03666666666666667
18 0.68 0.7691666666666667 0.0275 0.03833333333333334
