11 0.40125 0.15333333333333335 0.04 0.03666666666666667
11 0.44 0.14500000000000002 0.0275 0.03333333333333333
11 0.458125 0.20750000000000002 0.02125 0.05166666666666667
11 0.431875 0.2316666666666667 0.03375 0.02666666666666667
11 0.379375 0.19166666666666668 0.02875 0.04
11 0.505625 0.24833333333333335 0.03375 0.04
11 0.545 0.25 0.0275 0.03333333333333333
11 0.563125 0.27416666666666667 0.02875 0.045000000000000005
11 0.526875 0.30250000000000005 0.01875 0.055
11 0.5337500000000001 0.3441666666666667 0.0275 0.03833333333333334
11 0.55 0.37083333333333335 0.035 0.028333333333333335
11 0.499375 0.4066666666666667 0.03625 0.03333333333333333
11 0.533125 0.44583333333333336 0.03375 0.035
11 0.545625 0.47500000000000003 0.03625 0.043333333333333335
11 0.47500000000000003 0.47250000000000003 0.035 0.045000000000000005
11 0.6125 0.5333333333333333 0.0275 0.05
11 0.6687500000000001 0.4758333333333334 0.0375 0.04166666666666667
11 0.699375 0.4391666666666667 0.02625 0.04166666666666667
11 0.6431250000000001 0.43500000000000005 0.02625 0.04666666666666667
11 0.610625 0.4391666666666667 0.03625 0.04166666666666667
11 0.574375 0.4091666666666667 0.03375 0.028333333333333335
11 0.630625 0.4008333333333334 0.04125 0.028333333333333335
11 0.675 0.5558333333333334 0.0375 0.03166666666666667
11 0.636875 0.5583333333333333 0.02375 0.05
11 0.59125 0.5766666666666667 0.035 0.03666666666666667
11 0.680625 0.6291666666666667 0.03625 0.025
11 0.589375 0.6691666666666667 0.03375 0.03166666666666667
11 0.544375 0.6508333333333334 0.04125 0.03833333333333334
11 0.5181250000000001 0.5933333333333334 0.02125 0.043333333333333335
11 0.738125 0.6866666666666668 0.02375 0.043333333333333335
11 0.7468750000000001 0.5266666666666667 0.03375 0.03333333333333333
11 0.775 0.5175000000000001 0.025 0.045000000000000005
11 0.755 0.48583333333333334 0.025 0.045000000000000005
11 0.749375 0.45583333333333337 0.02625 0.05166666666666667
11 0.675625 0.37000000000000005 0.02875 0.05
11 0.65125 0.35750000000000004 0.0275 0.045000000000000005
11 0.6225 0.3591666666666667 0.035 0.03166666666666667
11 0.68 0.2725 0.0225 0.04166666666666667
11 0.703125 0.26666666666666666 0.02625 0.04666666666666667
11 0.6175 0.19 0.025 0.05
11 0.59375 0.17916666666666667 0.0225 0.04166666666666667
11 0.5275 0.78 0.0325 0.03666666666666667
11 0.52125 0.8175 0.0325 0.03166666666666667
11 0.5175 0.8575 0.0275 0.045000000000000005
11 0.436875 0.7958333333333334 0.02625 0.045000000000000005
11 0.378125 0.7133333333333334 0.03625 0.03666666666666667
11 0.376875 0.6483333333333334 0.03625 0.03333333333333333
11 0.431875 0.6183333333333334 0.03875 0.03666666666666667
11 0.41250000000000003 0.5750000000000001 0.0375 0.04
11 0.366875 0.5533333333333333 0.03625 0.043333333333333335
11 0.278125 0.7833333333333334 0.03625 0.03333333333333333
11 0.21937500000000001 0.7133333333333334 0.02375 0.043333333333333335
11 0.198125 0.6675000000000001 0.02375 0.04833333333333334
11 0.185 0.6033333333333334 0.0225 0.03666666666666667
11 0.22 0.5125000000000001 0.02 0.045000000000000005
11 0.258125 0.4566666666666667 0.02375 0.043333333333333335
11 0.19875 0.4625 0.0275 0.03833333333333334
11 0.185 0.515 0.0225 0.05
11 0.39937500000000004 0.3741666666666667 0.02625 0.05166666666666667
11 0.34625 0.3433333333333334 0.0225 0.043333333333333335
11 0.315 0.34750000000000003 0.035 0.045000000000000005
