25 0.47250000000000003 0.18833333333333335 0.045 0.05333333333333334
25 0.550625 0.20083333333333334 0.043750000000000004 0.07500000000000001
24 0.574375 0.15916666666666668 0.04625 0.058333333333333334
19 0.644375 0.165 0.03875 0.043333333333333335
12 0.635625 0.15416666666666667 0.01375 0.015000000000000001
25 0.620625 0.19666666666666668 0.04625 0.06333333333333334
25 0.6975 0.1675 0.035 0.058333333333333334
19 0.6575 0.21166666666666667 0.04 0.04666666666666667
23 0.786875 0.17416666666666666 0.04125 0.03833333333333334
19 0.7731250000000001 0.2941666666666667 0.03625 0.05166666666666667
23 0.72375 0.28833333333333333 0.03 0.05333333333333334
19 0.61125 0.37000000000000005 0.0525 0.06333333333333334
19 0.635625 0.4 0.02875 0.03333333333333333
23 0.64875 0.45333333333333337 0.035 0.04666666666666667
24 0.721875 0.46166666666666667 0.03375 0.06333333333333334
21 0.758125 0.3866666666666667 0.04625 0.08333333333333334
21 0.7725 0.42250000000000004 0.0375 0.06833333333333334
18 0.788125 0.4683333333333334 0.02875 0.030000000000000002
19 0.7125 0.5583333333333333 0.0325 0.05666666666666667
19 0.7025 0.6366666666666667 0.0425 0.05333333333333334
19 0.70375 0.78 0.0475 0.05333333333333334
19 0.5231250000000001 0.42500000000000004 0.04625 0.043333333333333335
25 0.5543750000000001 0.5066666666666667 0.03875 0.07
25 0.70875 0.4316666666666667 0.0425 0.060000000000000005
21 0.5925 0.2 0.05 0.060000000000000005
