28 0.2425 0.10416666666666667 0.06 0.07166666666666667
19 0.265625 0.41000000000000003 0.04875 0.09000000000000001
23 0.21375 0.5266666666666667 0.06 0.05333333333333334
18 0.21875 0.6066666666666667 0.0275 0.043333333333333335
21 0.3425 0.5541666666666667 0.07 0.09833333333333334
21 0.23625000000000002 0.6658333333333334 0.0725 0.085
19 0.390625 0.75 0.058750000000000004 0.06333333333333334
28 0.273125 0.8616666666666667 0.06125 0.07666666666666667
18 0.43 0.8575 0.05 0.045000000000000005
18 0.41125 0.925 0.0425 0.043333333333333335
28 0.57375 0.7175 0.05 0.06166666666666667
24 0.645 0.7425 0.06 0.06833333333333334
