26 0.258125 0.4266666666666667 0.01625 0.030000000000000002
26 0.350625 0.6033333333333334 0.01875 0.03333333333333333
26 0.45375 0.6233333333333334 0.025 0.02666666666666667
26 0.43625 0.6516666666666667 0.02 0.030000000000000002
26 0.4375 0.8066666666666668 0.0275 0.02
26 0.4225 0.8200000000000001 0.0225 0.02666666666666667
18 0.27375 0.6050000000000001 0.0275 0.030000000000000002
26 0.3325 0.6925 0.0275 0.03833333333333334
18 0.28625 0.7066666666666667 0.0225 0.02666666666666667
20 0.240625 0.6875 0.02375 0.035
18 0.3975 0.6816666666666668 0.0225 0.030000000000000002
18 0.365 0.7758333333333334 0.03 0.025
20 0.309375 0.7375 0.02875 0.03833333333333334
18 0.321875 0.775 0.02375 0.023333333333333334
18 0.249375 0.7583333333333334 0.03375 0.030000000000000002
18 0.379375 0.8608333333333333 0.02125 0.028333333333333335
26 0.483125 0.9 0.01375 0.030000000000000002
26 0.558125 0.7825000000000001 0.02375 0.018333333333333333
18 0.60875 0.6858333333333334 0.025 0.025
18 0.5856250000000001 0.645 0.02125 0.04
26 0.5675 0.6591666666666667 0.01 0.018333333333333333
19 0.6637500000000001 0.8016666666666667 0.0425 0.04
11 0.525625 0.7150000000000001 0.03125 0.04666666666666667
20 0.478125 0.7233333333333334 0.02625 0.02666666666666667
