15 0.539049 0.438858 0.099430 0.162706
11 0.257717 0.940879 0.121416 0.090793
11 0.210532 0.196029 0.113358 0.088778
4 0.565857 0.914312 0.108179 0.087432
4 0.421138 0.655718 0.108755 0.086759
4 0.464583 0.533314 0.066751 0.109625
4 0.346620 0.580729 0.062148 0.112990
15 0.030470 0.146862 0.060940 0.153987
15 0.140901 0.130882 0.131749 0.069731
15 0.108322 0.246781 0.135612 0.073605
15 0.512533 0.084396 0.112692 0.106530
15 0.409371 0.089724 0.072088 0.157861
15 0.524963 0.199160 0.154121 0.082321
15 0.678483 0.925255 0.059350 0.185991
15 0.525377 0.835931 0.164896 0.077479
15 0.302065 0.757486 0.067946 0.168512
15 0.249863 0.639816 0.183953 0.084260
