4 0.319136 0.153900 0.068382 0.116959
4 0.395856 0.333238 0.098403 0.070178
4 0.283696 0.546688 0.087560 0.097465
4 0.105241 0.623685 0.099234 0.091619
4 0.023224 0.674369 0.046449 0.144249
4 0.044073 0.478949 0.088145 0.100393
4 0.174038 0.308383 0.110075 0.078949
4 0.027688 0.310820 0.054205 0.146202
4 0.168617 0.135382 0.117582 0.113063
4 0.412116 0.167545 0.095898 0.115009
4 0.565973 0.239671 0.080056 0.132554
4 0.808640 0.181679 0.075051 0.125729
4 0.917880 0.144154 0.066710 0.107210
4 0.794879 0.369787 0.085892 0.115988
4 0.790294 0.479436 0.090062 0.093569
4 0.893280 0.560820 0.099234 0.094540
4 0.951852 0.426804 0.096296 0.077974
4 0.898701 0.320567 0.078385 0.142299
4 0.578481 0.486259 0.071715 0.130604
4 0.764860 0.075928 0.114245 0.074074
4 0.937894 0.042301 0.085058 0.078949
4 0.585153 0.027243 0.108406 0.054485
4 0.367921 0.019445 0.070881 0.038891
4 0.173204 0.860527 0.056704 0.111109
4 0.241584 0.805948 0.095064 0.083820
4 0.515938 0.856142 0.105073 0.094540
4 0.622680 0.903901 0.075051 0.127679
4 0.705652 0.900977 0.095898 0.082848
4 0.836575 0.866375 0.087560 0.103314
4 0.952071 0.906337 0.090062 0.091619
4 0.850335 0.741621 0.115079 0.105264
4 0.625181 0.714329 0.083389 0.099418
4 0.675215 0.777681 0.083389 0.079924
4 0.735255 0.811308 0.085058 0.106239
5 0.474244 0.713841 0.145101 0.098443
5 0.390853 0.475538 0.070047 0.138403
4 0.512186 0.955118 0.080887 0.089764
4 0.363335 0.933627 0.090062 0.095518
1 0.868680 0.658287 0.078388 0.039964
7 0.494258 0.110040 0.078388 0.179338
2 0.282730 0.275129 0.046648 0.055933
8 0.063355 0.563823 0.072792 0.073794
