24 0.485 0.395 0.0625 0.06666666666666667
23 0.26937500000000003 0.21416666666666667 0.04875 0.07500000000000001
23 0.443125 0.25333333333333335 0.043750000000000004 0.05666666666666667
23 0.464375 0.2275 0.05625 0.04833333333333334
20 0.2525 0.3458333333333334 0.035 0.05166666666666667
20 0.296875 0.35583333333333333 0.04125 0.065
20 0.261875 0.39916666666666667 0.03875 0.055
18 0.370625 0.2325 0.03625 0.035
18 0.38375000000000004 0.25916666666666666 0.035 0.035
18 0.415625 0.275 0.04125 0.04666666666666667
18 0.36562500000000003 0.4691666666666667 0.03625 0.03833333333333334
20 0.388125 0.5741666666666667 0.04125 0.04166666666666667
20 0.346875 0.8175 0.03875 0.05166666666666667
23 0.335625 0.61 0.04625 0.043333333333333335
12 0.195625 0.4083333333333334 0.02125 0.02666666666666667
18 0.46187500000000004 0.19166666666666668 0.03375 0.04
