27 0.20875 0.2041666666666667 0.045 0.07166666666666667
27 0.75625 0.6116666666666667 0.0425 0.07333333333333333
11 0.48 0.5825 0.055 0.05166666666666667
11 0.775625 0.29333333333333333 0.04625 0.07
11 0.826875 0.42500000000000004 0.04125 0.060000000000000005
11 0.801875 0.44583333333333336 0.02875 0.06166666666666667
11 0.81625 0.48333333333333334 0.0425 0.06333333333333334
11 0.780625 0.6575000000000001 0.02875 0.06166666666666667
11 0.808125 0.6625000000000001 0.03875 0.055
11 0.600625 0.9025000000000001 0.04875 0.055
11 0.64625 0.9025000000000001 0.05 0.055
27 0.7368750000000001 0.7941666666666667 0.03875 0.065
19 0.4025 0.04666666666666667 0.0375 0.060000000000000005
19 0.42 0.1325 0.0725 0.065
19 0.5075000000000001 0.21833333333333335 0.0725 0.07333333333333333
19 0.43625 0.21583333333333335 0.0425 0.04833333333333334
19 0.395 0.19833333333333333 0.0425 0.06333333333333334
19 0.466875 0.33 0.058750000000000004 0.060000000000000005
19 0.50125 0.33916666666666667 0.045 0.07500000000000001
19 0.595625 0.3741666666666667 0.04875 0.05166666666666667
19 0.323125 0.42250000000000004 0.05375 0.065
19 0.3525 0.465 0.0525 0.05333333333333334
19 0.36125 0.5025000000000001 0.0575 0.07500000000000001
19 0.400625 0.44833333333333336 0.05375 0.060000000000000005
19 0.393125 0.3791666666666667 0.05625 0.09166666666666667
19 0.421875 0.4091666666666667 0.06375 0.07833333333333334
19 0.46125 0.5258333333333334 0.0475 0.07166666666666667
19 0.489375 0.5258333333333334 0.04625 0.06833333333333334
19 0.57125 0.49333333333333335 0.04 0.07
19 0.619375 0.5791666666666667 0.04875 0.065
19 0.6075 0.6325000000000001 0.065 0.06833333333333334
19 0.524375 0.6666666666666667 0.05375 0.05
19 0.525 0.7058333333333334 0.05 0.06166666666666667
19 0.5906250000000001 0.7725000000000001 0.051250000000000004 0.06166666666666667
19 0.1525 0.6333333333333334 0.03 0.06333333333333334
19 0.21125 0.7291666666666667 0.045 0.06833333333333334
19 0.2675 0.7016666666666667 0.045 0.06666666666666667
19 0.30875 0.7241666666666667 0.045 0.058333333333333334
19 0.28750000000000003 0.8225 0.055 0.058333333333333334
19 0.41875 0.8808333333333334 0.0425 0.05166666666666667
21 0.34375 0.6983333333333334 0.06 0.09666666666666668
19 0.779375 0.3641666666666667 0.04625 0.06166666666666667
19 0.76375 0.48750000000000004 0.05 0.05166666666666667
19 0.7575000000000001 0.6833333333333333 0.0375 0.06333333333333334
19 0.790625 0.7408333333333333 0.03875 0.055
19 0.688125 0.8308333333333334 0.051250000000000004 0.06833333333333334
24 0.761875 0.7250000000000001 0.043750000000000004 0.08
