11 0.111875 0.3191666666666667 0.04125 0.07500000000000001
11 0.31 0.3891666666666667 0.055 0.06833333333333334
11 0.364375 0.27666666666666667 0.051250000000000004 0.09000000000000001
11 0.444375 0.325 0.05375 0.09666666666666668
11 0.5906250000000001 0.27416666666666667 0.05625 0.095
11 0.5975 0.36333333333333334 0.055 0.09000000000000001
11 0.9400000000000001 0.25583333333333336 0.0525 0.065
11 0.971875 0.4191666666666667 0.04875 0.065
11 0.51 0.9216666666666667 0.0625 0.06666666666666667
18 0.744375 0.7708333333333334 0.043750000000000004 0.04166666666666667
