11 0.93625 0.29833333333333334 0.0425 0.08
11 0.66 0.21000000000000002 0.065 0.06333333333333334
11 0.48375 0.31333333333333335 0.055 0.09000000000000001
11 0.77875 0.7916666666666667 0.045 0.08333333333333334
11 0.150625 0.5083333333333334 0.043750000000000004 0.08333333333333334
11 0.259375 0.45583333333333337 0.07625 0.065
11 0.5225 0.615 0.075 0.060000000000000005
11 0.320625 0.64 0.05625 0.07333333333333333
11 0.4325 0.7425 0.065 0.06166666666666667
11 0.31625000000000003 0.8983333333333334 0.0625 0.07
11 0.45375 0.8258333333333334 0.0425 0.06833333333333334
11 0.416875 0.9508333333333334 0.06125 0.07166666666666667
18 0.28 0.5241666666666667 0.0375 0.05166666666666667
