22 0.33875 0.3141666666666667 0.015 0.011666666666666667
22 0.434375 0.3458333333333334 0.01625 0.015000000000000001
22 0.449375 0.375 0.01375 0.016666666666666666
22 0.475625 0.39333333333333337 0.01875 0.02
22 0.560625 0.36250000000000004 0.00875 0.025
22 0.3425 0.36583333333333334 0.01 0.025
22 0.289375 0.4791666666666667 0.01375 0.018333333333333333
22 0.42125 0.5441666666666667 0.01 0.025
22 0.521875 0.4491666666666667 0.01125 0.025
22 0.530625 0.4391666666666667 0.01125 0.021666666666666667
22 0.440625 0.5975 0.01375 0.025
22 0.411875 0.6133333333333334 0.00875 0.02
22 0.38375000000000004 0.6516666666666667 0.01 0.023333333333333334
22 0.314375 0.6658333333333334 0.01625 0.018333333333333333
22 0.45 0.6516666666666667 0.02 0.013333333333333334
22 0.36562500000000003 0.6908333333333334 0.01875 0.011666666666666667
22 0.44125000000000003 0.7633333333333334 0.0175 0.013333333333333334
22 0.480625 0.7583333333333334 0.01625 0.02
22 0.468125 0.8041666666666667 0.01375 0.03166666666666667
22 0.543125 0.7725000000000001 0.01125 0.028333333333333335
22 0.5700000000000001 0.8 0.015 0.016666666666666666
22 0.5962500000000001 0.7091666666666667 0.0125 0.015000000000000001
22 0.595625 0.7241666666666667 0.00875 0.021666666666666667
22 0.6175 0.7150000000000001 0.015 0.016666666666666666
22 0.6012500000000001 0.49250000000000005 0.0175 0.018333333333333333
22 0.5906250000000001 0.38833333333333336 0.01875 0.016666666666666666
7 0.6975 0.385 0.05 0.10333333333333335
7 0.460625 0.7166666666666667 0.06125 0.05333333333333334
19 0.5625 0.5533333333333333 0.04 0.05333333333333334
19 0.6218750000000001 0.49583333333333335 0.02625 0.035
19 0.35125 0.7341666666666667 0.0375 0.03833333333333334
19 0.540625 0.18583333333333335 0.03125 0.045000000000000005
