11 0.384375 0.22333333333333336 0.03875 0.09333333333333334
11 0.304375 0.3375 0.03875 0.08166666666666667
11 0.345625 0.35250000000000004 0.04625 0.09166666666666667
11 0.246875 0.315 0.04125 0.09666666666666668
11 0.500625 0.27166666666666667 0.03875 0.07666666666666667
11 0.520625 0.35500000000000004 0.05375 0.08
11 0.535625 0.4166666666666667 0.058750000000000004 0.06333333333333334
11 0.36625 0.5908333333333333 0.0675 0.10500000000000001
11 0.31375000000000003 0.5475 0.07 0.04833333333333334
11 0.286875 0.45333333333333337 0.04875 0.1
11 0.0675 0.6341666666666667 0.05 0.065
11 0.49312500000000004 0.7091666666666667 0.07125000000000001 0.05166666666666667
11 0.59125 0.65 0.0675 0.05666666666666667
11 0.57375 0.4041666666666667 0.06 0.06833333333333334
11 0.725625 0.5333333333333333 0.06875 0.060000000000000005
11 0.64625 0.5033333333333334 0.0575 0.09000000000000001
11 0.71375 0.4166666666666667 0.05 0.05333333333333334
11 0.793125 0.4025 0.06125 0.065
11 0.61 0.22416666666666668 0.05 0.07500000000000001
11 0.959375 0.35250000000000004 0.03875 0.06833333333333334
11 0.985625 0.4666666666666667 0.02625 0.05666666666666667
11 0.71875 0.6791666666666667 0.0625 0.06833333333333334
11 0.6637500000000001 0.7433333333333334 0.045 0.07
