26 0.41500000000000004 0.08583333333333334 0.025 0.035
26 0.46125 0.09416666666666668 0.0325 0.04166666666666667
26 0.510625 0.1325 0.03375 0.025
26 0.416875 0.155 0.02125 0.043333333333333335
26 0.37375 0.19166666666666668 0.035 0.043333333333333335
26 0.338125 0.20083333333333334 0.02875 0.03166666666666667
26 0.301875 0.22083333333333335 0.03625 0.03166666666666667
26 0.34 0.24833333333333335 0.0275 0.043333333333333335
26 0.515625 0.18000000000000002 0.02875 0.03666666666666667
26 0.521875 0.2775 0.03125 0.035
26 0.296875 0.26916666666666667 0.02375 0.03166666666666667
26 0.3775 0.24083333333333334 0.03 0.05166666666666667
26 0.335625 0.3241666666666667 0.02625 0.04166666666666667
26 0.36562500000000003 0.305 0.02875 0.03333333333333333
26 0.36125 0.38333333333333336 0.0275 0.05
26 0.2 0.5308333333333334 0.0325 0.04833333333333334
26 0.251875 0.4683333333333334 0.03125 0.04
26 0.254375 0.43000000000000005 0.02625 0.04
26 0.3125 0.5341666666666667 0.035 0.035
26 0.231875 0.54 0.03375 0.03333333333333333
26 0.20625000000000002 0.7041666666666667 0.03 0.04833333333333334
26 0.506875 0.47500000000000003 0.01375 0.043333333333333335
26 0.51875 0.48250000000000004 0.0175 0.045000000000000005
26 0.47250000000000003 0.5216666666666667 0.0225 0.043333333333333335
26 0.49062500000000003 0.5333333333333333 0.02625 0.04
26 0.458125 0.5375000000000001 0.03125 0.045000000000000005
26 0.471875 0.5816666666666667 0.03625 0.04
26 0.3975 0.6266666666666667 0.025 0.04666666666666667
26 0.418125 0.6241666666666668 0.03625 0.04166666666666667
26 0.44 0.6491666666666667 0.0375 0.035
26 0.400625 0.6666666666666667 0.02875 0.05
26 0.465 0.7058333333333334 0.02 0.045000000000000005
26 0.49062500000000003 0.7133333333333334 0.03375 0.03666666666666667
26 0.528125 0.6841666666666667 0.03375 0.04166666666666667
26 0.504375 0.7475 0.03625 0.028333333333333335
26 0.450625 0.8075000000000001 0.02875 0.03833333333333334
26 0.36312500000000003 0.6308333333333334 0.03875 0.03166666666666667
26 0.325 0.7883333333333333 0.025 0.03666666666666667
26 0.318125 0.6641666666666667 0.03125 0.035
26 0.4675 0.35250000000000004 0.025 0.058333333333333334
26 0.489375 0.33166666666666667 0.03375 0.02666666666666667
26 0.594375 0.47000000000000003 0.03125 0.03666666666666667
26 0.5962500000000001 0.5075000000000001 0.03 0.03166666666666667
26 0.58 0.5933333333333334 0.04 0.04
26 0.591875 0.6291666666666667 0.03875 0.028333333333333335
26 0.699375 0.6741666666666667 0.03625 0.03833333333333334
26 0.635 0.6975 0.0475 0.035
25 0.6950000000000001 0.7866666666666667 0.06 0.06666666666666667
11 0.8093750000000001 0.5416666666666667 0.051250000000000004 0.05333333333333334
11 0.615 0.5700000000000001 0.0525 0.05
11 0.373125 0.4266666666666667 0.05375 0.04666666666666667
20 0.775 0.4041666666666667 0.0425 0.04833333333333334
18 0.259375 0.30833333333333335 0.03875 0.04666666666666667
18 0.299375 0.35833333333333334 0.03375 0.043333333333333335
18 0.240625 0.39083333333333337 0.03125 0.03833333333333334
18 0.234375 0.6158333333333333 0.03375 0.03833333333333334
18 0.2725 0.7108333333333334 0.035 0.04166666666666667
18 0.41875 0.5650000000000001 0.0275 0.04666666666666667
18 0.735625 0.8600000000000001 0.03125 0.04
