18 0.43125 0.04166666666666667 0.03 0.05
18 0.328125 0.11583333333333334 0.04125 0.035
18 0.2275 0.18333333333333335 0.045 0.03333333333333333
18 0.180625 0.17833333333333334 0.04125 0.05666666666666667
11 0.540625 0.18333333333333335 0.04625 0.06666666666666667
11 0.39187500000000003 0.3408333333333334 0.058750000000000004 0.07833333333333334
18 0.22875 0.33416666666666667 0.04 0.05166666666666667
18 0.284375 0.5491666666666667 0.03875 0.045000000000000005
18 0.33 0.5833333333333334 0.0325 0.043333333333333335
18 0.633125 0.9225000000000001 0.03625 0.025
18 0.654375 0.9641666666666667 0.04875 0.035
18 0.769375 0.055 0.03125 0.043333333333333335
