11 0.0825 0.1125 0.05 0.058333333333333334
11 0.043125000000000004 0.2041666666666667 0.04875 0.065
11 0.335625 0.05583333333333334 0.06625 0.06166666666666667
11 0.413125 0.10500000000000001 0.051250000000000004 0.07666666666666667
11 0.53625 0.06833333333333334 0.0525 0.08
11 0.400625 0.2341666666666667 0.05625 0.06833333333333334
11 0.63125 0.2025 0.045 0.07500000000000001
11 0.72875 0.18166666666666667 0.0625 0.06333333333333334
11 0.7681250000000001 0.2525 0.06375 0.055
11 0.4025 0.35750000000000004 0.0575 0.08166666666666667
11 0.4 0.4291666666666667 0.0625 0.055
11 0.45437500000000003 0.3891666666666667 0.04875 0.07833333333333334
11 0.536875 0.34750000000000003 0.051250000000000004 0.07500000000000001
11 0.60375 0.375 0.075 0.05666666666666667
11 0.52875 0.4441666666666667 0.045 0.09166666666666667
11 0.64 0.44833333333333336 0.0725 0.05333333333333334
11 0.405625 0.5108333333333334 0.06875 0.058333333333333334
11 0.629375 0.5691666666666667 0.05625 0.07833333333333334
11 0.5437500000000001 0.6858333333333334 0.07 0.06166666666666667
11 0.620625 0.8291666666666667 0.058750000000000004 0.06166666666666667
11 0.095 0.6841666666666667 0.0525 0.08833333333333333
11 0.234375 0.6708333333333334 0.05625 0.06166666666666667
11 0.278125 0.6441666666666667 0.05625 0.07500000000000001
11 0.310625 0.5933333333333334 0.07125000000000001 0.05
11 0.218125 0.8158333333333334 0.05625 0.07833333333333334
11 0.276875 0.8550000000000001 0.06375 0.060000000000000005
11 0.285625 0.7666666666666667 0.058750000000000004 0.05333333333333334
11 0.33187500000000003 0.8250000000000001 0.04625 0.07333333333333333
11 0.349375 0.7775000000000001 0.04125 0.07166666666666667
11 0.393125 0.755 0.07375 0.060000000000000005
11 0.885625 0.16083333333333336 0.04875 0.07833333333333334
