11 0.499375 0.01916666666666667 0.04125 0.03833333333333334
11 0.5856250000000001 0.060000000000000005 0.05375 0.05666666666666667
11 0.604375 0.12666666666666668 0.03625 0.04666666666666667
11 0.639375 0.10666666666666667 0.058750000000000004 0.043333333333333335
11 0.6950000000000001 0.16083333333333336 0.04 0.04833333333333334
11 0.57375 0.18666666666666668 0.04 0.07333333333333333
11 0.6375000000000001 0.23500000000000001 0.05 0.05333333333333334
11 0.480625 0.1575 0.04875 0.04833333333333334
11 0.43062500000000004 0.2816666666666667 0.03125 0.06666666666666667
11 0.455625 0.30083333333333334 0.03625 0.06833333333333334
11 0.43 0.3716666666666667 0.0475 0.060000000000000005
11 0.52375 0.3141666666666667 0.05 0.06833333333333334
11 0.644375 0.38333333333333336 0.03375 0.07333333333333333
11 0.630625 0.43833333333333335 0.06125 0.043333333333333335
11 0.279375 0.5325000000000001 0.04875 0.04833333333333334
11 0.6687500000000001 0.44833333333333336 0.035 0.07333333333333333
11 0.670625 0.5008333333333334 0.04875 0.04166666666666667
11 0.64 0.55 0.0525 0.03666666666666667
11 0.640625 0.5958333333333333 0.05375 0.065
11 0.76 0.16166666666666668 0.045 0.03333333333333333
11 0.76625 0.19 0.05 0.04666666666666667
11 0.806875 0.23 0.03875 0.05666666666666667
11 0.800625 0.27 0.051250000000000004 0.05
11 0.788125 0.305 0.03625 0.05333333333333334
11 0.83125 0.3191666666666667 0.04 0.04166666666666667
11 0.81625 0.35583333333333333 0.0425 0.055
11 0.81625 0.39583333333333337 0.05 0.045000000000000005
11 0.868125 0.4416666666666667 0.03875 0.07333333333333333
11 0.833125 0.47750000000000004 0.04875 0.04166666666666667
11 0.843125 0.5308333333333334 0.03375 0.06833333333333334
11 0.826875 0.6558333333333334 0.05375 0.045000000000000005
11 0.70875 0.7841666666666667 0.055 0.06833333333333334
11 0.625 0.7641666666666667 0.04 0.055
11 0.56125 0.8108333333333334 0.0375 0.058333333333333334
11 0.525 0.8175 0.0425 0.05166666666666667
11 0.289375 0.8025000000000001 0.03875 0.058333333333333334
11 0.29812500000000003 0.7408333333333333 0.043750000000000004 0.065
11 0.2175 0.6933333333333334 0.0475 0.05333333333333334
18 0.46125 0.07666666666666667 0.025 0.03666666666666667
18 0.460625 0.10666666666666667 0.03125 0.03333333333333333
18 0.4675 0.17916666666666667 0.035 0.028333333333333335
18 0.496875 0.19 0.02625 0.030000000000000002
18 0.3325 0.15333333333333335 0.0275 0.030000000000000002
18 0.374375 0.22166666666666668 0.02875 0.030000000000000002
18 0.3 0.21750000000000003 0.025 0.045000000000000005
18 0.32625 0.23 0.025 0.03666666666666667
18 0.36125 0.25 0.0275 0.03666666666666667
18 0.264375 0.29000000000000004 0.02125 0.03333333333333333
18 0.3425 0.2916666666666667 0.025 0.03666666666666667
18 0.34 0.3125 0.0275 0.028333333333333335
18 0.34625 0.34 0.0275 0.03666666666666667
18 0.375 0.33 0.0225 0.043333333333333335
18 0.31875000000000003 0.3541666666666667 0.035 0.03833333333333334
18 0.36875 0.3866666666666667 0.03 0.03666666666666667
18 0.293125 0.3566666666666667 0.03625 0.03333333333333333
18 0.2925 0.4108333333333334 0.025 0.04166666666666667
18 0.5525 0.43000000000000005 0.0275 0.043333333333333335
18 0.34500000000000003 0.4625 0.03 0.045000000000000005
18 0.214375 0.4716666666666667 0.02625 0.030000000000000002
18 0.22875 0.45583333333333337 0.03 0.04166666666666667
18 0.18375 0.49833333333333335 0.03 0.043333333333333335
18 0.13875 0.5216666666666667 0.0275 0.04
18 0.344375 0.5508333333333334 0.02125 0.045000000000000005
18 0.309375 0.5408333333333334 0.03125 0.03166666666666667
18 0.203125 0.6133333333333334 0.02125 0.04666666666666667
18 0.293125 0.65 0.02875 0.05333333333333334
18 0.178125 0.6941666666666667 0.02625 0.04166666666666667
18 0.14875 0.7075 0.0275 0.045000000000000005
18 0.321875 0.7158333333333334 0.03125 0.04833333333333334
18 0.253125 0.7525000000000001 0.03375 0.04166666666666667
18 0.3725 0.8025000000000001 0.0325 0.035
18 0.383125 0.8675 0.02625 0.03833333333333334
18 0.450625 0.89 0.02875 0.04666666666666667
18 0.47000000000000003 0.7416666666666667 0.0275 0.04666666666666667
18 0.48375 0.8025000000000001 0.0375 0.04166666666666667
18 0.610625 0.8108333333333334 0.03125 0.03166666666666667
18 0.708125 0.8816666666666667 0.03375 0.03333333333333333
18 0.7312500000000001 0.8533333333333334 0.025 0.04
18 0.655 0.7875000000000001 0.025 0.045000000000000005
18 0.644375 0.8108333333333334 0.01875 0.04166666666666667
18 0.550625 0.7016666666666667 0.03375 0.03333333333333333
18 0.615 0.7175 0.0325 0.04166666666666667
18 0.5650000000000001 0.6466666666666667 0.0325 0.03666666666666667
18 0.71625 0.6133333333333334 0.0325 0.04666666666666667
18 0.6118750000000001 0.545 0.02875 0.04666666666666667
18 0.7937500000000001 0.5700000000000001 0.025 0.05
18 0.74 0.39583333333333337 0.03 0.04833333333333334
18 0.681875 0.37833333333333335 0.03125 0.04666666666666667
18 0.620625 0.35500000000000004 0.02375 0.04
18 0.66 0.17 0.03 0.03333333333333333
18 0.634375 0.1975 0.02875 0.045000000000000005
18 0.531875 0.25333333333333335 0.03125 0.03666666666666667
27 0.6637500000000001 0.04833333333333334 0.04 0.06666666666666667
18 0.5775 0.12000000000000001 0.025 0.03666666666666667
27 0.8075 0.44083333333333335 0.0525 0.04833333333333334
27 0.685625 0.5558333333333334 0.03375 0.06833333333333334
19 0.7125 0.4391666666666667 0.0475 0.04166666666666667
18 0.59125 0.9308333333333334 0.0225 0.04166666666666667
19 0.4325 0.77 0.05 0.05
24 0.51 0.54 0.06 0.05666666666666667
18 0.48375 0.5758333333333334 0.0325 0.035
24 0.27625 0.4691666666666667 0.05 0.07500000000000001
12 0.27875 0.22666666666666668 0.015 0.02
18 0.45937500000000003 0.26083333333333336 0.02875 0.03166666666666667
18 0.6431250000000001 0.2841666666666667 0.03625 0.04166666666666667
