11 0.145625 0.06333333333333334 0.04625 0.06333333333333334
11 0.16625 0.17750000000000002 0.05 0.07166666666666667
11 0.255625 0.2066666666666667 0.058750000000000004 0.06666666666666667
11 0.22062500000000002 0.28833333333333333 0.03875 0.08666666666666667
11 0.420625 0.3408333333333334 0.051250000000000004 0.065
11 0.40125 0.4216666666666667 0.0675 0.07666666666666667
11 0.42312500000000003 0.4766666666666667 0.06625 0.07666666666666667
11 0.4675 0.5391666666666667 0.055 0.08166666666666667
11 0.509375 0.4941666666666667 0.051250000000000004 0.07833333333333334
11 0.569375 0.085 0.04875 0.09000000000000001
11 0.609375 0.10500000000000001 0.058750000000000004 0.07
11 0.84875 0.1125 0.0525 0.07833333333333334
11 0.7525000000000001 0.21000000000000002 0.0575 0.08
11 0.8306250000000001 0.4058333333333334 0.058750000000000004 0.065
11 0.594375 0.16833333333333333 0.07375 0.05666666666666667
11 0.52625 0.24916666666666668 0.0425 0.08166666666666667
11 0.574375 0.27666666666666667 0.04875 0.08333333333333334
11 0.676875 0.4475 0.07375 0.07500000000000001
11 0.62 0.4675 0.0575 0.09166666666666667
11 0.68375 0.5033333333333334 0.0725 0.060000000000000005
11 0.585 0.5650000000000001 0.0775 0.08666666666666667
11 0.72375 0.7166666666666667 0.0575 0.08
11 0.7518750000000001 0.7858333333333334 0.04625 0.09166666666666667
11 0.413125 0.6758333333333334 0.06875 0.065
11 0.375 0.5666666666666667 0.065 0.06666666666666667
11 0.301875 0.6466666666666667 0.043750000000000004 0.06666666666666667
11 0.26875 0.5933333333333334 0.05 0.060000000000000005
18 0.115 0.165 0.0325 0.043333333333333335
18 0.15375 0.2891666666666667 0.0325 0.04166666666666667
18 0.29875 0.315 0.045 0.043333333333333335
18 0.19625 0.36000000000000004 0.0425 0.03333333333333333
18 0.30375 0.5608333333333334 0.025 0.05166666666666667
18 0.20125 0.6141666666666667 0.025 0.045000000000000005
18 0.32 0.8783333333333334 0.0275 0.04
18 0.40625 0.8583333333333334 0.0325 0.03333333333333333
18 0.5231250000000001 0.9616666666666668 0.03875 0.04
20 0.675 0.8816666666666667 0.0425 0.06333333333333334
18 0.76 0.6241666666666668 0.0425 0.04833333333333334
18 0.771875 0.525 0.02875 0.05333333333333334
18 0.744375 0.5325000000000001 0.03375 0.06166666666666667
18 0.7525000000000001 0.3591666666666667 0.0425 0.04166666666666667
18 0.8668750000000001 0.33166666666666667 0.03125 0.043333333333333335
18 0.735 0.2733333333333334 0.0275 0.05333333333333334
18 0.714375 0.26333333333333336 0.03375 0.05333333333333334
