22 0.251875 0.4591666666666667 0.04875 0.025
22 0.245625 0.53 0.02375 0.05
22 0.4875 0.9325000000000001 0.025 0.04833333333333334
22 0.475625 0.31833333333333336 0.043750000000000004 0.023333333333333334
22 0.5275 0.3166666666666667 0.04 0.04
22 0.558125 0.3075 0.02625 0.05166666666666667
22 0.635 0.31583333333333335 0.025 0.058333333333333334
22 0.58 0.22833333333333336 0.0275 0.05666666666666667
22 0.42562500000000003 0.22166666666666668 0.01875 0.05
22 0.4275 0.18333333333333335 0.0325 0.03333333333333333
22 0.45437500000000003 0.19583333333333336 0.03625 0.045000000000000005
22 0.496875 0.17666666666666667 0.02375 0.04666666666666667
22 0.551875 0.14166666666666666 0.02125 0.05666666666666667
22 0.5593750000000001 0.10250000000000001 0.04625 0.03833333333333334
22 0.6218750000000001 0.10500000000000001 0.051250000000000004 0.023333333333333334
22 0.520625 0.06333333333333334 0.03625 0.043333333333333335
22 0.435 0.013333333333333334 0.0375 0.02
22 0.625625 0.02416666666666667 0.03875 0.025
27 0.4675 0.1325 0.065 0.065
27 0.4425 0.6408333333333334 0.0475 0.10166666666666667
22 0.7000000000000001 0.48333333333333334 0.055 0.02
27 0.635 0.4066666666666667 0.0625 0.11
22 0.8025 0.4316666666666667 0.0225 0.06333333333333334
22 0.781875 0.42833333333333334 0.03375 0.03333333333333333
22 0.77125 0.4116666666666667 0.045 0.023333333333333334
22 0.7975 0.3825 0.035 0.025
22 0.860625 0.395 0.03625 0.04
11 0.694375 0.27166666666666667 0.05375 0.06333333333333334
22 0.681875 0.2325 0.04125 0.025
22 0.713125 0.20500000000000002 0.04125 0.03666666666666667
22 0.7475 0.14583333333333334 0.0375 0.04166666666666667
22 0.72875 0.12583333333333335 0.0375 0.03833333333333334
22 0.8043750000000001 0.25583333333333336 0.02125 0.05166666666666667
22 0.81125 0.05666666666666667 0.0275 0.04
11 0.525 0.10833333333333334 0.0425 0.060000000000000005
11 0.64625 0.18000000000000002 0.0625 0.05666666666666667
