25 0.2725 0.21333333333333335 0.04 0.05666666666666667
11 0.381875 0.2866666666666667 0.04625 0.03666666666666667
11 0.453125 0.33166666666666667 0.03875 0.04
11 0.42312500000000003 0.4116666666666667 0.03625 0.060000000000000005
11 0.5125 0.29250000000000004 0.045 0.03833333333333334
11 0.46625 0.18166666666666667 0.025 0.04666666666666667
11 0.55875 0.21666666666666667 0.0375 0.05
11 0.429375 0.23083333333333333 0.04125 0.035
11 0.64875 0.20333333333333334 0.035 0.043333333333333335
19 0.670625 0.29250000000000004 0.03375 0.04166666666666667
19 0.67375 0.3433333333333334 0.025 0.05666666666666667
19 0.694375 0.3875 0.05375 0.04833333333333334
19 0.74375 0.4341666666666667 0.045 0.04833333333333334
19 0.67 0.47000000000000003 0.0425 0.05
19 0.579375 0.48583333333333334 0.04125 0.04833333333333334
19 0.69625 0.555 0.03 0.05
19 0.634375 0.5633333333333334 0.04125 0.05666666666666667
24 0.595 0.5591666666666667 0.0275 0.055
25 0.66125 0.6125 0.06 0.065
11 0.6062500000000001 0.6158333333333333 0.0275 0.055
11 0.6687500000000001 0.7041666666666667 0.0375 0.04833333333333334
19 0.5875 0.6533333333333333 0.035 0.05666666666666667
25 0.584375 0.7675000000000001 0.03625 0.07833333333333334
19 0.534375 0.755 0.03375 0.05333333333333334
19 0.624375 0.8450000000000001 0.03875 0.05333333333333334
19 0.604375 0.8841666666666668 0.03875 0.04833333333333334
11 0.579375 0.8191666666666667 0.03875 0.05166666666666667
19 0.533125 0.8541666666666667 0.02625 0.05166666666666667
19 0.35375 0.795 0.04 0.060000000000000005
19 0.415625 0.7633333333333334 0.03375 0.05
19 0.38625 0.7225 0.035 0.04833333333333334
11 0.39437500000000003 0.6808333333333334 0.01875 0.04166666666666667
19 0.35375 0.6925 0.0275 0.045000000000000005
19 0.37 0.6608333333333334 0.0225 0.055
19 0.27187500000000003 0.7258333333333333 0.04625 0.04166666666666667
19 0.37625000000000003 0.5375000000000001 0.035 0.04833333333333334
19 0.39937500000000004 0.48583333333333334 0.02625 0.055
19 0.3 0.37833333333333335 0.03 0.05
19 0.431875 0.31833333333333336 0.03375 0.07
28 0.5750000000000001 0.28500000000000003 0.0375 0.060000000000000005
23 0.524375 0.24833333333333335 0.03625 0.05666666666666667
19 0.495 0.18000000000000002 0.0375 0.043333333333333335
25 0.55125 0.16583333333333333 0.06 0.05166666666666667
