22 0.56625 0.2941666666666667 0.04 0.04833333333333334
22 0.50625 0.4025 0.045 0.035
22 0.43125 0.4841666666666667 0.0475 0.04166666666666667
27 0.413125 0.43833333333333335 0.06625 0.043333333333333335
22 0.100625 0.7841666666666667 0.03625 0.028333333333333335
22 0.195 0.8058333333333334 0.035 0.03166666666666667
22 0.295 0.8275 0.0475 0.03166666666666667
22 0.39375 0.7108333333333334 0.05 0.035
22 0.36562500000000003 0.64 0.03875 0.03333333333333333
22 0.4225 0.6266666666666667 0.035 0.06333333333333334
11 0.39125 0.8091666666666667 0.055 0.06166666666666667
22 0.818125 0.9375000000000001 0.03375 0.04166666666666667
22 0.7625000000000001 0.8866666666666667 0.0375 0.030000000000000002
22 0.661875 0.7591666666666668 0.043750000000000004 0.045000000000000005
24 0.576875 0.7616666666666667 0.07625 0.07666666666666667
22 0.605625 0.5483333333333333 0.02875 0.06666666666666667
22 0.69875 0.6083333333333334 0.035 0.060000000000000005
22 0.755 0.6233333333333334 0.0525 0.03333333333333333
22 0.775625 0.6791666666666667 0.03125 0.058333333333333334
22 0.743125 0.5733333333333334 0.02375 0.060000000000000005
11 0.9275 0.7033333333333334 0.04 0.07333333333333333
22 0.8025 0.46166666666666667 0.0225 0.05666666666666667
22 0.836875 0.44833333333333336 0.02625 0.06333333333333334
22 0.8618750000000001 0.5166666666666667 0.04125 0.04666666666666667
22 0.905 0.4625 0.0375 0.03833333333333334
22 0.938125 0.3891666666666667 0.02375 0.06166666666666667
24 0.670625 0.2516666666666667 0.08125 0.08666666666666667
20 0.803125 0.10250000000000001 0.02875 0.055
22 0.735 0.6808333333333334 0.025 0.06833333333333334
