7 0.30125 0.2341666666666667 0.09 0.09833333333333334
7 0.26875 0.3016666666666667 0.115 0.08
7 0.2525 0.36583333333333334 0.1225 0.07166666666666667
7 0.2675 0.42833333333333334 0.1075 0.08
7 0.33437500000000003 0.515 0.08375 0.13
7 0.22875 0.4791666666666667 0.12 0.08833333333333333
7 0.29 0.5725 0.1075 0.135
7 0.420625 0.43833333333333335 0.08875 0.1366666666666667
7 0.511875 0.32 0.10375000000000001 0.1
7 0.604375 0.8675 0.14125000000000001 0.09833333333333334
7 0.343125 0.7766666666666667 0.07375 0.16333333333333333
