2 0.252957 0.323671 0.051008 0.052673
6 0.357342 0.269405 0.059424 0.049897
6 0.578783 0.267975 0.033318 0.064871
6 0.581811 0.333841 0.048464 0.042914
6 0.565909 0.387234 0.049982 0.047904
6 0.595984 0.647481 0.051116 0.045741
6 0.502298 0.501507 0.042406 0.064871
6 0.491323 0.591740 0.046379 0.040909
6 0.527661 0.580670 0.024101 0.059197
6 0.660408 0.524359 0.028851 0.070751
6 0.726142 0.584280 0.046379 0.039466
6 0.700396 0.763080 0.032139 0.064974
6 0.620968 0.875700 0.039805 0.049573
6 0.715369 0.840087 0.048206 0.047647
6 0.675746 0.948136 0.052955 0.033693
6 0.586091 0.953911 0.046013 0.044278
6 0.402948 0.836957 0.050762 0.040431
6 0.358759 0.810486 0.056607 0.034654
6 0.347804 0.875941 0.039808 0.059680
6 0.181823 0.893992 0.040171 0.052459
6 0.179859 0.673458 0.038914 0.044353
2 0.120173 0.255405 0.047330 0.056141
2 0.265314 0.126151 0.037864 0.073464
2 0.452000 0.234958 0.048380 0.065148
2 0.459100 0.295949 0.042598 0.047129
2 0.532985 0.415502 0.038914 0.060297
6 0.336886 0.484253 0.029973 0.069304
2 0.283983 0.413422 0.044701 0.060297
2 0.199842 0.524658 0.043645 0.070692
2 0.083887 0.736388 0.037861 0.064456
2 0.324737 0.756833 0.033657 0.067916
2 0.366020 0.692032 0.039439 0.039502
2 0.283720 0.824753 0.038914 0.055445
2 0.245594 0.854207 0.039439 0.054749
2 0.649203 0.916238 0.037861 0.033266
2 0.614758 0.795645 0.035236 0.066536
2 0.535351 0.673665 0.038389 0.051285
2 0.464622 0.641093 0.039967 0.047129
2 0.557175 0.805694 0.028398 0.047821
1 0.231922 0.588072 0.031026 0.072080
1 0.538978 0.167256 0.051536 0.090099
6 0.160095 0.808319 0.044917 0.051499
6 0.230578 0.730352 0.030312 0.066896
6 0.216152 0.644682 0.034326 0.061123
6 0.165135 0.635340 0.031554 0.052673
6 0.128585 0.653361 0.057321 0.055445
6 0.119383 0.837713 0.028398 0.063760
3 0.084413 0.479055 0.079406 0.069996
3 0.294244 0.580577 0.072058 0.072060
2 0.071266 0.551340 0.040492 0.044357
13 0.498236 0.748529 0.088347 0.084002
13 0.593839 0.537701 0.090240 0.133068
3 0.195636 0.223594 0.100969 0.084555
0 0.479346 0.404065 0.063630 0.083859
0 0.129376 0.562776 0.076778 0.074156
6 0.190224 0.604735 0.030678 0.062084
6 0.160459 0.496445 0.031041 0.065939
6 0.129236 0.459626 0.029946 0.059680
6 0.304346 0.366497 0.056607 0.046682
6 0.203188 0.333527 0.049298 0.044278
6 0.203261 0.433314 0.033129 0.067228
6 0.264526 0.480095 0.051536 0.048517
