22 0.146875 0.12166666666666667 0.02625 0.04
22 0.12625 0.12916666666666668 0.015 0.05166666666666667
22 0.255625 0.07250000000000001 0.03875 0.025
22 0.20625000000000002 0.016666666666666666 0.035 0.02
22 0.2475 0.24750000000000003 0.0325 0.058333333333333334
22 0.194375 0.3433333333333334 0.043750000000000004 0.04
22 0.255625 0.34 0.01625 0.06333333333333334
22 0.29812500000000003 0.2516666666666667 0.02125 0.06333333333333334
22 0.260625 0.44583333333333336 0.04125 0.035
22 0.228125 0.52 0.03375 0.043333333333333335
22 0.110625 0.6675000000000001 0.02625 0.065
22 0.309375 0.5883333333333334 0.03875 0.05666666666666667
7 0.224375 0.7150000000000001 0.10125 0.11
22 0.42875 0.9041666666666667 0.025 0.05166666666666667
22 0.39937500000000004 0.7875000000000001 0.02375 0.05166666666666667
22 0.335625 0.5575 0.02375 0.065
22 0.5231250000000001 0.6075 0.01625 0.065
22 0.54875 0.5900000000000001 0.045 0.030000000000000002
22 0.5675 0.615 0.0475 0.030000000000000002
22 0.545 0.4675 0.04 0.04166666666666667
22 0.34750000000000003 0.3641666666666667 0.0425 0.03833333333333334
22 0.39875 0.3241666666666667 0.0475 0.028333333333333335
22 0.32875 0.3125 0.0425 0.03166666666666667
22 0.34375 0.2775 0.0375 0.04833333333333334
22 0.37375 0.265 0.0225 0.060000000000000005
22 0.36 0.22 0.045 0.02666666666666667
22 0.339375 0.21500000000000002 0.03875 0.04
22 0.349375 0.17500000000000002 0.043750000000000004 0.02666666666666667
22 0.38625 0.19666666666666668 0.025 0.04666666666666667
22 0.385625 0.16166666666666668 0.043750000000000004 0.03333333333333333
22 0.375625 0.02 0.043750000000000004 0.030000000000000002
22 0.405625 0.035 0.04125 0.03666666666666667
22 0.538125 0.09583333333333334 0.03125 0.05166666666666667
22 0.564375 0.01916666666666667 0.043750000000000004 0.028333333333333335
22 0.594375 0.10333333333333335 0.051250000000000004 0.02666666666666667
22 0.606875 0.015833333333333335 0.02625 0.035
22 0.6218750000000001 0.07416666666666667 0.02125 0.05166666666666667
22 0.656875 0.22166666666666668 0.03875 0.023333333333333334
22 0.63 0.33083333333333337 0.0225 0.07166666666666667
22 0.7875 0.9758333333333334 0.0225 0.04166666666666667
22 0.925625 0.20500000000000002 0.02625 0.05
27 0.816875 0.36083333333333334 0.06375 0.085
19 0.96375 0.9058333333333334 0.0525 0.06166666666666667
27 0.541875 0.18000000000000002 0.04125 0.05333333333333334
22 0.685 0.2733333333333334 0.0125 0.023333333333333334
