27 0.52125 0.30250000000000005 0.0475 0.07833333333333334
27 0.52875 0.8083333333333333 0.06 0.060000000000000005
27 0.686875 0.7625000000000001 0.05625 0.085
19 0.404375 0.12583333333333335 0.04625 0.058333333333333334
19 0.349375 0.16416666666666668 0.05625 0.055
19 0.469375 0.18166666666666667 0.04125 0.05666666666666667
19 0.450625 0.23 0.04125 0.07
19 0.545625 0.28250000000000003 0.043750000000000004 0.08166666666666667
19 0.4825 0.27166666666666667 0.04 0.06666666666666667
19 0.623125 0.37833333333333335 0.058750000000000004 0.060000000000000005
19 0.20750000000000002 0.33916666666666667 0.04 0.06833333333333334
19 0.320625 0.4841666666666667 0.04875 0.07166666666666667
19 0.604375 0.5933333333333334 0.04625 0.060000000000000005
19 0.343125 0.7366666666666667 0.03875 0.06666666666666667
20 0.410625 0.23333333333333334 0.03625 0.05666666666666667
20 0.194375 0.7425 0.043750000000000004 0.045000000000000005
20 0.460625 0.8191666666666667 0.03625 0.05166666666666667
18 0.5875 0.1325 0.0425 0.035
18 0.42875 0.32083333333333336 0.025 0.04166666666666667
18 0.44375000000000003 0.3841666666666667 0.025 0.045000000000000005
18 0.389375 0.4733333333333334 0.043750000000000004 0.060000000000000005
18 0.160625 0.6125 0.03875 0.065
18 0.246875 0.5766666666666667 0.03625 0.04
18 0.24375 0.49000000000000005 0.03 0.05
18 0.368125 0.8933333333333334 0.03375 0.04666666666666667
18 0.625 0.6775 0.0225 0.04166666666666667
26 0.445 0.09083333333333334 0.025 0.045000000000000005
26 0.29375 0.155 0.035 0.043333333333333335
26 0.335 0.3566666666666667 0.035 0.04
26 0.49875 0.4683333333333334 0.04 0.030000000000000002
26 0.31375000000000003 0.5441666666666667 0.03 0.045000000000000005
26 0.71875 0.5683333333333334 0.045 0.04
26 0.77375 0.6683333333333333 0.0375 0.04666666666666667
18 0.64 0.5608333333333334 0.03 0.04166666666666667
26 0.668125 0.305 0.03625 0.030000000000000002
20 0.42625 0.81 0.0375 0.043333333333333335
