15 0.542526 0.584666 0.150538 0.109735
18 0.931502 0.627693 0.089083 0.068727
17 0.891220 0.360368 0.088330 0.113104
17 0.960362 0.393256 0.077084 0.085026
18 0.834318 0.818804 0.062407 0.096453
18 0.502510 0.682849 0.100995 0.088940
18 0.726605 0.476319 0.065264 0.092985
18 0.811879 0.454949 0.092896 0.071036
18 0.676393 0.399561 0.096230 0.094140
15 0.644237 0.104375 0.119576 0.140344
15 0.872428 0.539559 0.073839 0.145540
15 0.740659 0.830407 0.140059 0.239699
15 0.870236 0.724721 0.115287 0.151894
15 0.720222 0.574500 0.122909 0.129949
15 0.557771 0.463956 0.097185 0.122440
15 0.467971 0.467135 0.092896 0.155362
15 0.491314 0.241890 0.097658 0.155358
