21 0.18937500000000002 0.49833333333333335 0.04125 0.07
19 0.19375 0.5725 0.04 0.05166666666666667
19 0.3925 0.33166666666666667 0.035 0.04
19 0.405 0.30333333333333334 0.035 0.03666666666666667
19 0.346875 0.16083333333333336 0.02875 0.03833333333333334
19 0.375 0.16 0.0325 0.04
19 0.4275 0.29000000000000004 0.0325 0.03666666666666667
19 0.463125 0.24166666666666667 0.04125 0.05
19 0.5375 0.18250000000000002 0.0425 0.045000000000000005
19 0.48125 0.29583333333333334 0.03 0.04166666666666667
19 0.508125 0.3141666666666667 0.03375 0.04833333333333334
19 0.495 0.35250000000000004 0.0325 0.045000000000000005
19 0.519375 0.375 0.03875 0.05
19 0.553125 0.21000000000000002 0.02125 0.04
19 0.538125 0.27666666666666667 0.03375 0.05666666666666667
19 0.5075000000000001 0.31083333333333335 0.0275 0.04166666666666667
19 0.52875 0.30833333333333335 0.03 0.03333333333333333
19 0.539375 0.32083333333333336 0.02875 0.035
19 0.5675 0.2325 0.0275 0.03833333333333334
19 0.614375 0.21333333333333335 0.02875 0.04666666666666667
19 0.66125 0.24083333333333334 0.0425 0.04166666666666667
19 0.62 0.26666666666666666 0.0325 0.04666666666666667
19 0.5675 0.3225 0.0325 0.03833333333333334
19 0.5906250000000001 0.305 0.03625 0.04666666666666667
19 0.6575 0.2725 0.0375 0.035
19 0.670625 0.3441666666666667 0.02375 0.04166666666666667
19 0.6525 0.35500000000000004 0.025 0.04666666666666667
19 0.70625 0.35583333333333333 0.035 0.04166666666666667
19 0.700625 0.315 0.02875 0.05
19 0.605 0.3491666666666667 0.03 0.05166666666666667
19 0.555625 0.4033333333333334 0.03375 0.03666666666666667
19 0.5775 0.4116666666666667 0.0425 0.05333333333333334
19 0.519375 0.4575 0.03375 0.045000000000000005
19 0.54125 0.43583333333333335 0.0275 0.04166666666666667
19 0.59875 0.45333333333333337 0.0225 0.04
19 0.6125 0.48000000000000004 0.035 0.05
19 0.55625 0.49250000000000005 0.0325 0.058333333333333334
19 0.544375 0.5091666666666667 0.03125 0.04833333333333334
19 0.500625 0.5491666666666667 0.04125 0.04166666666666667
19 0.546875 0.5425 0.04125 0.035
19 0.51875 0.5691666666666667 0.03 0.045000000000000005
19 0.540625 0.6050000000000001 0.02625 0.05
19 0.48875 0.6475000000000001 0.035 0.04833333333333334
19 0.49062500000000003 0.7175 0.03375 0.045000000000000005
25 0.47625 0.6758333333333334 0.0425 0.04833333333333334
25 0.5700000000000001 0.7258333333333333 0.045 0.06166666666666667
19 0.604375 0.6591666666666667 0.03125 0.035
19 0.515 0.8541666666666667 0.0275 0.04833333333333334
19 0.556875 0.8658333333333333 0.03625 0.04166666666666667
19 0.6587500000000001 0.7941666666666667 0.035 0.05166666666666667
19 0.618125 0.7325 0.02625 0.04833333333333334
19 0.641875 0.7216666666666667 0.03125 0.043333333333333335
19 0.64375 0.6933333333333334 0.025 0.04
19 0.659375 0.6950000000000001 0.02875 0.043333333333333335
19 0.68875 0.7333333333333334 0.0275 0.05
19 0.685 0.7025 0.0275 0.03833333333333334
19 0.71875 0.6158333333333333 0.0225 0.035
19 0.729375 0.5041666666666667 0.02375 0.04166666666666667
19 0.685625 0.4666666666666667 0.03125 0.04666666666666667
11 0.39687500000000003 0.16 0.02375 0.04666666666666667
11 0.4225 0.16 0.0325 0.043333333333333335
11 0.49062500000000003 0.1675 0.03875 0.03833333333333334
11 0.469375 0.19833333333333333 0.02625 0.05333333333333334
11 0.51 0.24333333333333335 0.04 0.04666666666666667
11 0.521875 0.21250000000000002 0.02875 0.04166666666666667
11 0.5437500000000001 0.2325 0.025 0.04833333333333334
11 0.401875 0.27 0.03125 0.05333333333333334
11 0.37125 0.27666666666666667 0.03 0.04666666666666667
11 0.34125 0.2025 0.0275 0.05166666666666667
11 0.364375 0.2066666666666667 0.03875 0.05333333333333334
11 0.2725 0.24000000000000002 0.0375 0.043333333333333335
11 0.21 0.335 0.03 0.05
11 0.2525 0.31 0.0425 0.04
11 0.260625 0.3416666666666667 0.03625 0.03666666666666667
11 0.45125 0.2733333333333334 0.0275 0.03666666666666667
11 0.460625 0.305 0.03875 0.043333333333333335
11 0.47625 0.34500000000000003 0.025 0.05333333333333334
11 0.42562500000000003 0.33666666666666667 0.02625 0.060000000000000005
11 0.448125 0.33916666666666667 0.03625 0.04166666666666667
11 0.440625 0.3775 0.043750000000000004 0.03833333333333334
11 0.4925 0.39083333333333337 0.0375 0.045000000000000005
11 0.494375 0.43083333333333335 0.03875 0.03833333333333334
11 0.445625 0.44583333333333336 0.03125 0.058333333333333334
11 0.4025 0.3691666666666667 0.0375 0.04166666666666667
11 0.38625 0.4041666666666667 0.04 0.04166666666666667
11 0.33437500000000003 0.39333333333333337 0.03125 0.06333333333333334
11 0.30062500000000003 0.4441666666666667 0.03375 0.055
11 0.264375 0.4466666666666667 0.02875 0.060000000000000005
11 0.230625 0.48333333333333334 0.03375 0.04
11 0.23 0.5291666666666667 0.0275 0.05166666666666667
11 0.22187500000000002 0.6591666666666667 0.02125 0.04833333333333334
11 0.2325 0.6383333333333334 0.03 0.05
11 0.36 0.6425000000000001 0.0425 0.04166666666666667
19 0.406875 0.6316666666666667 0.03875 0.05333333333333334
11 0.46125 0.5883333333333334 0.035 0.04
11 0.4875 0.5683333333333334 0.03 0.03666666666666667
11 0.501875 0.6050000000000001 0.02625 0.04666666666666667
11 0.521875 0.6075 0.02875 0.045000000000000005
11 0.52125 0.655 0.04 0.03666666666666667
11 0.51875 0.6816666666666668 0.0375 0.03666666666666667
11 0.561875 0.6758333333333334 0.03625 0.03833333333333334
11 0.564375 0.6466666666666667 0.03375 0.03666666666666667
11 0.5575 0.6241666666666668 0.02 0.04166666666666667
11 0.575625 0.8025000000000001 0.03875 0.03833333333333334
11 0.600625 0.7416666666666667 0.02625 0.05
11 0.62 0.7616666666666667 0.0275 0.05
11 0.696875 0.8266666666666668 0.02625 0.030000000000000002
11 0.696875 0.7983333333333333 0.03125 0.04
11 0.706875 0.7466666666666667 0.02875 0.04666666666666667
11 0.655625 0.7391666666666667 0.02375 0.035
11 0.675625 0.7566666666666667 0.03375 0.03666666666666667
11 0.7525000000000001 0.6491666666666667 0.03 0.035
11 0.748125 0.6766666666666667 0.02625 0.03333333333333333
11 0.714375 0.685 0.02875 0.030000000000000002
11 0.71375 0.6425000000000001 0.0325 0.03166666666666667
11 0.6975 0.6591666666666667 0.0225 0.04166666666666667
11 0.6793750000000001 0.6741666666666667 0.02625 0.045000000000000005
27 0.69125 0.6216666666666667 0.0325 0.03333333333333333
27 0.654375 0.6341666666666667 0.03125 0.035
27 0.6325000000000001 0.6566666666666667 0.025 0.04
27 0.615625 0.6333333333333334 0.03125 0.04
27 0.604375 0.6175 0.02375 0.028333333333333335
27 0.5825 0.63 0.025 0.043333333333333335
27 0.561875 0.5691666666666667 0.02125 0.045000000000000005
27 0.583125 0.5875 0.03375 0.04833333333333334
27 0.615 0.535 0.0225 0.043333333333333335
27 0.5975 0.5441666666666667 0.03 0.03833333333333334
11 0.744375 0.5883333333333334 0.02625 0.05
11 0.7125 0.5908333333333333 0.0275 0.035
11 0.65125 0.6025 0.035 0.03833333333333334
11 0.644375 0.5758333333333334 0.02625 0.035
11 0.62625 0.5675 0.035 0.03833333333333334
11 0.66625 0.5758333333333334 0.0225 0.04166666666666667
11 0.6825 0.5783333333333334 0.025 0.04
11 0.71125 0.5591666666666667 0.0225 0.04166666666666667
11 0.694375 0.5683333333333334 0.02125 0.04666666666666667
11 0.781875 0.5408333333333334 0.02875 0.04166666666666667
11 0.7575000000000001 0.5433333333333333 0.0275 0.03666666666666667
11 0.63375 0.5158333333333334 0.0225 0.04166666666666667
11 0.654375 0.54 0.02375 0.03333333333333333
11 0.683125 0.5308333333333334 0.03125 0.04166666666666667
11 0.7262500000000001 0.44083333333333335 0.0225 0.03833333333333334
11 0.755 0.4766666666666667 0.0275 0.03333333333333333
11 0.75375 0.5083333333333334 0.0175 0.04666666666666667
27 0.7775 0.5016666666666667 0.025 0.05333333333333334
11 0.766875 0.45583333333333337 0.02875 0.03166666666666667
11 0.7675000000000001 0.42833333333333334 0.0275 0.043333333333333335
11 0.66 0.40166666666666667 0.025 0.03333333333333333
11 0.636875 0.39416666666666667 0.03125 0.04166666666666667
11 0.71 0.4116666666666667 0.0325 0.03333333333333333
11 0.641875 0.465 0.02375 0.04
11 0.660625 0.49500000000000005 0.02375 0.05
