14 0.099139 0.406550 0.052973 0.050063
14 0.202120 0.291499 0.054014 0.043171
14 0.281053 0.306655 0.063426 0.047766
1 0.667147 0.441688 0.058548 0.042989
1 0.663384 0.483849 0.054365 0.049051
1 0.684712 0.525461 0.031782 0.051807
1 0.904265 0.465937 0.062727 0.041886
1 0.550680 0.361220 0.041401 0.073851
1 0.368555 0.056710 0.066910 0.046849
1 0.510951 0.813986 0.035548 0.082119
1 0.647283 0.934688 0.040567 0.092040
14 0.877112 0.812639 0.047048 0.038272
14 0.873483 0.766174 0.033687 0.054729
14 0.882484 0.657094 0.019748 0.061621
14 0.681665 0.869514 0.018296 0.061621
14 0.784907 0.960991 0.036013 0.067746
14 0.706785 0.964435 0.041821 0.032531
14 0.183474 0.015083 0.062730 0.030166
14 0.486941 0.937260 0.024395 0.053966
14 0.465885 0.974769 0.053726 0.031000
14 0.415354 0.978405 0.045014 0.039039
14 0.372082 0.831815 0.031077 0.071190
14 0.520338 0.898219 0.046466 0.033298
14 0.516563 0.942618 0.033108 0.051673
14 0.297957 0.179433 0.057504 0.038580
