19 0.379375 0.1691666666666667 0.05625 0.06166666666666667
19 0.359375 0.395 0.051250000000000004 0.07666666666666667
19 0.395625 0.465 0.05625 0.06666666666666667
19 0.248125 0.5166666666666667 0.05375 0.05333333333333334
19 0.145625 0.4241666666666667 0.04875 0.06833333333333334
19 0.2575 0.5758333333333334 0.04 0.07500000000000001
19 0.5231250000000001 0.5791666666666667 0.043750000000000004 0.065
19 0.45 0.8608333333333333 0.045 0.055
19 0.316875 0.7991666666666667 0.04625 0.058333333333333334
27 0.57875 0.8491666666666667 0.05 0.06166666666666667
27 0.703125 0.6975 0.03125 0.07500000000000001
27 0.495 0.5175000000000001 0.0325 0.058333333333333334
27 0.568125 0.505 0.051250000000000004 0.07
27 0.581875 0.46416666666666667 0.043750000000000004 0.055
26 0.45125 0.135 0.0375 0.04
19 0.33 0.1975 0.045 0.065
26 0.455625 0.275 0.02875 0.02666666666666667
26 0.45625 0.3416666666666667 0.0225 0.04666666666666667
26 0.315 0.5816666666666667 0.025 0.05333333333333334
26 0.7418750000000001 0.3775 0.02875 0.035
26 0.618125 0.21250000000000002 0.04125 0.03833333333333334
18 0.39437500000000003 0.31333333333333335 0.051250000000000004 0.05
26 0.405625 0.7150000000000001 0.02125 0.05
18 0.52125 0.8183333333333334 0.0325 0.03666666666666667
26 0.4475 0.40750000000000003 0.0375 0.04833333333333334
26 0.40625 0.42500000000000004 0.0325 0.04
26 0.45937500000000003 0.44 0.03375 0.04666666666666667
26 0.395 0.3441666666666667 0.025 0.045000000000000005
26 0.22125 0.1975 0.0275 0.04833333333333334
26 0.6025 0.18083333333333335 0.035 0.045000000000000005
