11 0.30062500000000003 0.18000000000000002 0.03125 0.030000000000000002
24 0.27625 0.20500000000000002 0.0275 0.05
19 0.39125 0.22833333333333336 0.0275 0.04666666666666667
11 0.431875 0.18583333333333335 0.02125 0.04833333333333334
11 0.450625 0.18916666666666668 0.02375 0.04833333333333334
22 0.444375 0.15583333333333335 0.00875 0.021666666666666667
11 0.434375 0.2575 0.03125 0.025
27 0.515 0.195 0.0375 0.03666666666666667
11 0.539375 0.22916666666666669 0.02875 0.045000000000000005
11 0.58625 0.1925 0.0375 0.028333333333333335
11 0.676875 0.22666666666666668 0.02375 0.04666666666666667
11 0.6125 0.26 0.03 0.04
27 0.56 0.325 0.0275 0.04666666666666667
11 0.6325000000000001 0.315 0.0225 0.05
11 0.655 0.31083333333333335 0.025 0.04833333333333334
11 0.73875 0.315 0.03 0.03333333333333333
11 0.73625 0.36750000000000005 0.0225 0.045000000000000005
11 0.691875 0.385 0.03375 0.03333333333333333
11 0.721875 0.41750000000000004 0.02625 0.045000000000000005
11 0.685625 0.4133333333333334 0.03375 0.03333333333333333
11 0.623125 0.39083333333333337 0.03625 0.03166666666666667
11 0.645625 0.41583333333333333 0.01875 0.05166666666666667
11 0.659375 0.44833333333333336 0.01875 0.04
11 0.67375 0.46 0.02 0.043333333333333335
11 0.69125 0.4475 0.02 0.035
11 0.678125 0.49750000000000005 0.03375 0.03166666666666667
11 0.70875 0.5233333333333333 0.0225 0.043333333333333335
11 0.645 0.4766666666666667 0.0325 0.03333333333333333
11 0.744375 0.6141666666666667 0.02625 0.035
11 0.61625 0.555 0.025 0.05333333333333334
11 0.579375 0.6541666666666667 0.02625 0.05166666666666667
11 0.723125 0.6891666666666667 0.02375 0.04166666666666667
11 0.7175 0.7233333333333334 0.03 0.03666666666666667
11 0.535 0.7066666666666667 0.0275 0.04666666666666667
11 0.528125 0.7575000000000001 0.03625 0.028333333333333335
11 0.45125 0.7333333333333334 0.035 0.03666666666666667
11 0.405 0.7200000000000001 0.0425 0.03666666666666667
11 0.595 0.5033333333333334 0.025 0.043333333333333335
11 0.480625 0.47750000000000004 0.03125 0.045000000000000005
11 0.509375 0.5066666666666667 0.03125 0.03333333333333333
27 0.535625 0.4866666666666667 0.03875 0.03666666666666667
27 0.520625 0.5375000000000001 0.02125 0.05166666666666667
22 0.39437500000000003 0.53 0.03125 0.030000000000000002
11 0.351875 0.4441666666666667 0.02375 0.055
11 0.318125 0.45083333333333336 0.02375 0.04833333333333334
11 0.19875 0.43000000000000005 0.0175 0.04666666666666667
11 0.28750000000000003 0.3091666666666667 0.0275 0.045000000000000005
11 0.224375 0.29000000000000004 0.02375 0.043333333333333335
19 0.23375 0.38083333333333336 0.0175 0.045000000000000005
19 0.469375 0.36750000000000005 0.03375 0.045000000000000005
19 0.49625 0.4 0.0225 0.04666666666666667
19 0.37625000000000003 0.44583333333333336 0.025 0.04833333333333334
19 0.3275 0.51 0.035 0.05333333333333334
19 0.26625 0.48833333333333334 0.0475 0.05
19 0.225625 0.4575 0.03125 0.03833333333333334
19 0.34625 0.5291666666666667 0.025 0.04833333333333334
19 0.353125 0.5700000000000001 0.03625 0.03666666666666667
19 0.356875 0.645 0.03875 0.043333333333333335
19 0.38875 0.6591666666666667 0.0275 0.04166666666666667
19 0.441875 0.5708333333333334 0.02875 0.05166666666666667
19 0.425 0.5416666666666667 0.035 0.03666666666666667
19 0.23875000000000002 0.5933333333333334 0.03 0.04666666666666667
19 0.270625 0.6283333333333334 0.02625 0.04
19 0.37625000000000003 0.7058333333333334 0.03 0.03833333333333334
19 0.3925 0.7541666666666668 0.0325 0.03833333333333334
19 0.429375 0.7641666666666667 0.03375 0.035
19 0.44625000000000004 0.7958333333333334 0.02 0.035
19 0.481875 0.7625000000000001 0.03875 0.04166666666666667
19 0.26875 0.755 0.0275 0.03666666666666667
19 0.499375 0.6725000000000001 0.03125 0.028333333333333335
19 0.504375 0.7241666666666667 0.03125 0.035
24 0.494375 0.6983333333333334 0.04125 0.05333333333333334
24 0.5181250000000001 0.6766666666666667 0.04125 0.05666666666666667
24 0.41375 0.6608333333333334 0.035 0.058333333333333334
24 0.395 0.6016666666666667 0.0375 0.06666666666666667
24 0.3625 0.6158333333333333 0.04 0.055
18 0.315 0.6866666666666668 0.025 0.02666666666666667
24 0.53 0.8083333333333333 0.0425 0.043333333333333335
19 0.58375 0.7866666666666667 0.0325 0.04
19 0.62875 0.8125 0.0325 0.035
19 0.544375 0.7733333333333334 0.03125 0.03333333333333333
19 0.544375 0.7433333333333334 0.02625 0.030000000000000002
19 0.526875 0.8666666666666667 0.03375 0.03666666666666667
19 0.433125 0.9175000000000001 0.03125 0.03166666666666667
19 0.449375 0.8966666666666667 0.02625 0.05
24 0.6 0.8575 0.0375 0.035
24 0.536875 0.6066666666666667 0.04125 0.05
19 0.5231250000000001 0.6058333333333333 0.03375 0.03833333333333334
19 0.5525 0.6866666666666668 0.03 0.04
19 0.6775 0.685 0.035 0.043333333333333335
19 0.634375 0.6425000000000001 0.03125 0.03166666666666667
19 0.646875 0.6175 0.03375 0.04166666666666667
19 0.668125 0.5908333333333333 0.03875 0.045000000000000005
19 0.73875 0.5825 0.035 0.035
19 0.76875 0.5875 0.0275 0.03166666666666667
19 0.769375 0.6125 0.02125 0.028333333333333335
19 0.6025 0.5833333333333334 0.0375 0.043333333333333335
26 0.5493750000000001 0.5800000000000001 0.01125 0.03666666666666667
19 0.70125 0.5441666666666667 0.025 0.04833333333333334
19 0.6431250000000001 0.5425 0.03125 0.025
19 0.630625 0.5225000000000001 0.03125 0.04166666666666667
19 0.618125 0.49750000000000005 0.03125 0.03166666666666667
19 0.609375 0.46166666666666667 0.03125 0.04
19 0.73375 0.5075000000000001 0.0275 0.05166666666666667
19 0.7125 0.4866666666666667 0.03 0.030000000000000002
19 0.69625 0.4675 0.0325 0.03166666666666667
19 0.74875 0.4441666666666667 0.0325 0.03166666666666667
19 0.724375 0.4491666666666667 0.02625 0.028333333333333335
19 0.71125 0.43000000000000005 0.025 0.04
24 0.749375 0.4841666666666667 0.03875 0.05166666666666667
19 0.6118750000000001 0.4216666666666667 0.03625 0.03666666666666667
19 0.61875 0.44583333333333336 0.0325 0.03166666666666667
19 0.573125 0.49250000000000005 0.03125 0.05166666666666667
19 0.5625 0.5275000000000001 0.035 0.045000000000000005
24 0.55 0.5441666666666667 0.035 0.04833333333333334
19 0.579375 0.3791666666666667 0.03875 0.055
19 0.71125 0.35000000000000003 0.0275 0.04
19 0.706875 0.3125 0.03375 0.035
19 0.541875 0.43333333333333335 0.03375 0.04
19 0.5075000000000001 0.4758333333333334 0.025 0.035
19 0.54125 0.46 0.025 0.03666666666666667
24 0.5231250000000001 0.4491666666666667 0.02375 0.045000000000000005
24 0.546875 0.5408333333333334 0.03875 0.055
26 0.550625 0.38083333333333336 0.02375 0.028333333333333335
24 0.761875 0.3925 0.03875 0.058333333333333334
19 0.5175 0.3141666666666667 0.0175 0.045000000000000005
24 0.49562500000000004 0.33333333333333337 0.043750000000000004 0.04
24 0.596875 0.2808333333333333 0.043750000000000004 0.03166666666666667
24 0.635 0.20333333333333334 0.0425 0.05333333333333334
24 0.66125 0.20083333333333334 0.025 0.03833333333333334
19 0.551875 0.2041666666666667 0.02875 0.04166666666666667
19 0.6168750000000001 0.22583333333333336 0.02375 0.03166666666666667
19 0.64125 0.2366666666666667 0.0225 0.030000000000000002
19 0.663125 0.26833333333333337 0.03375 0.03333333333333333
19 0.635 0.26166666666666666 0.035 0.043333333333333335
26 0.655625 0.2316666666666667 0.01875 0.023333333333333334
19 0.7312500000000001 0.28750000000000003 0.0275 0.03833333333333334
24 0.681875 0.31 0.03125 0.05333333333333334
24 0.68625 0.35833333333333334 0.04 0.05
24 0.65375 0.38333333333333336 0.03 0.05333333333333334
19 0.424375 0.38083333333333336 0.03625 0.035
19 0.35375 0.16833333333333333 0.03 0.02666666666666667
