11 0.395625 0.060833333333333336 0.07125000000000001 0.065
11 0.48125 0.17583333333333334 0.0675 0.07500000000000001
11 0.604375 0.23583333333333334 0.058750000000000004 0.055
11 0.82375 0.1716666666666667 0.045 0.08333333333333334
11 0.293125 0.35583333333333333 0.06125 0.08166666666666667
11 0.375 0.44333333333333336 0.0625 0.07
11 0.36062500000000003 0.49250000000000005 0.06375 0.06166666666666667
11 0.49 0.4683333333333334 0.065 0.07333333333333333
11 0.284375 0.5816666666666667 0.04875 0.07666666666666667
11 0.0625 0.7033333333333334 0.0625 0.05666666666666667
11 0.5125 0.5733333333333334 0.0575 0.08666666666666667
11 0.599375 0.6166666666666667 0.04875 0.1
11 0.7993750000000001 0.8316666666666667 0.06125 0.060000000000000005
11 0.8093750000000001 0.8716666666666667 0.05625 0.05333333333333334
11 0.531875 0.6558333333333334 0.06375 0.07833333333333334
11 0.473125 0.6408333333333334 0.06875 0.065
11 0.38625 0.6541666666666667 0.075 0.06833333333333334
11 0.34750000000000003 0.7083333333333334 0.07 0.06333333333333334
11 0.19625 0.8075000000000001 0.0675 0.07500000000000001
18 0.496875 0.21833333333333335 0.04125 0.05333333333333334
