18 0.386875 0.06916666666666667 0.02625 0.04833333333333334
18 0.406875 0.08833333333333333 0.03125 0.03666666666666667
18 0.414375 0.24250000000000002 0.02875 0.04833333333333334
18 0.34875 0.26083333333333336 0.035 0.04166666666666667
18 0.29625 0.24916666666666668 0.04 0.04166666666666667
18 0.235625 0.3225 0.04125 0.04166666666666667
18 0.265625 0.32333333333333336 0.02875 0.03333333333333333
18 0.168125 0.43000000000000005 0.03125 0.03333333333333333
18 0.655 0.29833333333333334 0.03 0.04666666666666667
18 0.340625 0.5966666666666667 0.04125 0.05
18 0.393125 0.64 0.02625 0.04666666666666667
18 0.405 0.6133333333333334 0.03 0.04666666666666667
18 0.3975 0.8300000000000001 0.0375 0.04666666666666667
18 0.43875000000000003 0.645 0.0275 0.03666666666666667
18 0.466875 0.6433333333333334 0.03375 0.043333333333333335
18 0.596875 0.5875 0.02625 0.045000000000000005
18 0.755625 0.5850000000000001 0.02875 0.04666666666666667
18 0.655 0.6991666666666667 0.0325 0.03833333333333334
18 0.711875 0.48250000000000004 0.03375 0.04833333333333334
20 0.354375 0.18250000000000002 0.03625 0.045000000000000005
20 0.389375 0.24833333333333335 0.03375 0.04666666666666667
20 0.550625 0.47000000000000003 0.04625 0.06333333333333334
20 0.33375 0.4 0.03 0.05333333333333334
20 0.3 0.45583333333333337 0.045 0.058333333333333334
20 0.295 0.5141666666666667 0.045 0.055
20 0.26687500000000003 0.5841666666666667 0.02875 0.045000000000000005
20 0.505 0.8450000000000001 0.045 0.04666666666666667
20 0.5 0.905 0.0375 0.05666666666666667
20 0.635625 0.7783333333333334 0.03625 0.04
20 0.6431250000000001 0.7416666666666667 0.03625 0.04666666666666667
24 0.5906250000000001 0.07500000000000001 0.06375 0.07333333333333333
24 0.5181250000000001 0.29000000000000004 0.058750000000000004 0.07
24 0.58375 0.2891666666666667 0.0525 0.07833333333333334
24 0.2925 0.3616666666666667 0.0525 0.08333333333333334
24 0.23375 0.43000000000000005 0.0725 0.07
24 0.379375 0.4525 0.05625 0.06166666666666667
24 0.40625 0.5266666666666667 0.0575 0.07666666666666667
24 0.203125 0.6366666666666667 0.05625 0.07
24 0.2125 0.7325 0.055 0.07166666666666667
24 0.3875 0.8866666666666667 0.07 0.08
24 0.435 0.6933333333333334 0.0525 0.08666666666666667
24 0.64875 0.6075 0.0575 0.07833333333333334
24 0.6075 0.6925 0.055 0.065
24 0.558125 0.5958333333333333 0.04875 0.07166666666666667
24 0.756875 0.5 0.03875 0.07666666666666667
24 0.48375 0.66 0.0575 0.08666666666666667
21 0.5325 0.8116666666666668 0.065 0.07666666666666667
21 0.57375 0.7200000000000001 0.06 0.08
19 0.409375 0.5783333333333334 0.04625 0.06333333333333334
21 0.40750000000000003 0.3716666666666667 0.0675 0.06666666666666667
24 0.46875 0.5900000000000001 0.06 0.05666666666666667
24 0.520625 0.5516666666666667 0.05375 0.07333333333333333
24 0.786875 0.5375000000000001 0.05375 0.06833333333333334
18 0.216875 0.48750000000000004 0.03125 0.05166666666666667
