21 0.15937500000000002 0.6591666666666667 0.07125000000000001 0.06833333333333334
21 0.28750000000000003 0.6691666666666667 0.07 0.085
21 0.3175 0.7516666666666667 0.07 0.09666666666666668
21 0.33375 0.8308333333333334 0.0675 0.07500000000000001
21 0.174375 0.8116666666666668 0.051250000000000004 0.1
24 0.26375 0.8083333333333333 0.0725 0.09000000000000001
24 0.343125 0.6458333333333334 0.06875 0.09833333333333334
24 0.40625 0.8425 0.065 0.08833333333333333
24 0.46 0.8791666666666668 0.0625 0.06833333333333334
24 0.540625 0.81 0.07625 0.1
24 0.484375 0.755 0.06875 0.08666666666666667
24 0.67125 0.7791666666666667 0.0725 0.095
21 0.54625 0.7191666666666667 0.0925 0.10166666666666667
21 0.501875 0.6008333333333333 0.07875 0.10166666666666667
24 0.44625000000000004 0.535 0.07 0.08666666666666667
24 0.53125 0.4516666666666667 0.05 0.08666666666666667
21 0.47125 0.42833333333333334 0.06 0.10666666666666667
21 0.39187500000000003 0.3433333333333334 0.08875 0.09666666666666668
18 0.56125 0.3175 0.0325 0.06166666666666667
19 0.645625 0.26083333333333336 0.058750000000000004 0.07166666666666667
24 0.755 0.4058333333333334 0.06 0.09166666666666667
24 0.70875 0.6075 0.0675 0.07833333333333334
18 0.63375 0.6516666666666667 0.035 0.05666666666666667
24 0.7925 0.6725000000000001 0.07 0.09833333333333334
18 0.865 0.6950000000000001 0.0275 0.05333333333333334
21 0.879375 0.43500000000000005 0.06125 0.12333333333333334
18 0.734375 0.11833333333333335 0.058750000000000004 0.05
