27 0.279375 0.28583333333333333 0.03125 0.04833333333333334
11 0.383125 0.3566666666666667 0.043750000000000004 0.04666666666666667
19 0.23750000000000002 0.37000000000000005 0.0325 0.043333333333333335
18 0.30312500000000003 0.48833333333333334 0.02125 0.03333333333333333
19 0.304375 0.5266666666666667 0.03625 0.05
19 0.258125 0.5900000000000001 0.02875 0.05333333333333334
19 0.30125 0.6516666666666667 0.035 0.060000000000000005
19 0.42812500000000003 0.6075 0.03875 0.06166666666666667
19 0.441875 0.6816666666666668 0.04125 0.05333333333333334
11 0.28125 0.5991666666666667 0.035 0.04833333333333334
19 0.31 0.7625000000000001 0.03 0.06833333333333334
19 0.3675 0.755 0.0325 0.043333333333333335
19 0.33 0.8008333333333334 0.0275 0.03833333333333334
19 0.41375 0.7783333333333334 0.03 0.07
19 0.43375 0.8075000000000001 0.04 0.04833333333333334
19 0.435 0.8683333333333334 0.0325 0.05333333333333334
19 0.460625 0.8516666666666667 0.02625 0.04666666666666667
19 0.55 0.8191666666666667 0.0375 0.03833333333333334
19 0.574375 0.8408333333333334 0.03625 0.04833333333333334
19 0.49562500000000004 0.8216666666666668 0.03375 0.05666666666666667
19 0.485 0.8425 0.0375 0.045000000000000005
28 0.47750000000000004 0.8108333333333334 0.04 0.06833333333333334
19 0.510625 0.6991666666666667 0.03875 0.045000000000000005
28 0.5775 0.6891666666666667 0.045 0.07166666666666667
19 0.620625 0.7066666666666667 0.03875 0.05333333333333334
19 0.651875 0.7250000000000001 0.04125 0.05
19 0.705 0.7225 0.035 0.07166666666666667
19 0.706875 0.6691666666666667 0.03625 0.055
19 0.738125 0.6133333333333334 0.03125 0.05333333333333334
19 0.709375 0.6058333333333333 0.03625 0.045000000000000005
19 0.694375 0.5991666666666667 0.04125 0.045000000000000005
19 0.6743750000000001 0.6158333333333333 0.051250000000000004 0.045000000000000005
19 0.6587500000000001 0.6475000000000001 0.04 0.04833333333333334
19 0.6062500000000001 0.6308333333333334 0.035 0.04166666666666667
19 0.57625 0.63 0.035 0.05666666666666667
19 0.5175 0.615 0.0325 0.04
19 0.530625 0.6566666666666667 0.043750000000000004 0.043333333333333335
19 0.738125 0.5525 0.02375 0.055
19 0.7156250000000001 0.5391666666666667 0.02625 0.058333333333333334
19 0.728125 0.48250000000000004 0.03625 0.045000000000000005
19 0.52 0.54 0.045 0.043333333333333335
28 0.558125 0.5233333333333333 0.03625 0.07333333333333333
19 0.59875 0.4808333333333334 0.0275 0.05166666666666667
25 0.6175 0.4791666666666667 0.0425 0.08166666666666667
19 0.641875 0.4625 0.03375 0.058333333333333334
19 0.665625 0.4475 0.02875 0.05166666666666667
19 0.665625 0.4766666666666667 0.03625 0.04
11 0.67125 0.5058333333333334 0.045 0.03166666666666667
27 0.635 0.5175000000000001 0.025 0.055
19 0.71375 0.3983333333333334 0.0475 0.04666666666666667
19 0.740625 0.4066666666666667 0.02625 0.03333333333333333
19 0.749375 0.46 0.03125 0.05
19 0.689375 0.4575 0.02625 0.055
19 0.705 0.4816666666666667 0.0275 0.05666666666666667
19 0.69375 0.36333333333333334 0.02 0.05333333333333334
19 0.69375 0.3125 0.0325 0.065
21 0.6825 0.265 0.0425 0.05
19 0.63625 0.24000000000000002 0.0375 0.04
19 0.6425 0.26416666666666666 0.0375 0.04166666666666667
19 0.615625 0.25 0.03375 0.04
21 0.609375 0.28250000000000003 0.04125 0.065
27 0.573125 0.25083333333333335 0.03375 0.03833333333333334
27 0.63375 0.31833333333333336 0.035 0.05666666666666667
18 0.574375 0.2941666666666667 0.01625 0.03166666666666667
19 0.619375 0.20083333333333334 0.02875 0.05166666666666667
24 0.561875 0.18500000000000003 0.043750000000000004 0.03333333333333333
19 0.556875 0.2066666666666667 0.04125 0.03666666666666667
19 0.525 0.165 0.0375 0.030000000000000002
19 0.509375 0.17750000000000002 0.04875 0.05166666666666667
11 0.530625 0.26083333333333336 0.02875 0.04166666666666667
27 0.506875 0.29833333333333334 0.03625 0.04666666666666667
19 0.45937500000000003 0.14416666666666667 0.03875 0.035
19 0.46625 0.20500000000000002 0.065 0.03333333333333333
19 0.474375 0.17750000000000002 0.03375 0.03166666666666667
19 0.404375 0.1716666666666667 0.02875 0.04
27 0.43125 0.18166666666666667 0.0375 0.03666666666666667
19 0.34 0.37083333333333335 0.04 0.058333333333333334
27 0.620625 0.5900000000000001 0.03875 0.05333333333333334
11 0.63875 0.6083333333333334 0.0275 0.04666666666666667
11 0.6900000000000001 0.5575 0.035 0.045000000000000005
27 0.47500000000000003 0.6141666666666667 0.0425 0.058333333333333334
27 0.723125 0.33 0.04125 0.03333333333333333
21 0.255625 0.7058333333333334 0.04875 0.065
