4 0.302260 0.730484 0.075282 0.127246
4 0.608894 0.143998 0.092079 0.102204
4 0.449351 0.183592 0.118136 0.087992
4 0.407656 0.100002 0.091497 0.077836
4 0.266645 0.090864 0.086287 0.113710
4 0.305735 0.034942 0.096131 0.069884
4 0.028923 0.065482 0.054435 0.123863
4 0.769016 0.807645 0.107712 0.078512
4 0.852406 0.692581 0.113501 0.096111
4 0.956027 0.596808 0.087946 0.099494
4 0.910316 0.892588 0.086863 0.092728
4 0.979480 0.903419 0.041040 0.103558
4 0.816791 0.891235 0.064283 0.119800
4 0.620476 0.945722 0.087445 0.108294
9 0.215817 0.456240 0.046698 0.044834
4 0.361299 0.498188 0.066047 0.130993
4 0.324844 0.601544 0.064858 0.119800
4 0.250140 0.580564 0.074124 0.125216
4 0.511894 0.665846 0.084547 0.117097
4 0.649141 0.711872 0.106555 0.077836
4 0.214525 0.861793 0.093234 0.102881
4 0.186150 0.959662 0.107134 0.080677
4 0.370882 0.933538 0.081653 0.096111
4 0.368277 0.835733 0.085705 0.107617
4 0.025176 0.572103 0.050352 0.148905
4 0.140689 0.376832 0.081074 0.110324
4 0.034441 0.438425 0.068883 0.083252
4 0.048613 0.302719 0.096131 0.093405
4 0.237401 0.260076 0.105397 0.074456
4 0.405339 0.293918 0.100763 0.108294
4 0.507552 0.297303 0.099026 0.087992
4 0.561696 0.403567 0.068335 0.119123
4 0.614684 0.284442 0.090918 0.105587
4 0.707340 0.418458 0.086284 0.105587
4 0.665935 0.524724 0.108870 0.078512
4 0.802023 0.510848 0.103081 0.088665
4 0.809262 0.413721 0.088603 0.108294
4 0.945602 0.278689 0.108796 0.077836
4 0.941587 0.145011 0.082235 0.113710
4 0.685913 0.172086 0.071229 0.120477
4 0.903655 0.062437 0.101341 0.078516
4 0.725582 0.064469 0.099605 0.070393
4 0.810422 0.026819 0.096710 0.053638
