11 0.32625 0.17083333333333334 0.0225 0.045000000000000005
11 0.36625 0.20083333333333334 0.025 0.04833333333333334
11 0.39437500000000003 0.18916666666666668 0.03375 0.03166666666666667
11 0.41625 0.16416666666666668 0.02 0.04833333333333334
11 0.42625 0.19416666666666668 0.0275 0.04166666666666667
11 0.30375 0.1991666666666667 0.025 0.035
11 0.28375 0.2 0.025 0.03333333333333333
11 0.26625 0.21500000000000002 0.025 0.03666666666666667
11 0.28875 0.2325 0.0275 0.03166666666666667
11 0.32125 0.23833333333333334 0.0325 0.03333333333333333
11 0.3525 0.25333333333333335 0.0325 0.030000000000000002
11 0.38125000000000003 0.26666666666666666 0.025 0.043333333333333335
11 0.4025 0.28 0.025 0.043333333333333335
11 0.365 0.2991666666666667 0.0225 0.045000000000000005
11 0.29125 0.27666666666666667 0.035 0.03666666666666667
11 0.31125 0.29500000000000004 0.0375 0.02666666666666667
11 0.2625 0.2966666666666667 0.025 0.04666666666666667
11 0.239375 0.31 0.03375 0.03333333333333333
11 0.299375 0.34 0.02875 0.04
11 0.385 0.37583333333333335 0.025 0.05166666666666667
11 0.41125 0.33 0.02 0.05333333333333334
11 0.35125 0.375 0.03 0.03666666666666667
11 0.34125 0.4091666666666667 0.0225 0.04166666666666667
11 0.35625 0.4341666666666667 0.025 0.04833333333333334
11 0.389375 0.46 0.03625 0.03333333333333333
11 0.3975 0.4083333333333334 0.025 0.043333333333333335
11 0.431875 0.38833333333333336 0.02875 0.043333333333333335
11 0.4175 0.4575 0.0225 0.04833333333333334
27 0.28125 0.3166666666666667 0.02 0.043333333333333335
11 0.2475 0.3716666666666667 0.035 0.03666666666666667
11 0.365 0.4891666666666667 0.0225 0.045000000000000005
11 0.2925 0.505 0.0275 0.043333333333333335
11 0.3625 0.5425 0.03 0.04166666666666667
11 0.384375 0.5566666666666668 0.02625 0.043333333333333335
11 0.415625 0.5483333333333333 0.03375 0.03333333333333333
11 0.41125 0.5833333333333334 0.03 0.03666666666666667
11 0.38125000000000003 0.5925 0.0325 0.028333333333333335
11 0.429375 0.6158333333333333 0.03375 0.03833333333333334
11 0.455 0.5675 0.025 0.04833333333333334
11 0.43875000000000003 0.5891666666666667 0.03 0.035
11 0.389375 0.6341666666666667 0.03125 0.03833333333333334
11 0.43625 0.67 0.0375 0.04
11 0.36875 0.6950000000000001 0.0225 0.05333333333333334
19 0.345625 0.5658333333333334 0.03375 0.045000000000000005
27 0.29375 0.7516666666666667 0.035 0.03333333333333333
11 0.36062500000000003 0.7891666666666667 0.03125 0.035
11 0.510625 0.7566666666666667 0.03375 0.04
11 0.5125 0.8291666666666667 0.0275 0.035
11 0.574375 0.8366666666666667 0.02875 0.04
11 0.65625 0.76 0.0325 0.03666666666666667
11 0.7000000000000001 0.7183333333333334 0.0225 0.04
11 0.719375 0.745 0.01875 0.03333333333333333
11 0.623125 0.7025 0.02875 0.03833333333333334
11 0.678125 0.6483333333333334 0.03125 0.03333333333333333
11 0.73875 0.6441666666666667 0.025 0.045000000000000005
11 0.76375 0.6475000000000001 0.035 0.03166666666666667
11 0.761875 0.6025 0.02375 0.04166666666666667
11 0.651875 0.5941666666666667 0.02875 0.045000000000000005
11 0.645 0.6333333333333334 0.0375 0.03333333333333333
11 0.61 0.6283333333333334 0.0325 0.03333333333333333
11 0.60875 0.665 0.0375 0.030000000000000002
11 0.570625 0.6525000000000001 0.03625 0.028333333333333335
11 0.583125 0.6208333333333333 0.03125 0.03833333333333334
11 0.56375 0.6125 0.02 0.045000000000000005
27 0.540625 0.6008333333333333 0.02625 0.05166666666666667
11 0.503125 0.6266666666666667 0.03625 0.030000000000000002
28 0.526875 0.6458333333333334 0.03375 0.05166666666666667
27 0.485 0.56 0.04 0.023333333333333334
11 0.498125 0.5808333333333334 0.03125 0.04166666666666667
11 0.521875 0.5516666666666667 0.03375 0.043333333333333335
11 0.58 0.5533333333333333 0.0275 0.04666666666666667
11 0.5525 0.5483333333333333 0.0375 0.04666666666666667
11 0.534375 0.5166666666666667 0.043750000000000004 0.03333333333333333
11 0.499375 0.5225000000000001 0.03625 0.03833333333333334
11 0.623125 0.5341666666666667 0.03125 0.04166666666666667
11 0.78125 0.5341666666666667 0.02 0.04833333333333334
11 0.713125 0.5108333333333334 0.02875 0.03833333333333334
11 0.709375 0.5466666666666667 0.02125 0.05
11 0.706875 0.5816666666666667 0.02875 0.04666666666666667
11 0.685 0.5608333333333334 0.025 0.045000000000000005
11 0.661875 0.5591666666666667 0.03625 0.03833333333333334
11 0.66625 0.5233333333333333 0.02 0.05
11 0.6843750000000001 0.5041666666666667 0.02375 0.03833333333333334
11 0.69375 0.5241666666666667 0.0325 0.03166666666666667
11 0.65375 0.5133333333333334 0.025 0.043333333333333335
11 0.6725 0.4733333333333334 0.025 0.04666666666666667
11 0.649375 0.4666666666666667 0.02125 0.04666666666666667
11 0.62375 0.48583333333333334 0.0275 0.03833333333333334
11 0.6075 0.4741666666666667 0.03 0.04166666666666667
11 0.58 0.47500000000000003 0.03 0.03666666666666667
11 0.565625 0.49583333333333335 0.03625 0.03833333333333334
11 0.6125 0.43750000000000006 0.04 0.03166666666666667
11 0.646875 0.4166666666666667 0.02875 0.043333333333333335
11 0.6725 0.4116666666666667 0.0275 0.04
11 0.69625 0.4291666666666667 0.02 0.04833333333333334
11 0.7225 0.4475 0.0375 0.045000000000000005
11 0.73 0.41250000000000003 0.025 0.04833333333333334
11 0.755625 0.4141666666666667 0.02125 0.045000000000000005
11 0.774375 0.41833333333333333 0.01875 0.04666666666666667
11 0.7225 0.37000000000000005 0.0275 0.04
11 0.6743750000000001 0.36833333333333335 0.02875 0.04
11 0.6475 0.3766666666666667 0.03 0.04
11 0.624375 0.35083333333333333 0.04125 0.03166666666666667
27 0.66125 0.24333333333333335 0.0325 0.03333333333333333
11 0.655 0.27166666666666667 0.03 0.03333333333333333
11 0.683125 0.3041666666666667 0.03625 0.028333333333333335
11 0.65375 0.31 0.0275 0.043333333333333335
11 0.6725 0.3358333333333334 0.035 0.035
11 0.68625 0.2625 0.025 0.058333333333333334
11 0.49562500000000004 0.1675 0.03125 0.028333333333333335
11 0.489375 0.19166666666666668 0.03625 0.02666666666666667
11 0.5125 0.21083333333333334 0.0275 0.035
11 0.5325 0.21166666666666667 0.025 0.043333333333333335
11 0.5750000000000001 0.225 0.035 0.04
11 0.594375 0.2066666666666667 0.04125 0.030000000000000002
11 0.633125 0.22583333333333336 0.02875 0.045000000000000005
11 0.634375 0.18916666666666668 0.02125 0.04166666666666667
11 0.659375 0.18916666666666668 0.03625 0.03833333333333334
11 0.6125 0.24750000000000003 0.0275 0.03833333333333334
11 0.615 0.2808333333333333 0.03 0.045000000000000005
11 0.5593750000000001 0.24250000000000002 0.03375 0.035
11 0.555625 0.3075 0.04125 0.03833333333333334
11 0.521875 0.26666666666666666 0.02375 0.04666666666666667
11 0.50125 0.23833333333333334 0.0325 0.03666666666666667
11 0.47500000000000003 0.25333333333333335 0.025 0.03333333333333333
11 0.47500000000000003 0.21250000000000002 0.025 0.04166666666666667
11 0.453125 0.21416666666666667 0.02625 0.04833333333333334
19 0.45437500000000003 0.2516666666666667 0.03625 0.043333333333333335
11 0.45 0.2816666666666667 0.0375 0.02666666666666667
11 0.486875 0.29583333333333334 0.03625 0.03833333333333334
11 0.49125 0.335 0.0275 0.05
11 0.535625 0.34833333333333333 0.03875 0.03333333333333333
11 0.46187500000000004 0.325 0.02875 0.05
11 0.484375 0.39 0.02375 0.05333333333333334
11 0.543125 0.38583333333333336 0.02375 0.045000000000000005
11 0.5325 0.41583333333333333 0.035 0.04833333333333334
11 0.505625 0.4133333333333334 0.02125 0.05333333333333334
11 0.5275 0.4541666666666667 0.0275 0.045000000000000005
11 0.5181250000000001 0.47750000000000004 0.04125 0.03833333333333334
11 0.555 0.4525 0.0275 0.05166666666666667
11 0.5806250000000001 0.43583333333333335 0.02625 0.055
11 0.5975 0.39583333333333337 0.0275 0.04833333333333334
11 0.588125 0.36250000000000004 0.02625 0.04833333333333334
11 0.5650000000000001 0.36250000000000004 0.025 0.04833333333333334
11 0.56375 0.405 0.035 0.03666666666666667
