20 0.45875 0.060000000000000005 0.0425 0.05666666666666667
20 0.5425 0.0775 0.045 0.045000000000000005
20 0.635 0.04833333333333334 0.0475 0.05333333333333334
20 0.585 0.11916666666666667 0.0425 0.04833333333333334
20 0.610625 0.09583333333333334 0.03875 0.04833333333333334
20 0.61875 0.135 0.04 0.05666666666666667
20 0.65 0.1275 0.045 0.06166666666666667
20 0.606875 0.19333333333333336 0.043750000000000004 0.07
20 0.56125 0.19083333333333335 0.04 0.065
20 0.535 0.1691666666666667 0.0475 0.04833333333333334
20 0.5231250000000001 0.11833333333333335 0.04625 0.05333333333333334
20 0.49375 0.125 0.0325 0.06333333333333334
20 0.594375 0.33416666666666667 0.04875 0.04833333333333334
20 0.53125 0.33 0.045 0.05333333333333334
20 0.4975 0.35083333333333333 0.055 0.06166666666666667
20 0.526875 0.26333333333333336 0.04125 0.06666666666666667
20 0.535625 0.21500000000000002 0.051250000000000004 0.05333333333333334
20 0.445 0.29333333333333333 0.0525 0.060000000000000005
20 0.475625 0.27416666666666667 0.043750000000000004 0.045000000000000005
20 0.4825 0.21250000000000002 0.0475 0.07166666666666667
20 0.389375 0.09416666666666668 0.043750000000000004 0.058333333333333334
20 0.41500000000000004 0.09416666666666668 0.0425 0.058333333333333334
20 0.43375 0.12583333333333335 0.035 0.058333333333333334
20 0.390625 0.17083333333333334 0.04625 0.06166666666666667
20 0.40125 0.21750000000000003 0.04 0.055
20 0.37 0.22166666666666668 0.04 0.060000000000000005
20 0.4025 0.2783333333333334 0.0475 0.04666666666666667
20 0.40625 0.31583333333333335 0.04 0.07166666666666667
20 0.38875 0.445 0.045 0.05666666666666667
20 0.436875 0.4341666666666667 0.04625 0.06833333333333334
20 0.370625 0.5033333333333334 0.051250000000000004 0.060000000000000005
20 0.330625 0.5466666666666667 0.02875 0.07
20 0.31375000000000003 0.13333333333333333 0.045 0.05666666666666667
20 0.299375 0.17083333333333334 0.03875 0.045000000000000005
20 0.30062500000000003 0.21083333333333334 0.05375 0.065
20 0.333125 0.22333333333333336 0.03875 0.06666666666666667
20 0.28750000000000003 0.2575 0.0475 0.03833333333333334
20 0.326875 0.2783333333333334 0.03875 0.05333333333333334
20 0.319375 0.31 0.04125 0.06666666666666667
20 0.3625 0.2775 0.0375 0.058333333333333334
20 0.166875 0.22666666666666668 0.04125 0.05333333333333334
20 0.213125 0.30833333333333335 0.03875 0.05666666666666667
20 0.2325 0.2833333333333333 0.0375 0.05666666666666667
20 0.258125 0.2916666666666667 0.043750000000000004 0.060000000000000005
20 0.168125 0.3416666666666667 0.05625 0.060000000000000005
20 0.2675 0.3666666666666667 0.0425 0.05
20 0.285625 0.3441666666666667 0.04875 0.05166666666666667
20 0.22625 0.36500000000000005 0.04 0.05
20 0.22625 0.4341666666666667 0.045 0.08166666666666667
20 0.19187500000000002 0.4116666666666667 0.04625 0.05333333333333334
20 0.1825 0.44 0.0425 0.060000000000000005
20 0.32 0.43583333333333335 0.04 0.06166666666666667
20 0.28750000000000003 0.4733333333333334 0.0475 0.04666666666666667
20 0.211875 0.49333333333333335 0.051250000000000004 0.06666666666666667
20 0.19 0.5308333333333334 0.05 0.058333333333333334
20 0.26875 0.5283333333333333 0.05 0.07333333333333333
20 0.15 0.5850000000000001 0.05 0.06333333333333334
20 0.234375 0.6083333333333334 0.04125 0.05
20 0.23500000000000001 0.5608333333333334 0.035 0.065
20 0.281875 0.5808333333333334 0.04625 0.04833333333333334
20 0.388125 0.6741666666666667 0.04125 0.065
20 0.375 0.7233333333333334 0.045 0.06333333333333334
20 0.2 0.6625000000000001 0.035 0.04833333333333334
20 0.22625 0.6858333333333334 0.055 0.06166666666666667
20 0.03 0.8208333333333334 0.03 0.04833333333333334
20 0.051875000000000004 0.8600000000000001 0.04125 0.05333333333333334
20 0.1075 0.7908333333333334 0.035 0.04833333333333334
20 0.17500000000000002 0.7991666666666667 0.0475 0.055
20 0.18875 0.8375 0.0475 0.055
20 0.214375 0.8825000000000001 0.03625 0.058333333333333334
20 0.28625 0.8616666666666667 0.045 0.07
20 0.335625 0.885 0.03625 0.060000000000000005
20 0.3925 0.8750000000000001 0.0325 0.05666666666666667
20 0.376875 0.915 0.02875 0.04666666666666667
20 0.36875 0.9791666666666667 0.0525 0.03833333333333334
20 0.425 0.9058333333333334 0.0525 0.06166666666666667
20 0.4675 0.9041666666666667 0.045 0.06166666666666667
20 0.4625 0.8466666666666667 0.0425 0.05666666666666667
20 0.526875 0.9108333333333334 0.051250000000000004 0.055
20 0.525 0.7916666666666667 0.0525 0.04666666666666667
20 0.50875 0.8250000000000001 0.0425 0.03666666666666667
20 0.565625 0.8116666666666668 0.03875 0.05666666666666667
20 0.53 0.9558333333333334 0.0425 0.05166666666666667
20 0.558125 0.9733333333333334 0.03375 0.05
20 0.65 0.8633333333333334 0.0475 0.06666666666666667
20 0.686875 0.9475 0.043750000000000004 0.058333333333333334
20 0.7156250000000001 0.9391666666666667 0.04625 0.045000000000000005
20 0.80375 0.9441666666666667 0.0325 0.05166666666666667
20 0.786875 0.44833333333333336 0.03625 0.05333333333333334
20 0.94875 0.33916666666666667 0.03 0.05166666666666667
20 0.754375 0.33666666666666667 0.04125 0.05666666666666667
20 0.759375 0.37833333333333335 0.04125 0.04666666666666667
19 0.96 0.40166666666666667 0.055 0.07
23 0.68625 0.07083333333333333 0.0475 0.07166666666666667
20 0.6925 0.14083333333333334 0.045 0.06166666666666667
19 0.27 0.43000000000000005 0.0375 0.08666666666666667
19 0.295 0.42500000000000004 0.0425 0.07
20 0.2675 0.7275 0.045 0.058333333333333334
20 0.2625 0.79 0.0475 0.08
20 0.29375 0.7475 0.035 0.06166666666666667
20 0.323125 0.765 0.03375 0.06666666666666667
18 0.59125 0.8633333333333334 0.03 0.04666666666666667
18 0.620625 0.9500000000000001 0.03375 0.04666666666666667
