2 0.255101 0.842908 0.040535 0.059225
2 0.221080 0.705115 0.061289 0.047945
2 0.344863 0.627163 0.061771 0.038356
2 0.343414 0.666364 0.058873 0.045686
2 0.368266 0.742508 0.043915 0.082914
2 0.069308 0.828527 0.044398 0.060917
2 0.128906 0.808219 0.057426 0.055275
2 0.051211 0.673134 0.064183 0.079531
2 0.125770 0.458516 0.036676 0.066555
2 0.159791 0.511817 0.054535 0.036664
2 0.128181 0.390831 0.061771 0.058658
2 0.271992 0.448927 0.055014 0.064300
2 0.285987 0.216544 0.043433 0.064300
2 0.368992 0.314403 0.043430 0.043430
2 0.366578 0.243618 0.046327 0.043998
2 0.404703 0.241642 0.047295 0.058097
2 0.366578 0.151679 0.042468 0.057530
2 0.306015 0.113325 0.053567 0.055278
2 0.069066 0.171984 0.041986 0.056402
2 0.022255 0.270409 0.035229 0.069374
2 0.078477 0.112761 0.046327 0.062044
2 0.204429 0.091610 0.053084 0.060353
2 0.180061 0.033230 0.054532 0.046250
2 0.125529 0.019154 0.037158 0.038308
2 0.060862 0.028438 0.057429 0.044558
2 0.224216 0.055793 0.030884 0.054147
2 0.272717 0.029001 0.043915 0.043430
2 0.309634 0.016615 0.056947 0.033230
2 0.356444 0.019154 0.041503 0.038308
2 0.412425 0.019718 0.051155 0.039436
2 0.463819 0.031539 0.050669 0.047377
2 0.541516 0.320607 0.065148 0.054711
2 0.777015 0.121222 0.043915 0.063172
2 0.705110 0.316661 0.047775 0.037788
2 0.626692 0.292970 0.050190 0.058097
2 0.599185 0.330760 0.040535 0.052455
2 0.635619 0.203007 0.058391 0.046253
2 0.645512 0.236004 0.053084 0.041175
2 0.690392 0.054100 0.051155 0.040611
2 0.644065 0.021668 0.033782 0.040047
2 0.798491 0.031280 0.050190 0.062561
2 0.933374 0.084276 0.058394 0.049069
2 0.940854 0.179318 0.048257 0.047381
2 0.964018 0.230926 0.038606 0.056970
2 0.851092 0.335273 0.035711 0.063736
2 0.924446 0.338094 0.048257 0.044562
2 0.945680 0.298894 0.036676 0.059789
2 0.907555 0.474874 0.051152 0.063172
2 0.730447 0.519151 0.044398 0.061481
2 0.604734 0.593041 0.056464 0.051328
2 0.606664 0.644367 0.042951 0.054714
2 0.650579 0.447235 0.044880 0.043994
2 0.910691 0.401830 0.045845 0.056966
2 0.778946 0.672288 0.052602 0.059789
2 0.786667 0.728974 0.041986 0.053583
2 0.988523 0.686670 0.022954 0.056970
2 0.982491 0.806810 0.035017 0.054711
2 0.863399 0.839525 0.058394 0.037792
2 0.821654 0.868008 0.042468 0.054147
2 0.599908 0.952896 0.058391 0.072761
2 0.442826 0.877315 0.055014 0.055838
2 0.457062 0.917645 0.027507 0.049636
2 0.457546 0.963048 0.055496 0.044562
2 0.537655 0.965022 0.051637 0.053019
2 0.299016 0.860677 0.051155 0.043994
2 0.283091 0.899876 0.055014 0.037788
2 0.128906 0.903261 0.041983 0.056970
2 0.107190 0.959383 0.055500 0.055275
2 0.159791 0.867445 0.042951 0.053019
2 0.235557 0.910029 0.035229 0.049072
2 0.261133 0.755202 0.061289 0.042866
2 0.208774 0.761122 0.053084 0.037792
2 0.515215 0.717974 0.065630 0.075584
2 0.507493 0.627163 0.044398 0.083478
2 0.820355 0.276413 0.044905 0.053663
2 0.292501 0.953012 0.028487 0.062997
1 0.244326 0.947463 0.046082 0.078665
2 0.930076 0.973863 0.048593 0.046220
