24 0.3425 0.09333333333333334 0.0625 0.060000000000000005
21 0.401875 0.17583333333333334 0.06875 0.095
28 0.213125 0.2316666666666667 0.05625 0.08
28 0.256875 0.33166666666666667 0.05625 0.09333333333333334
24 0.291875 0.33916666666666667 0.04625 0.07833333333333334
23 0.170625 0.4216666666666667 0.05375 0.07333333333333333
28 0.20125 0.5425 0.0675 0.07166666666666667
19 0.1525 0.5883333333333334 0.0525 0.08333333333333334
19 0.228125 0.5966666666666667 0.07375 0.08333333333333334
19 0.155625 0.6883333333333334 0.05375 0.10333333333333335
19 0.299375 0.6766666666666667 0.06125 0.10333333333333335
21 0.218125 0.8591666666666667 0.05375 0.065
19 0.309375 0.7766666666666667 0.06125 0.08
24 0.26375 0.8433333333333334 0.06 0.09000000000000001
24 0.311875 0.8600000000000001 0.07125000000000001 0.08333333333333334
21 0.404375 0.8650000000000001 0.08125 0.12000000000000001
24 0.613125 0.7883333333333333 0.07875 0.09666666666666668
24 0.486875 0.7408333333333333 0.06875 0.06833333333333334
28 0.535625 0.5900000000000001 0.07375 0.1
21 0.419375 0.42750000000000005 0.08875 0.11166666666666668
21 0.548125 0.45833333333333337 0.08625000000000001 0.11
21 0.625 0.4566666666666667 0.08 0.12000000000000001
24 0.71125 0.20750000000000002 0.0675 0.095
29 0.888125 0.31833333333333336 0.10125 0.12666666666666668
21 0.888125 0.54 0.07625 0.10333333333333335
18 0.8406250000000001 0.6783333333333333 0.03375 0.04
24 0.77625 0.7358333333333333 0.0575 0.04833333333333334
