20 0.246875 0.25583333333333336 0.03625 0.04166666666666667
11 0.304375 0.31833333333333336 0.03375 0.08333333333333334
11 0.413125 0.26666666666666666 0.06375 0.06333333333333334
11 0.259375 0.35583333333333333 0.05375 0.045000000000000005
11 0.3925 0.4141666666666667 0.0525 0.07166666666666667
11 0.35625 0.43083333333333335 0.0625 0.055
11 0.34625 0.5041666666666667 0.0625 0.055
11 0.225625 0.4758333333333334 0.04625 0.08166666666666667
11 0.1525 0.48250000000000004 0.0475 0.045000000000000005
11 0.0375 0.45583333333333337 0.05 0.055
11 0.226875 0.6116666666666667 0.043750000000000004 0.05333333333333334
18 0.30125 0.7016666666666667 0.035 0.03333333333333333
11 0.19 0.8958333333333334 0.0625 0.04833333333333334
11 0.44625000000000004 0.9283333333333333 0.07 0.04666666666666667
11 0.55375 0.9166666666666667 0.0675 0.04666666666666667
11 0.25 0.9783333333333334 0.0425 0.04
11 0.489375 0.7458333333333333 0.07625 0.06166666666666667
11 0.47875 0.545 0.0675 0.07
11 0.88125 0.5383333333333333 0.0425 0.05
11 0.6375000000000001 0.6233333333333334 0.0575 0.060000000000000005
11 0.615 0.8458333333333334 0.0325 0.06833333333333334
11 0.654375 0.8300000000000001 0.05625 0.07333333333333333
11 0.606875 0.9616666666666668 0.04625 0.07333333333333333
11 0.97375 0.3816666666666667 0.035 0.06333333333333334
