12 0.363791 0.709356 0.034746 0.027639
12 0.537762 0.438900 0.046810 0.032714
12 0.337731 0.185084 0.037641 0.032714
12 0.353175 0.169573 0.021232 0.033281
12 0.447035 0.170418 0.050672 0.041739
12 0.312636 0.085249 0.014479 0.037228
12 0.615145 0.379471 0.030159 0.024442
12 0.362102 0.073967 0.017856 0.051892
12 0.274275 0.066069 0.039094 0.030458
12 0.545484 0.207646 0.024613 0.042866
12 0.806080 0.165342 0.017856 0.053019
12 0.744309 0.099913 0.038123 0.043994
12 0.712457 0.178032 0.039088 0.025384
8 0.510254 0.186493 0.054532 0.120138
12 0.400226 0.503201 0.041983 0.018050
14 0.222152 0.333707 0.048743 0.035533
12 0.146145 0.520968 0.028954 0.055838
12 0.663957 0.396317 0.028954 0.045686
12 0.789911 0.437208 0.043433 0.029331
12 0.450414 0.462026 0.028472 0.034973
