19 0.32 0.19416666666666668 0.04 0.05166666666666667
24 0.41250000000000003 0.1991666666666667 0.025 0.045000000000000005
19 0.42312500000000003 0.24000000000000002 0.051250000000000004 0.04
19 0.48125 0.27166666666666667 0.0375 0.060000000000000005
18 0.340625 0.2733333333333334 0.01875 0.023333333333333334
18 0.26875 0.24250000000000002 0.02 0.025
19 0.445625 0.14416666666666667 0.03125 0.03166666666666667
19 0.47875 0.19166666666666668 0.0425 0.04
19 0.538125 0.15833333333333335 0.02125 0.03666666666666667
19 0.555625 0.2916666666666667 0.051250000000000004 0.03666666666666667
18 0.6425 0.195 0.025 0.03666666666666667
19 0.66 0.23583333333333334 0.0475 0.04833333333333334
19 0.598125 0.27 0.03125 0.05
19 0.65 0.27083333333333337 0.025 0.055
19 0.69125 0.2733333333333334 0.0375 0.03666666666666667
19 0.685625 0.30333333333333334 0.02625 0.05
19 0.6687500000000001 0.31083333333333335 0.03 0.04166666666666667
11 0.638125 0.31333333333333335 0.02875 0.05333333333333334
11 0.734375 0.2891666666666667 0.03375 0.045000000000000005
11 0.734375 0.3225 0.03125 0.065
27 0.685625 0.34833333333333333 0.03375 0.02666666666666667
19 0.654375 0.3566666666666667 0.03375 0.05
19 0.696875 0.3725 0.03625 0.04833333333333334
19 0.6950000000000001 0.43250000000000005 0.0375 0.06166666666666667
19 0.681875 0.47750000000000004 0.03375 0.04833333333333334
20 0.68625 0.51 0.03 0.04666666666666667
19 0.74875 0.5525 0.035 0.045000000000000005
19 0.728125 0.5916666666666667 0.03875 0.05
19 0.74125 0.5833333333333334 0.04 0.043333333333333335
19 0.5725 0.5091666666666667 0.0325 0.05166666666666667
18 0.61125 0.5916666666666667 0.025 0.023333333333333334
19 0.599375 0.6325000000000001 0.03875 0.04833333333333334
18 0.686875 0.6458333333333334 0.02125 0.03166666666666667
19 0.694375 0.75 0.03375 0.043333333333333335
18 0.570625 0.7200000000000001 0.02375 0.023333333333333334
18 0.61375 0.7375 0.025 0.028333333333333335
19 0.62 0.7591666666666668 0.0525 0.045000000000000005
19 0.604375 0.7766666666666667 0.04125 0.05
18 0.593125 0.8116666666666668 0.02375 0.030000000000000002
19 0.569375 0.8141666666666667 0.03625 0.04833333333333334
19 0.5775 0.8741666666666668 0.035 0.04833333333333334
19 0.496875 0.8483333333333334 0.03125 0.04
19 0.479375 0.8575 0.03375 0.04833333333333334
19 0.445625 0.8650000000000001 0.03625 0.043333333333333335
18 0.479375 0.8891666666666668 0.02375 0.028333333333333335
20 0.530625 0.7833333333333334 0.03125 0.043333333333333335
19 0.535 0.7441666666666668 0.0525 0.045000000000000005
19 0.424375 0.7858333333333334 0.03125 0.04166666666666667
18 0.42375 0.8125 0.025 0.025
19 0.426875 0.7158333333333334 0.03125 0.045000000000000005
19 0.49 0.6908333333333334 0.0525 0.035
19 0.481875 0.6375000000000001 0.051250000000000004 0.04166666666666667
18 0.455 0.6341666666666667 0.02 0.03166666666666667
26 0.440625 0.6050000000000001 0.02875 0.023333333333333334
27 0.48375 0.5933333333333334 0.035 0.03666666666666667
18 0.5575 0.6583333333333333 0.0225 0.02
19 0.56125 0.6858333333333334 0.0375 0.058333333333333334
19 0.53 0.7141666666666667 0.0375 0.058333333333333334
20 0.41000000000000003 0.6708333333333334 0.0325 0.035
19 0.414375 0.6458333333333334 0.03875 0.055
19 0.36125 0.68 0.0425 0.04666666666666667
19 0.351875 0.7225 0.03375 0.05166666666666667
18 0.33437500000000003 0.6658333333333334 0.01625 0.028333333333333335
26 0.3075 0.6741666666666667 0.0225 0.025
18 0.28375 0.6483333333333334 0.0175 0.02666666666666667
19 0.306875 0.745 0.03875 0.03666666666666667
19 0.28875 0.7208333333333333 0.025 0.05166666666666667
18 0.243125 0.7358333333333333 0.02125 0.028333333333333335
27 0.33625 0.6341666666666667 0.035 0.03833333333333334
18 0.325 0.5241666666666667 0.02 0.03166666666666667
18 0.345625 0.5383333333333333 0.02625 0.02
19 0.280625 0.48750000000000004 0.03125 0.058333333333333334
18 0.424375 0.4691666666666667 0.01875 0.03166666666666667
19 0.31375000000000003 0.3725 0.035 0.045000000000000005
26 0.36125 0.38083333333333336 0.025 0.028333333333333335
18 0.398125 0.35583333333333333 0.02375 0.03833333333333334
23 0.290625 0.4266666666666667 0.03125 0.043333333333333335
19 0.5025000000000001 0.5366666666666667 0.035 0.06333333333333334
18 0.375 0.6633333333333333 0.0225 0.02
