19 0.36625 0.15333333333333335 0.0325 0.043333333333333335
19 0.358125 0.21166666666666667 0.03125 0.05
19 0.469375 0.17666666666666667 0.02875 0.043333333333333335
19 0.47250000000000003 0.27166666666666667 0.0425 0.05666666666666667
19 0.464375 0.32333333333333336 0.03875 0.04666666666666667
19 0.48812500000000003 0.32833333333333337 0.03125 0.05
19 0.429375 0.3425 0.03375 0.04833333333333334
19 0.389375 0.36500000000000005 0.02375 0.043333333333333335
19 0.325 0.34833333333333333 0.0375 0.05333333333333334
19 0.22062500000000002 0.4391666666666667 0.02625 0.04833333333333334
28 0.29625 0.4391666666666667 0.0325 0.035
28 0.33187500000000003 0.405 0.04125 0.04666666666666667
21 0.51625 0.24416666666666667 0.05 0.06833333333333334
19 0.719375 0.2541666666666667 0.03125 0.058333333333333334
19 0.70375 0.305 0.0425 0.043333333333333335
28 0.566875 0.31333333333333335 0.03875 0.05666666666666667
19 0.640625 0.37333333333333335 0.04125 0.04666666666666667
19 0.625625 0.4808333333333334 0.03375 0.045000000000000005
19 0.709375 0.49833333333333335 0.04125 0.05333333333333334
19 0.7731250000000001 0.5325000000000001 0.043750000000000004 0.04833333333333334
19 0.71875 0.67 0.035 0.05
19 0.62125 0.6433333333333334 0.03 0.043333333333333335
19 0.529375 0.8483333333333334 0.04125 0.04
19 0.49 0.9083333333333334 0.035 0.043333333333333335
19 0.29812500000000003 0.6641666666666667 0.02625 0.05166666666666667
19 0.3575 0.645 0.0275 0.05333333333333334
11 0.3425 0.5916666666666667 0.035 0.04666666666666667
11 0.403125 0.6141666666666667 0.03625 0.04166666666666667
11 0.3875 0.6658333333333334 0.0375 0.035
11 0.351875 0.7133333333333334 0.03375 0.043333333333333335
11 0.34625 0.7541666666666668 0.0425 0.045000000000000005
11 0.460625 0.5758333333333334 0.02875 0.05166666666666667
11 0.49375 0.5775 0.0275 0.055
11 0.50375 0.6225 0.04 0.03833333333333334
11 0.49875 0.7058333333333334 0.035 0.04166666666666667
11 0.46375 0.7725000000000001 0.0325 0.03833333333333334
11 0.499375 0.765 0.03125 0.04666666666666667
11 0.548125 0.7933333333333333 0.02875 0.05666666666666667
11 0.641875 0.795 0.03625 0.030000000000000002
11 0.6275000000000001 0.765 0.035 0.030000000000000002
11 0.589375 0.6925 0.03625 0.04833333333333334
11 0.618125 0.6841666666666667 0.02875 0.04833333333333334
11 0.546875 0.6583333333333333 0.02875 0.04666666666666667
11 0.544375 0.6091666666666667 0.03375 0.035
11 0.579375 0.6058333333333333 0.03375 0.04166666666666667
11 0.5575 0.5825 0.03 0.04833333333333334
11 0.324375 0.47000000000000003 0.03875 0.043333333333333335
11 0.3275 0.42833333333333334 0.0425 0.043333333333333335
11 0.230625 0.465 0.03375 0.043333333333333335
11 0.239375 0.4216666666666667 0.03875 0.05333333333333334
11 0.18625 0.40166666666666667 0.0325 0.043333333333333335
11 0.206875 0.3791666666666667 0.02875 0.04833333333333334
11 0.23 0.37000000000000005 0.035 0.03333333333333333
11 0.2525 0.33666666666666667 0.0325 0.05333333333333334
11 0.3025 0.27416666666666667 0.0375 0.04166666666666667
11 0.333125 0.3191666666666667 0.03125 0.058333333333333334
11 0.345625 0.33666666666666667 0.03125 0.05
11 0.36312500000000003 0.3616666666666667 0.02375 0.05
11 0.3925 0.4083333333333334 0.0375 0.043333333333333335
11 0.39375 0.4425 0.04 0.04166666666666667
11 0.3775 0.32833333333333337 0.0325 0.05666666666666667
11 0.4 0.3041666666666667 0.0275 0.04833333333333334
11 0.4275 0.3075 0.0375 0.03833333333333334
11 0.441875 0.24250000000000002 0.03625 0.03833333333333334
11 0.318125 0.21250000000000002 0.043750000000000004 0.04166666666666667
11 0.385625 0.20916666666666667 0.02875 0.055
11 0.30125 0.17333333333333334 0.0375 0.043333333333333335
11 0.413125 0.36000000000000004 0.02875 0.04
11 0.43 0.39666666666666667 0.0375 0.03333333333333333
11 0.45437500000000003 0.4266666666666667 0.043750000000000004 0.04
11 0.4675 0.4691666666666667 0.045 0.03833333333333334
11 0.500625 0.5133333333333334 0.03625 0.03666666666666667
11 0.475625 0.38 0.02625 0.05
11 0.50125 0.38083333333333336 0.025 0.05166666666666667
11 0.519375 0.3516666666666667 0.02875 0.05666666666666667
11 0.48562500000000003 0.4291666666666667 0.02625 0.04833333333333334
11 0.5 0.4708333333333334 0.025 0.04833333333333334
11 0.52375 0.48500000000000004 0.03 0.05666666666666667
11 0.5231250000000001 0.4116666666666667 0.03625 0.043333333333333335
11 0.53125 0.44333333333333336 0.03 0.043333333333333335
11 0.42 0.17666666666666667 0.03 0.04666666666666667
11 0.42125 0.1525 0.0325 0.03833333333333334
11 0.49062500000000003 0.22166666666666668 0.02875 0.04
11 0.481875 0.1925 0.03375 0.04166666666666667
11 0.50625 0.18083333333333335 0.03 0.045000000000000005
11 0.535 0.18250000000000002 0.025 0.04833333333333334
11 0.528125 0.2225 0.02375 0.045000000000000005
11 0.55 0.21250000000000002 0.025 0.04833333333333334
11 0.5593750000000001 0.24250000000000002 0.03125 0.03833333333333334
11 0.58 0.2391666666666667 0.0275 0.03833333333333334
11 0.575625 0.20333333333333334 0.02375 0.04666666666666667
11 0.6025 0.22333333333333336 0.0275 0.043333333333333335
11 0.615625 0.1925 0.03625 0.04166666666666667
11 0.614375 0.24083333333333334 0.02625 0.04166666666666667
11 0.515625 0.2916666666666667 0.03125 0.043333333333333335
11 0.538125 0.3141666666666667 0.02625 0.045000000000000005
11 0.656875 0.22583333333333336 0.02375 0.04833333333333334
11 0.63375 0.24500000000000002 0.0275 0.043333333333333335
11 0.673125 0.24916666666666668 0.02625 0.045000000000000005
11 0.69875 0.2316666666666667 0.0325 0.04
11 0.6975 0.265 0.03 0.04666666666666667
11 0.738125 0.30583333333333335 0.02875 0.04833333333333334
11 0.595 0.2866666666666667 0.035 0.05
11 0.62 0.27666666666666667 0.035 0.04666666666666667
11 0.645 0.27666666666666667 0.03 0.043333333333333335
11 0.675625 0.29000000000000004 0.03875 0.043333333333333335
11 0.6168750000000001 0.3141666666666667 0.03375 0.035
11 0.7125 0.32583333333333336 0.025 0.045000000000000005
11 0.749375 0.34500000000000003 0.02625 0.043333333333333335
11 0.765625 0.37583333333333335 0.02625 0.04833333333333334
11 0.765625 0.4116666666666667 0.04125 0.04
11 0.7368750000000001 0.38583333333333336 0.02875 0.045000000000000005
11 0.716875 0.3666666666666667 0.03875 0.05
11 0.695625 0.40166666666666667 0.03625 0.05
11 0.6843750000000001 0.3766666666666667 0.03875 0.03666666666666667
11 0.76 0.45583333333333337 0.03 0.05166666666666667
11 0.730625 0.4441666666666667 0.02875 0.055
11 0.755 0.49833333333333335 0.04 0.03333333333333333
11 0.78 0.5583333333333333 0.025 0.043333333333333335
11 0.758125 0.5725 0.02625 0.04833333333333334
11 0.72375 0.5758333333333334 0.025 0.05166666666666667
11 0.708125 0.6050000000000001 0.02375 0.05
11 0.688125 0.6033333333333334 0.03125 0.04666666666666667
11 0.660625 0.5875 0.03125 0.065
11 0.64625 0.6266666666666667 0.0325 0.05666666666666667
11 0.744375 0.6683333333333333 0.03375 0.03666666666666667
11 0.713125 0.7008333333333334 0.03875 0.04166666666666667
11 0.718125 0.7358333333333333 0.03375 0.04166666666666667
11 0.6425 0.5183333333333333 0.0425 0.043333333333333335
11 0.6168750000000001 0.5433333333333333 0.02875 0.043333333333333335
11 0.620625 0.5916666666666667 0.02875 0.060000000000000005
11 0.60375 0.5658333333333334 0.03 0.045000000000000005
11 0.574375 0.55 0.02875 0.05
11 0.550625 0.53 0.03375 0.05333333333333334
11 0.5675 0.51 0.03 0.05333333333333334
11 0.591875 0.5191666666666667 0.03375 0.058333333333333334
11 0.58875 0.4816666666666667 0.0375 0.043333333333333335
11 0.675625 0.45833333333333337 0.02875 0.05666666666666667
11 0.664375 0.4316666666666667 0.02375 0.05
11 0.64625 0.46166666666666667 0.025 0.05
11 0.650625 0.4108333333333334 0.03125 0.045000000000000005
11 0.6325000000000001 0.43250000000000005 0.025 0.04833333333333334
11 0.613125 0.4133333333333334 0.03125 0.043333333333333335
11 0.59375 0.44083333333333335 0.0275 0.04833333333333334
11 0.555625 0.42750000000000005 0.02625 0.04833333333333334
11 0.570625 0.44833333333333336 0.03125 0.04666666666666667
11 0.54625 0.3816666666666667 0.0275 0.05
11 0.566875 0.3816666666666667 0.03125 0.05
11 0.58 0.3591666666666667 0.035 0.04166666666666667
11 0.598125 0.3466666666666667 0.03125 0.05333333333333334
