11 0.42875 0.1675 0.025 0.045000000000000005
11 0.295 0.2775 0.035 0.04166666666666667
11 0.239375 0.2541666666666667 0.02875 0.04166666666666667
11 0.23500000000000001 0.2991666666666667 0.035 0.035
11 0.20625000000000002 0.33083333333333337 0.0275 0.04166666666666667
11 0.19625 0.41583333333333333 0.0275 0.04166666666666667
11 0.355625 0.41000000000000003 0.03875 0.05
11 0.29812500000000003 0.4791666666666667 0.04125 0.03833333333333334
11 0.395 0.5575 0.025 0.058333333333333334
11 0.41375 0.4758333333333334 0.025 0.06166666666666667
11 0.43062500000000004 0.445 0.03875 0.04
11 0.481875 0.445 0.03625 0.05333333333333334
11 0.409375 0.41250000000000003 0.03375 0.04833333333333334
11 0.443125 0.395 0.03625 0.043333333333333335
11 0.471875 0.3866666666666667 0.03875 0.04666666666666667
11 0.51375 0.38083333333333336 0.04 0.045000000000000005
11 0.5437500000000001 0.395 0.0225 0.05666666666666667
11 0.48625 0.36083333333333334 0.025 0.05166666666666667
11 0.505625 0.32583333333333336 0.02375 0.058333333333333334
11 0.471875 0.32333333333333336 0.03125 0.05333333333333334
11 0.440625 0.3491666666666667 0.02875 0.05166666666666667
11 0.39187500000000003 0.35333333333333333 0.02625 0.060000000000000005
28 0.41125 0.3541666666666667 0.035 0.06166666666666667
11 0.579375 0.275 0.03875 0.04
11 0.645 0.26166666666666666 0.04 0.043333333333333335
11 0.63375 0.3116666666666667 0.025 0.06333333333333334
11 0.598125 0.33666666666666667 0.03625 0.06666666666666667
11 0.654375 0.3875 0.02875 0.055
11 0.6925 0.4216666666666667 0.0425 0.030000000000000002
11 0.574375 0.39666666666666667 0.03375 0.05
11 0.58875 0.4425 0.04 0.028333333333333335
11 0.659375 0.51 0.03625 0.05333333333333334
11 0.55625 0.5266666666666667 0.03 0.05333333333333334
11 0.4675 0.6225 0.04 0.03833333333333334
11 0.5650000000000001 0.6233333333333334 0.045 0.04
11 0.614375 0.6383333333333334 0.03125 0.05666666666666667
28 0.72875 0.7041666666666667 0.0375 0.04833333333333334
28 0.5975 0.8108333333333334 0.0425 0.03833333333333334
11 0.618125 0.8666666666666667 0.02875 0.04
11 0.59 0.8758333333333334 0.025 0.035
