11 0.405625 0.16333333333333333 0.05375 0.07333333333333333
11 0.165625 0.28 0.04625 0.06666666666666667
11 0.30875 0.33166666666666667 0.05 0.07
11 0.32625 0.36333333333333334 0.0625 0.06666666666666667
11 0.3675 0.2808333333333333 0.0525 0.058333333333333334
11 0.406875 0.31083333333333335 0.03125 0.085
11 0.38 0.35000000000000003 0.045 0.060000000000000005
11 0.343125 0.4066666666666667 0.05625 0.04666666666666667
11 0.243125 0.3666666666666667 0.05375 0.05666666666666667
11 0.2525 0.4216666666666667 0.0475 0.060000000000000005
11 0.28875 0.4608333333333334 0.0475 0.06833333333333334
11 0.3225 0.48000000000000004 0.04 0.08
11 0.215625 0.44583333333333336 0.06125 0.065
18 0.170625 0.4066666666666667 0.03375 0.03333333333333333
18 0.135625 0.4841666666666667 0.03375 0.04833333333333334
11 0.204375 0.53 0.03875 0.07
11 0.25875 0.5533333333333333 0.05 0.05666666666666667
11 0.283125 0.5233333333333333 0.051250000000000004 0.060000000000000005
11 0.32375 0.5441666666666667 0.06 0.058333333333333334
11 0.370625 0.6291666666666667 0.03625 0.08166666666666667
11 0.33625 0.6133333333333334 0.045 0.07
11 0.216875 0.5933333333333334 0.04125 0.06333333333333334
11 0.27875 0.6625000000000001 0.0425 0.085
11 0.3225 0.6658333333333334 0.045 0.07166666666666667
11 0.370625 0.7100000000000001 0.05625 0.07
11 0.405625 0.7725000000000001 0.05625 0.04833333333333334
11 0.34125 0.7516666666666667 0.05 0.07
11 0.301875 0.7150000000000001 0.06375 0.05333333333333334
11 0.29125 0.7658333333333334 0.0475 0.05166666666666667
11 0.251875 0.8016666666666667 0.04875 0.05
11 0.50625 0.7583333333333334 0.0525 0.07
11 0.513125 0.8125 0.058750000000000004 0.03833333333333334
11 0.448125 0.8275 0.04125 0.065
11 0.418125 0.8233333333333334 0.03125 0.060000000000000005
11 0.373125 0.8883333333333334 0.03375 0.07666666666666667
11 0.419375 0.8791666666666668 0.05625 0.04833333333333334
11 0.48 0.8741666666666668 0.0525 0.06833333333333334
11 0.48625 0.9391666666666667 0.065 0.05166666666666667
11 0.52875 0.9675 0.0525 0.06166666666666667
11 0.574375 0.9700000000000001 0.04875 0.05666666666666667
11 0.638125 0.8341666666666667 0.03625 0.07166666666666667
11 0.720625 0.8400000000000001 0.04875 0.07666666666666667
18 0.651875 0.6725000000000001 0.02875 0.03166666666666667
11 0.636875 0.635 0.06125 0.04666666666666667
11 0.68375 0.5608333333333334 0.0675 0.05166666666666667
11 0.79625 0.61 0.06 0.07666666666666667
11 0.850625 0.6433333333333334 0.03625 0.08
11 0.93375 0.5808333333333334 0.045 0.065
11 0.96125 0.4033333333333334 0.0475 0.05666666666666667
11 0.8875000000000001 0.16833333333333333 0.045 0.07
11 0.739375 0.28500000000000003 0.03875 0.07666666666666667
11 0.675 0.33416666666666667 0.045 0.085
18 0.57375 0.13333333333333333 0.035 0.03333333333333333
11 0.50625 0.29500000000000004 0.0725 0.05666666666666667
11 0.6218750000000001 0.4041666666666667 0.06125 0.058333333333333334
11 0.586875 0.4666666666666667 0.05625 0.06666666666666667
11 0.5675 0.5275000000000001 0.0625 0.058333333333333334
11 0.49062500000000003 0.5125000000000001 0.06125 0.058333333333333334
11 0.451875 0.6416666666666667 0.06375 0.05
11 0.438125 0.5966666666666667 0.04875 0.05666666666666667
18 0.7725 0.8166666666666668 0.03 0.03666666666666667
18 0.48812500000000003 0.3566666666666667 0.01875 0.05666666666666667
18 0.474375 0.07500000000000001 0.02125 0.03666666666666667
11 0.62875 0.020833333333333336 0.0375 0.045000000000000005
