23 0.151875 0.29833333333333334 0.043750000000000004 0.06333333333333334
23 0.11375 0.4683333333333334 0.0425 0.043333333333333335
23 0.14250000000000002 0.6183333333333334 0.0475 0.05333333333333334
23 0.23500000000000001 0.7133333333333334 0.0425 0.07
23 0.20750000000000002 0.7641666666666667 0.0525 0.058333333333333334
23 0.43062500000000004 0.8833333333333334 0.06375 0.08666666666666667
24 0.41625 0.8116666666666668 0.07 0.07666666666666667
20 0.375625 0.9116666666666667 0.043750000000000004 0.05
18 0.325 0.8125 0.045 0.05166666666666667
18 0.255625 0.8325 0.04875 0.04833333333333334
18 0.139375 0.7050000000000001 0.02125 0.060000000000000005
20 0.166875 0.8316666666666667 0.03875 0.06666666666666667
20 0.098125 0.7683333333333334 0.03625 0.06666666666666667
20 0.20500000000000002 0.6933333333333334 0.035 0.08333333333333334
23 0.1625 0.5583333333333333 0.0575 0.08
18 0.065625 0.41000000000000003 0.02625 0.04
23 0.5806250000000001 0.7508333333333334 0.043750000000000004 0.065
