7 0.572810 0.410926 0.048920 0.157668
7 0.156743 0.456553 0.075602 0.173841
7 0.263477 0.475324 0.052873 0.167490
7 0.234570 0.707497 0.058310 0.165180
7 0.435934 0.804236 0.147747 0.094140
7 0.670652 0.826184 0.110193 0.157672
7 0.368483 0.636459 0.064236 0.147854
7 0.602619 0.358810 0.053448 0.171531
7 0.305233 0.562821 0.061273 0.149585
7 0.451251 0.638192 0.134902 0.062372
7 0.477689 0.520949 0.062263 0.140924
4 0.449522 0.742439 0.071158 0.049091
10 0.548845 0.525858 0.085982 0.079123
5 0.546622 0.435473 0.053368 0.097028
3 0.067056 0.765829 0.055836 0.091251
