20 0.163125 0.1925 0.02875 0.06833333333333334
20 0.125 0.4658333333333334 0.0325 0.058333333333333334
20 0.25875 0.5066666666666667 0.0475 0.08
20 0.39875 0.7283333333333334 0.0475 0.05333333333333334
20 0.375 0.7783333333333334 0.045 0.07
20 0.33437500000000003 0.7775000000000001 0.03875 0.06833333333333334
20 0.358125 0.9125000000000001 0.043750000000000004 0.06166666666666667
20 0.55375 0.8683333333333334 0.045 0.043333333333333335
20 0.5225 0.8008333333333334 0.05 0.04833333333333334
20 0.483125 0.7916666666666667 0.03875 0.043333333333333335
20 0.485 0.745 0.0375 0.060000000000000005
20 0.7225 0.5825 0.0675 0.065
