11 0.28500000000000003 0.2041666666666667 0.0225 0.04833333333333334
11 0.21125 0.325 0.0225 0.05333333333333334
11 0.3375 0.3866666666666667 0.0225 0.05333333333333334
11 0.369375 0.3891666666666667 0.02625 0.05166666666666667
11 0.39937500000000004 0.4033333333333334 0.03625 0.04666666666666667
11 0.510625 0.1875 0.02875 0.058333333333333334
11 0.55875 0.195 0.0275 0.05666666666666667
11 0.61375 0.20583333333333334 0.0275 0.04833333333333334
11 0.641875 0.21666666666666667 0.03375 0.05
11 0.67 0.24666666666666667 0.0325 0.03666666666666667
11 0.67125 0.19833333333333333 0.0275 0.03333333333333333
11 0.704375 0.25583333333333336 0.02375 0.04166666666666667
11 0.70125 0.29500000000000004 0.035 0.03666666666666667
11 0.728125 0.26916666666666667 0.02125 0.04166666666666667
11 0.729375 0.3566666666666667 0.04125 0.043333333333333335
11 0.656875 0.3141666666666667 0.03375 0.03833333333333334
11 0.61125 0.3491666666666667 0.0325 0.04833333333333334
11 0.716875 0.5191666666666667 0.02875 0.055
11 0.775625 0.4966666666666667 0.02125 0.05
11 0.5425 0.8925000000000001 0.035 0.035
11 0.48375 0.8891666666666668 0.0325 0.028333333333333335
11 0.48625 0.8558333333333333 0.03 0.03166666666666667
11 0.31875000000000003 0.7333333333333334 0.025 0.05
11 0.249375 0.6275000000000001 0.03625 0.04166666666666667
11 0.26687500000000003 0.5091666666666667 0.03625 0.05166666666666667
11 0.18 0.5425 0.0225 0.05166666666666667
11 0.365 0.4783333333333334 0.035 0.04666666666666667
11 0.380625 0.51 0.02625 0.05
11 0.3975 0.4733333333333334 0.0425 0.04666666666666667
18 0.34625 0.18166666666666667 0.0275 0.03333333333333333
18 0.32875 0.24916666666666668 0.025 0.035
18 0.25875 0.26416666666666666 0.02 0.025
18 0.176875 0.4783333333333334 0.01375 0.030000000000000002
18 0.288125 0.5533333333333333 0.01875 0.02666666666666667
18 0.261875 0.545 0.02375 0.02
18 0.22875 0.5858333333333333 0.0225 0.028333333333333335
18 0.33375 0.5950000000000001 0.02 0.030000000000000002
18 0.40625 0.5958333333333333 0.02 0.03166666666666667
18 0.309375 0.6375000000000001 0.01875 0.028333333333333335
18 0.256875 0.75 0.02125 0.02666666666666667
18 0.35625 0.8541666666666667 0.0225 0.028333333333333335
18 0.49875 0.7391666666666667 0.025 0.03833333333333334
18 0.510625 0.7200000000000001 0.01875 0.030000000000000002
18 0.4825 0.6425000000000001 0.025 0.028333333333333335
18 0.486875 0.8375 0.02125 0.025
18 0.393125 0.8075000000000001 0.02875 0.03166666666666667
18 0.495 0.8108333333333334 0.0225 0.03833333333333334
18 0.589375 0.7350000000000001 0.02375 0.02666666666666667
18 0.596875 0.8183333333333334 0.02375 0.03333333333333333
18 0.64375 0.8083333333333333 0.0225 0.03333333333333333
18 0.64625 0.7583333333333334 0.025 0.030000000000000002
18 0.71875 0.7483333333333334 0.0225 0.030000000000000002
18 0.720625 0.7191666666666667 0.02375 0.03166666666666667
18 0.6843750000000001 0.7091666666666667 0.02625 0.018333333333333333
18 0.64625 0.6966666666666667 0.02 0.030000000000000002
18 0.681875 0.6791666666666667 0.02375 0.025
18 0.75125 0.64 0.0225 0.03666666666666667
18 0.615625 0.645 0.02875 0.023333333333333334
18 0.639375 0.6083333333333334 0.02375 0.03333333333333333
18 0.6118750000000001 0.6041666666666667 0.02375 0.025
18 0.725 0.5675 0.0275 0.028333333333333335
18 0.64375 0.5183333333333333 0.02 0.043333333333333335
18 0.663125 0.49333333333333335 0.02875 0.03666666666666667
18 0.6793750000000001 0.47750000000000004 0.01625 0.035
18 0.75125 0.46 0.0225 0.03333333333333333
18 0.764375 0.41500000000000004 0.01875 0.03333333333333333
18 0.7525000000000001 0.38833333333333336 0.0275 0.03333333333333333
18 0.698125 0.4008333333333334 0.02125 0.028333333333333335
18 0.680625 0.3766666666666667 0.01875 0.03333333333333333
18 0.6675 0.3541666666666667 0.0175 0.035
18 0.65625 0.3458333333333334 0.0225 0.03166666666666667
18 0.605 0.40166666666666667 0.0175 0.030000000000000002
18 0.623125 0.4041666666666667 0.02375 0.04166666666666667
19 0.64125 0.3816666666666667 0.0425 0.060000000000000005
19 0.630625 0.7308333333333333 0.03125 0.045000000000000005
