19 0.45375 0.2775 0.0575 0.07833333333333334
23 0.408125 0.5533333333333333 0.04625 0.060000000000000005
23 0.34500000000000003 0.7100000000000001 0.0575 0.06333333333333334
23 0.39375 0.5841666666666667 0.0525 0.055
27 0.7937500000000001 0.6725000000000001 0.035 0.058333333333333334
11 0.5650000000000001 0.4916666666666667 0.035 0.07
23 0.53125 0.09916666666666667 0.0525 0.06166666666666667
12 0.238125 0.265 0.01625 0.023333333333333334
18 0.19375 0.45 0.03 0.043333333333333335
18 0.318125 0.5908333333333333 0.03125 0.04833333333333334
18 0.43 0.5858333333333333 0.03 0.045000000000000005
23 0.373125 0.8516666666666667 0.04625 0.05
