20 0.49875 0.1366666666666667 0.0375 0.05
7 0.444375 0.24750000000000003 0.09875 0.10166666666666667
7 0.294375 0.3466666666666667 0.13375 0.11
7 0.33375 0.53 0.11750000000000001 0.11666666666666667
7 0.42312500000000003 0.5783333333333334 0.06375 0.15000000000000002
7 0.405625 0.6208333333333333 0.11375 0.095
7 0.215625 0.6075 0.06625 0.14500000000000002
20 0.46375 0.6991666666666667 0.055 0.058333333333333334
20 0.270625 0.78 0.03875 0.04666666666666667
7 0.56125 0.1975 0.0975 0.14833333333333334
7 0.42312500000000003 0.88 0.10375000000000001 0.10333333333333335
7 0.349375 0.9483333333333334 0.06375 0.1
7 0.48625 0.18000000000000002 0.065 0.05
