11 0.20375000000000001 0.35583333333333333 0.0325 0.04166666666666667
11 0.1975 0.48500000000000004 0.03 0.05
11 0.17875 0.4991666666666667 0.0275 0.04166666666666667
11 0.511875 0.4708333333333334 0.02625 0.055
11 0.7212500000000001 0.6341666666666667 0.0375 0.04166666666666667
11 0.583125 0.7166666666666667 0.03375 0.05
11 0.618125 0.7941666666666667 0.03875 0.03166666666666667
11 0.7056250000000001 0.7641666666666667 0.03375 0.03833333333333334
11 0.234375 0.7483333333333334 0.03125 0.04
18 0.600625 0.6766666666666667 0.01625 0.030000000000000002
18 0.629375 0.7350000000000001 0.02375 0.02666666666666667
11 0.3375 0.8691666666666668 0.0325 0.03833333333333334
11 0.386875 0.8925000000000001 0.02875 0.025
18 0.545625 0.905 0.01875 0.023333333333333334
18 0.6743750000000001 0.8191666666666667 0.02625 0.028333333333333335
