11 0.34 0.1575 0.03 0.021666666666666667
11 0.29625 0.18000000000000002 0.0225 0.04
11 0.49312500000000004 0.17250000000000001 0.03125 0.03833333333333334
11 0.501875 0.22333333333333336 0.02625 0.043333333333333335
11 0.30625 0.29000000000000004 0.035 0.04
11 0.36312500000000003 0.31583333333333335 0.03125 0.03166666666666667
11 0.480625 0.3458333333333334 0.02375 0.045000000000000005
11 0.314375 0.35000000000000003 0.03375 0.030000000000000002
11 0.2175 0.32583333333333336 0.02 0.03833333333333334
11 0.48125 0.5208333333333334 0.0375 0.035
11 0.350625 0.5316666666666667 0.03125 0.05333333333333334
11 0.32875 0.5741666666666667 0.03 0.028333333333333335
11 0.368125 0.6041666666666667 0.02875 0.035
11 0.48 0.6475000000000001 0.035 0.03833333333333334
11 0.274375 0.5541666666666667 0.02625 0.04166666666666667
11 0.23 0.5708333333333334 0.025 0.028333333333333335
11 0.19375 0.5175000000000001 0.0275 0.025
11 0.26 0.6516666666666667 0.02 0.043333333333333335
11 0.215625 0.6791666666666667 0.02125 0.04166666666666667
11 0.229375 0.7100000000000001 0.02875 0.030000000000000002
11 0.5337500000000001 0.6091666666666667 0.0375 0.03166666666666667
11 0.46187500000000004 0.7783333333333334 0.01625 0.04
11 0.520625 0.8241666666666667 0.02125 0.045000000000000005
11 0.434375 0.7733333333333334 0.03125 0.03333333333333333
11 0.70125 0.7533333333333334 0.025 0.03333333333333333
11 0.705 0.6783333333333333 0.025 0.04
11 0.6575 0.5850000000000001 0.0225 0.04666666666666667
11 0.583125 0.5783333333333334 0.03625 0.02666666666666667
11 0.581875 0.5175000000000001 0.02875 0.03833333333333334
11 0.678125 0.4666666666666667 0.02125 0.043333333333333335
11 0.764375 0.6316666666666667 0.01875 0.04666666666666667
11 0.73875 0.43583333333333335 0.025 0.035
11 0.77125 0.46 0.0325 0.03666666666666667
11 0.7575000000000001 0.37000000000000005 0.02 0.03666666666666667
11 0.7375 0.3275 0.0375 0.03833333333333334
11 0.660625 0.3075 0.02875 0.04166666666666667
11 0.6118750000000001 0.34833333333333333 0.03125 0.043333333333333335
11 0.5543750000000001 0.38833333333333336 0.02875 0.043333333333333335
11 0.605 0.26916666666666667 0.0225 0.04166666666666667
11 0.6575 0.20583333333333334 0.0325 0.028333333333333335
