18 0.33 0.155 0.0275 0.03333333333333333
11 0.278125 0.2016666666666667 0.03125 0.030000000000000002
11 0.193125 0.42333333333333334 0.03125 0.05333333333333334
18 0.199375 0.35500000000000004 0.01375 0.03333333333333333
18 0.19062500000000002 0.46416666666666667 0.01875 0.028333333333333335
18 0.320625 0.5675 0.02625 0.03166666666666667
18 0.32875 0.5816666666666667 0.0225 0.030000000000000002
18 0.268125 0.5775 0.02875 0.035
18 0.2325 0.6083333333333334 0.025 0.03333333333333333
18 0.17875 0.5266666666666667 0.0275 0.04666666666666667
18 0.34375 0.6408333333333334 0.02 0.03166666666666667
18 0.37875000000000003 0.6991666666666667 0.025 0.035
18 0.309375 0.6708333333333334 0.02625 0.04166666666666667
18 0.28 0.6975 0.025 0.03166666666666667
18 0.20125 0.67 0.0225 0.03666666666666667
19 0.216875 0.6641666666666667 0.02875 0.04166666666666667
23 0.243125 0.6566666666666667 0.03125 0.03666666666666667
19 0.2275 0.7075 0.0275 0.04833333333333334
19 0.33125 0.7758333333333334 0.04 0.035
24 0.37875000000000003 0.7958333333333334 0.04 0.065
18 0.301875 0.7166666666666667 0.01875 0.030000000000000002
18 0.32375 0.7100000000000001 0.0225 0.030000000000000002
18 0.35125 0.7308333333333333 0.02 0.03166666666666667
18 0.37875000000000003 0.745 0.025 0.02666666666666667
18 0.3675 0.7241666666666667 0.025 0.03166666666666667
18 0.319375 0.7341666666666667 0.02375 0.028333333333333335
18 0.343125 0.8558333333333333 0.02375 0.025
18 0.43875000000000003 0.7333333333333334 0.025 0.03333333333333333
18 0.474375 0.7291666666666667 0.02375 0.028333333333333335
18 0.536875 0.7391666666666667 0.02375 0.03166666666666667
18 0.56625 0.7375 0.0225 0.035
18 0.544375 0.67 0.02625 0.02666666666666667
18 0.50875 0.635 0.02 0.05
18 0.458125 0.7825000000000001 0.02875 0.03166666666666667
18 0.558125 0.8283333333333334 0.02625 0.030000000000000002
18 0.519375 0.8566666666666667 0.02125 0.03333333333333333
18 0.460625 0.8958333333333334 0.02625 0.03166666666666667
18 0.395 0.8566666666666667 0.02 0.030000000000000002
18 0.379375 0.8508333333333334 0.02375 0.025
19 0.358125 0.8633333333333334 0.03125 0.04666666666666667
19 0.5493750000000001 0.8558333333333333 0.02625 0.025
19 0.5750000000000001 0.8708333333333333 0.025 0.025
23 0.595 0.8658333333333333 0.0325 0.058333333333333334
18 0.595 0.8008333333333334 0.025 0.028333333333333335
18 0.63875 0.6841666666666667 0.025 0.03166666666666667
18 0.659375 0.7050000000000001 0.01875 0.030000000000000002
18 0.72 0.6175 0.02 0.028333333333333335
18 0.73625 0.29250000000000004 0.025 0.035
18 0.689375 0.29500000000000004 0.02375 0.030000000000000002
18 0.5856250000000001 0.31833333333333336 0.02625 0.03333333333333333
18 0.5575 0.3125 0.025 0.035
11 0.714375 0.28750000000000003 0.03125 0.03833333333333334
