21 0.40625 0.085 0.07 0.09000000000000001
11 0.46875 0.025833333333333337 0.0525 0.055
18 0.545 0.04583333333333334 0.0325 0.058333333333333334
18 0.245 0.12083333333333333 0.02 0.04166666666666667
18 0.160625 0.1375 0.03125 0.055
18 0.1625 0.3566666666666667 0.0175 0.04666666666666667
18 0.14125000000000001 0.445 0.03 0.04666666666666667
24 0.1275 0.35083333333333333 0.06 0.09166666666666667
23 0.125 0.49833333333333335 0.04 0.07333333333333333
18 0.183125 0.525 0.04125 0.05
18 0.11125 0.5458333333333334 0.0275 0.035
18 0.3375 0.535 0.0275 0.05
18 0.325 0.5650000000000001 0.025 0.05
18 0.308125 0.6741666666666667 0.04625 0.05166666666666667
18 0.209375 0.66 0.03625 0.04666666666666667
18 0.256875 0.6966666666666667 0.02875 0.05
18 0.13125 0.6266666666666667 0.035 0.060000000000000005
18 0.11375 0.6766666666666667 0.0325 0.04
11 0.08125 0.6566666666666667 0.035 0.05666666666666667
18 0.3775 0.6675000000000001 0.025 0.04833333333333334
18 0.366875 0.6225 0.03375 0.045000000000000005
18 0.49312500000000004 0.7016666666666667 0.04875 0.04
18 0.2975 0.8583333333333334 0.0325 0.04666666666666667
18 0.263125 0.8558333333333333 0.03875 0.04833333333333334
18 0.216875 0.805 0.03375 0.04666666666666667
18 0.34500000000000003 0.9658333333333334 0.035 0.04166666666666667
18 0.605625 0.9158333333333334 0.03625 0.03833333333333334
18 0.72375 0.925 0.0275 0.04666666666666667
18 0.5925 0.8358333333333334 0.04 0.04833333333333334
18 0.494375 0.8200000000000001 0.03625 0.03333333333333333
18 0.575625 0.7200000000000001 0.03625 0.04666666666666667
18 0.76125 0.745 0.0325 0.04666666666666667
18 0.72 0.15166666666666667 0.035 0.05333333333333334
18 0.6743750000000001 0.21166666666666667 0.03125 0.05333333333333334
18 0.4275 0.14583333333333334 0.04 0.03166666666666667
18 0.8025 0.26666666666666666 0.04 0.05
18 0.785 0.34833333333333333 0.0275 0.05
18 0.73 0.3825 0.0325 0.03166666666666667
21 0.841875 0.615 0.07625 0.08333333333333334
21 0.753125 0.6925 0.06625 0.06166666666666667
21 0.640625 0.7283333333333334 0.07375 0.09666666666666668
21 0.615625 0.63 0.08375 0.12000000000000001
21 0.80375 0.43750000000000006 0.0775 0.09166666666666667
21 0.8456250000000001 0.3666666666666667 0.06125 0.09333333333333334
21 0.68375 0.395 0.07 0.07333333333333333
21 0.651875 0.4525 0.07125000000000001 0.06833333333333334
21 0.71375 0.45583333333333337 0.0825 0.06833333333333334
19 0.760625 0.3141666666666667 0.04875 0.08833333333333333
20 0.7262500000000001 0.33916666666666667 0.0575 0.058333333333333334
24 0.71875 0.5341666666666667 0.0625 0.09833333333333334
24 0.77625 0.545 0.0525 0.09000000000000001
24 0.77625 0.6466666666666667 0.06 0.07333333333333333
28 0.696875 0.7300000000000001 0.04875 0.08666666666666667
24 0.700625 0.8225 0.04625 0.095
24 0.571875 0.7716666666666667 0.06375 0.08666666666666667
20 0.568125 0.9108333333333334 0.043750000000000004 0.045000000000000005
20 0.5437500000000001 0.8683333333333334 0.035 0.05666666666666667
19 0.51375 0.8641666666666667 0.055 0.10500000000000001
19 0.47250000000000003 0.8758333333333334 0.0425 0.065
21 0.453125 0.7941666666666667 0.06125 0.065
21 0.450625 0.7375 0.07875 0.07500000000000001
21 0.385625 0.7808333333333334 0.06875 0.10833333333333334
21 0.355625 0.8633333333333334 0.07125000000000001 0.09333333333333334
24 0.48562500000000003 0.9608333333333334 0.07375 0.06833333333333334
24 0.326875 0.7691666666666667 0.06375 0.08166666666666667
24 0.249375 0.7958333333333334 0.058750000000000004 0.07500000000000001
21 0.165625 0.8366666666666667 0.06875 0.10333333333333335
21 0.2125 0.7250000000000001 0.0625 0.07333333333333333
28 0.149375 0.6950000000000001 0.04625 0.09000000000000001
28 0.26375 0.6433333333333334 0.0575 0.09000000000000001
21 0.400625 0.4666666666666667 0.05375 0.11333333333333334
19 0.448125 0.5266666666666667 0.06375 0.09333333333333334
24 0.5375 0.4566666666666667 0.0525 0.09666666666666668
18 0.610625 0.3816666666666667 0.043750000000000004 0.04
11 0.7375 0.41500000000000004 0.04 0.043333333333333335
24 0.714375 0.6483333333333334 0.04125 0.09000000000000001
21 0.618125 0.1125 0.07875 0.115
