19 0.355 0.22833333333333336 0.0375 0.05
19 0.421875 0.20583333333333334 0.03125 0.045000000000000005
19 0.47250000000000003 0.19833333333333333 0.04 0.04666666666666667
19 0.309375 0.27 0.03625 0.04666666666666667
12 0.51375 0.22166666666666668 0.0125 0.01
19 0.5575 0.33166666666666667 0.04 0.043333333333333335
19 0.624375 0.2066666666666667 0.03875 0.04666666666666667
19 0.606875 0.21250000000000002 0.043750000000000004 0.045000000000000005
19 0.65625 0.25083333333333335 0.06 0.04166666666666667
19 0.694375 0.255 0.03625 0.04666666666666667
19 0.628125 0.2808333333333333 0.03875 0.06833333333333334
21 0.601875 0.26333333333333336 0.05375 0.06333333333333334
19 0.681875 0.3241666666666667 0.043750000000000004 0.045000000000000005
19 0.72875 0.38833333333333336 0.04 0.043333333333333335
19 0.505625 0.36583333333333334 0.03625 0.08166666666666667
19 0.75875 0.42500000000000004 0.0375 0.04
19 0.70875 0.45083333333333336 0.04 0.05166666666666667
19 0.745 0.4441666666666667 0.0425 0.045000000000000005
19 0.74625 0.4783333333333334 0.025 0.05666666666666667
19 0.6843750000000001 0.5116666666666667 0.03375 0.05333333333333334
19 0.6625 0.49083333333333334 0.04 0.06833333333333334
19 0.6 0.5008333333333334 0.05 0.05166666666666667
19 0.735625 0.5433333333333333 0.03125 0.043333333333333335
18 0.7475 0.5191666666666667 0.0275 0.028333333333333335
19 0.6900000000000001 0.6341666666666667 0.0325 0.07166666666666667
19 0.693125 0.6900000000000001 0.04625 0.043333333333333335
19 0.64 0.67 0.0475 0.05666666666666667
19 0.605625 0.6633333333333333 0.02875 0.05
21 0.6062500000000001 0.7091666666666667 0.0475 0.065
19 0.6475 0.755 0.035 0.07333333333333333
19 0.619375 0.7616666666666667 0.03625 0.060000000000000005
19 0.654375 0.8258333333333334 0.03875 0.05166666666666667
19 0.583125 0.8775000000000001 0.02875 0.045000000000000005
19 0.526875 0.7866666666666667 0.03625 0.03666666666666667
19 0.49375 0.8425 0.045 0.04833333333333334
19 0.436875 0.8400000000000001 0.04125 0.05333333333333334
19 0.40875 0.7816666666666667 0.0425 0.04666666666666667
19 0.364375 0.8275 0.04125 0.06166666666666667
19 0.35375 0.8808333333333334 0.0275 0.055
19 0.30062500000000003 0.8083333333333333 0.03125 0.03666666666666667
19 0.473125 0.7883333333333333 0.04125 0.043333333333333335
18 0.515625 0.755 0.02625 0.03666666666666667
20 0.50875 0.6825 0.04 0.035
24 0.471875 0.7383333333333334 0.06375 0.05333333333333334
19 0.371875 0.6166666666666667 0.03125 0.05
18 0.3225 0.5883333333333334 0.02 0.03333333333333333
19 0.50375 0.5833333333333334 0.035 0.08
19 0.5775 0.6133333333333334 0.055 0.04666666666666667
18 0.570625 0.675 0.02625 0.03666666666666667
19 0.573125 0.7266666666666667 0.03125 0.05333333333333334
19 0.61375 0.5633333333333334 0.04 0.05
19 0.5725 0.5566666666666668 0.05 0.04666666666666667
19 0.55125 0.15583333333333335 0.045 0.028333333333333335
19 0.445 0.34833333333333333 0.0475 0.05333333333333334
