11 0.249375 0.2525 0.02625 0.045000000000000005
11 0.47125 0.30083333333333334 0.0375 0.058333333333333334
11 0.463125 0.2316666666666667 0.04125 0.04
11 0.483125 0.5733333333333334 0.03375 0.043333333333333335
18 0.541875 0.5508333333333334 0.01875 0.035
11 0.35375 0.6725000000000001 0.0325 0.04833333333333334
11 0.34125 0.8533333333333334 0.0375 0.043333333333333335
18 0.465 0.8725 0.015 0.028333333333333335
18 0.41875 0.8441666666666667 0.0225 0.035
11 0.6531250000000001 0.4066666666666667 0.04625 0.03333333333333333
