7 0.079558 0.545602 0.065229 0.180211
16 0.154213 0.589325 0.085387 0.078840
16 0.373234 0.920164 0.072580 0.119760
16 0.453925 0.875253 0.095636 0.089822
16 0.628117 0.579844 0.083679 0.107785
16 0.519247 0.552899 0.065752 0.107785
16 0.468441 0.617270 0.064893 0.086828
16 0.359998 0.714574 0.083682 0.095806
16 0.199469 0.224056 0.109297 0.100800
16 0.301936 0.141719 0.097342 0.081837
16 0.601421 0.317363 0.083016 0.093561
16 0.603151 0.188860 0.078571 0.051404
16 0.449967 0.238818 0.058802 0.088941
16 0.450462 0.167201 0.059791 0.107425
11 0.300489 0.317710 0.060286 0.115507
11 0.446212 0.415085 0.080050 0.120131
11 0.655233 0.241821 0.052378 0.115507
4 0.358996 0.628489 0.090430 0.068727
4 0.542076 0.785582 0.094877 0.069884
11 0.643126 0.741399 0.076592 0.112044
11 0.590254 0.912643 0.086477 0.118396
11 0.272768 0.650724 0.074121 0.133991
11 0.383417 0.298409 0.082471 0.072772
11 0.520087 0.199947 0.078568 0.069884
11 0.485496 0.042363 0.099322 0.084725
5 0.365173 0.553985 0.122546 0.077967
5 0.256955 0.378121 0.050405 0.115507
8 0.423483 0.335384 0.093887 0.036966
12 0.447694 0.540991 0.056334 0.061219
3 0.863761 0.314302 0.066215 0.149585
14 0.373573 0.220162 0.038543 0.051404
14 0.571229 0.129774 0.039533 0.054289
14 0.521074 0.141326 0.045957 0.032343
16 0.375302 0.443385 0.072639 0.114358
16 0.270545 0.528863 0.073626 0.102805
