11 0.64 0.1691666666666667 0.0525 0.09166666666666667
11 0.31375000000000003 0.28583333333333333 0.0625 0.06166666666666667
11 0.37375 0.2941666666666667 0.0625 0.06166666666666667
11 0.3125 0.38333333333333336 0.055 0.07666666666666667
11 0.39687500000000003 0.35500000000000004 0.05625 0.06666666666666667
11 0.450625 0.385 0.04875 0.09000000000000001
11 0.6275000000000001 0.3791666666666667 0.07 0.06833333333333334
11 0.401875 0.49083333333333334 0.06125 0.06166666666666667
11 0.25375000000000003 0.6983333333333334 0.0475 0.08
11 0.288125 0.7541666666666668 0.06625 0.055
11 0.304375 0.6808333333333334 0.06375 0.045000000000000005
11 0.418125 0.8325 0.06375 0.07500000000000001
11 0.591875 0.8225 0.06375 0.07166666666666667
11 0.39125 0.7208333333333333 0.0675 0.06833333333333334
11 0.44125000000000003 0.6608333333333334 0.05 0.085
11 0.464375 0.5908333333333333 0.07375 0.058333333333333334
11 0.4 0.6591666666666667 0.05 0.07833333333333334
11 0.3575 0.645 0.05 0.07666666666666667
11 0.358125 0.5750000000000001 0.05625 0.07666666666666667
11 0.40375 0.6033333333333334 0.0575 0.06666666666666667
11 0.74375 0.5583333333333333 0.0475 0.09000000000000001
11 0.88625 0.5466666666666667 0.0475 0.08333333333333334
11 0.9712500000000001 0.41750000000000004 0.055 0.06166666666666667
11 0.806875 0.6458333333333334 0.04625 0.085
11 0.77375 0.6950000000000001 0.0475 0.08333333333333334
