18 0.293125 0.10500000000000001 0.02875 0.05
18 0.301875 0.25583333333333336 0.04625 0.045000000000000005
18 0.17875 0.3416666666666667 0.04 0.043333333333333335
26 0.5387500000000001 0.08583333333333334 0.035 0.03833333333333334
26 0.561875 0.12166666666666667 0.02125 0.043333333333333335
26 0.416875 0.0775 0.02875 0.035
20 0.373125 0.21000000000000002 0.03875 0.05
26 0.385 0.43583333333333335 0.0375 0.04166666666666667
26 0.35875 0.48250000000000004 0.04 0.045000000000000005
26 0.39375 0.4708333333333334 0.03 0.058333333333333334
25 0.33375 0.5525 0.09 0.06166666666666667
26 0.28625 0.6000000000000001 0.0425 0.03333333333333333
26 0.784375 0.5366666666666667 0.03375 0.043333333333333335
