24 0.33625 0.5475 0.035 0.085
24 0.47750000000000004 0.6408333333333334 0.0675 0.04833333333333334
24 0.605625 0.6558333333333334 0.04125 0.06166666666666667
24 0.638125 0.6208333333333333 0.04625 0.06166666666666667
24 0.601875 0.7125 0.05625 0.055
18 0.275625 0.3075 0.02875 0.04166666666666667
18 0.385 0.3458333333333334 0.0225 0.04833333333333334
18 0.3125 0.4608333333333334 0.0375 0.04833333333333334
18 0.204375 0.6991666666666667 0.02625 0.04166666666666667
18 0.32937500000000003 0.6825 0.03125 0.04166666666666667
18 0.33375 0.7883333333333333 0.035 0.030000000000000002
18 0.521875 0.8933333333333334 0.03375 0.043333333333333335
18 0.54625 0.8475 0.025 0.04166666666666667
18 0.685 0.4091666666666667 0.0375 0.03166666666666667
26 0.28500000000000003 0.195 0.025 0.043333333333333335
26 0.413125 0.20333333333333334 0.03625 0.03333333333333333
26 0.508125 0.21666666666666667 0.03375 0.03333333333333333
26 0.669375 0.225 0.03875 0.043333333333333335
26 0.508125 0.25 0.03125 0.05
26 0.51625 0.39333333333333337 0.035 0.030000000000000002
26 0.36875 0.42583333333333334 0.03 0.04833333333333334
26 0.689375 0.45083333333333336 0.02625 0.05166666666666667
26 0.355625 0.4991666666666667 0.02875 0.03833333333333334
26 0.49375 0.7275 0.0175 0.04166666666666667
18 0.3275 0.7525000000000001 0.035 0.035
18 0.52375 0.7541666666666668 0.0325 0.045000000000000005
18 0.475625 0.6808333333333334 0.04125 0.03833333333333334
19 0.574375 0.6000000000000001 0.058750000000000004 0.060000000000000005
19 0.59 0.6391666666666667 0.0475 0.055
19 0.535 0.09083333333333334 0.045 0.055
