11 0.279375 0.37333333333333335 0.06125 0.06666666666666667
11 0.33375 0.3816666666666667 0.0475 0.08333333333333334
11 0.39125 0.4008333333333334 0.0675 0.065
11 0.419375 0.36250000000000004 0.06125 0.06166666666666667
11 0.480625 0.34 0.06625 0.060000000000000005
11 0.589375 0.2775 0.06875 0.065
11 0.661875 0.2866666666666667 0.051250000000000004 0.08666666666666667
11 0.635625 0.335 0.051250000000000004 0.07666666666666667
11 0.655 0.4033333333333334 0.0525 0.07
11 0.6793750000000001 0.4666666666666667 0.05625 0.08
11 0.6325000000000001 0.4758333333333334 0.0425 0.07500000000000001
11 0.336875 0.49833333333333335 0.07625 0.07333333333333333
11 0.485 0.5116666666666667 0.06 0.07666666666666667
11 0.53 0.5975 0.0675 0.07166666666666667
11 0.695625 0.8241666666666667 0.04625 0.085
11 0.291875 0.5575 0.06375 0.058333333333333334
11 0.365 0.5908333333333333 0.06 0.065
11 0.43375 0.6016666666666667 0.06 0.07
11 0.29625 0.6216666666666667 0.0525 0.08333333333333334
11 0.35625 0.7116666666666667 0.045 0.08666666666666667
11 0.39687500000000003 0.7366666666666667 0.04625 0.08666666666666667
11 0.444375 0.8166666666666668 0.04875 0.08
11 0.498125 0.8625 0.06625 0.065
11 0.2775 0.8525 0.0575 0.07833333333333334
11 0.35375 0.8425 0.0625 0.07166666666666667
11 0.333125 0.8816666666666667 0.05625 0.06666666666666667
11 0.351875 0.9441666666666667 0.05625 0.07500000000000001
