7 0.3275 0.23333333333333334 0.07 0.15000000000000002
7 0.37125 0.28833333333333333 0.07 0.15333333333333335
7 0.38375000000000004 0.535 0.0625 0.17666666666666667
7 0.35000000000000003 0.6258333333333334 0.1325 0.13166666666666668
7 0.5725 0.5491666666666667 0.0825 0.15166666666666667
7 0.50625 0.5008333333333334 0.1125 0.09833333333333334
7 0.468125 0.4608333333333334 0.07375 0.12833333333333335
7 0.47500000000000003 0.35333333333333333 0.095 0.08333333333333334
7 0.63125 0.32333333333333336 0.07 0.1366666666666667
7 0.401875 0.33916666666666667 0.07625 0.1716666666666667
7 0.465 0.17 0.12 0.09666666666666668
