10 0.301398 0.317159 0.085300 0.072095
10 0.606382 0.598116 0.117488 0.089059
10 0.524704 0.542456 0.082884 0.145249
10 0.440612 0.634163 0.119096 0.095420
10 0.401986 0.417880 0.090128 0.103903
10 0.313871 0.412047 0.086102 0.107083
10 0.375431 0.313448 0.046674 0.081636
10 0.549651 0.232341 0.079666 0.093299
10 0.741573 0.411519 0.098174 0.086938
10 0.751229 0.318748 0.101394 0.077397
10 0.440612 0.861051 0.140020 0.108142
10 0.639778 0.879075 0.087712 0.137829
10 0.549650 0.922544 0.082884 0.086938
10 0.628914 0.762452 0.109440 0.080577
10 0.457511 0.727995 0.111050 0.071036
10 0.303007 0.715801 0.083690 0.135708
10 0.188739 0.667561 0.098174 0.071033
10 0.245873 0.879605 0.051502 0.126166
10 0.318297 0.875364 0.045062 0.141009
2 0.112211 0.581047 0.061962 0.059370
2 0.073586 0.730539 0.050696 0.050891
2 0.212398 0.749092 0.045064 0.049831
2 0.277579 0.083804 0.048282 0.055133
2 0.848518 0.258209 0.041040 0.039228
2 0.796399 0.275754 0.033530 0.051539
10 0.352899 0.193643 0.093346 0.130406
10 0.453488 0.126319 0.122316 0.078456
10 0.167817 0.060585 0.074034 0.116622
10 0.213685 0.172968 0.057938 0.122986
10 0.137640 0.266267 0.087712 0.165394
10 0.226963 0.309207 0.071618 0.100722
10 0.278062 0.179329 0.062768 0.135708
10 0.361349 0.046273 0.078058 0.092240
10 0.441015 0.042485 0.070010 0.084970
10 0.542810 0.050967 0.114268 0.101934
10 0.648227 0.142221 0.088518 0.101781
10 0.752839 0.183570 0.074034 0.135710
10 0.822446 0.182511 0.045868 0.120864
10 0.873545 0.339953 0.099782 0.126166
10 0.807559 0.502166 0.117486 0.096480
10 0.958441 0.531854 0.061962 0.157974
10 0.897284 0.519130 0.073228 0.187657
10 0.760886 0.763511 0.127144 0.101779
10 0.729503 0.648478 0.107830 0.141009
10 0.811582 0.639466 0.082080 0.146311
10 0.594714 0.685055 0.132776 0.091181
10 0.687657 0.492095 0.070814 0.103900
10 0.382674 0.532383 0.074032 0.099660
10 0.202821 0.558358 0.119902 0.121924
10 0.251908 0.471420 0.053916 0.121924
10 0.318297 0.520721 0.038626 0.112382
10 0.343243 0.619321 0.061158 0.074216
5 0.521486 0.341013 0.210028 0.177057
9 0.703752 0.136921 0.027360 0.061494
