23 0.25125000000000003 0.13333333333333333 0.0525 0.07666666666666667
23 0.203125 0.4 0.05625 0.08666666666666667
23 0.07375 0.4625 0.045 0.06833333333333334
23 0.14125000000000001 0.6883333333333334 0.0525 0.07666666666666667
20 0.07062500000000001 0.6408333333333334 0.04625 0.06166666666666667
18 0.19625 0.7016666666666667 0.0375 0.04666666666666667
18 0.28750000000000003 0.6108333333333333 0.045 0.055
23 0.35000000000000003 0.785 0.045 0.07333333333333333
23 0.4325 0.9033333333333334 0.05 0.07333333333333333
23 0.445625 0.76 0.06625 0.06333333333333334
20 0.683125 0.7191666666666667 0.04875 0.065
23 0.49062500000000003 0.5616666666666666 0.04875 0.07
