20 0.22375 0.3716666666666667 0.0275 0.030000000000000002
20 0.21875 0.45583333333333337 0.025 0.035
20 0.18875 0.5208333333333334 0.0325 0.035
20 0.343125 0.7125 0.02875 0.04833333333333334
20 0.36312500000000003 0.7575000000000001 0.03375 0.05166666666666667
20 0.3275 0.6366666666666667 0.0225 0.05
20 0.32625 0.8291666666666667 0.0275 0.04166666666666667
20 0.371875 0.8491666666666667 0.02625 0.035
20 0.39437500000000003 0.7308333333333333 0.03375 0.045000000000000005
20 0.4225 0.7308333333333333 0.0225 0.03833333333333334
20 0.40750000000000003 0.7233333333333334 0.025 0.05
20 0.460625 0.765 0.02625 0.043333333333333335
23 0.49312500000000004 0.7816666666666667 0.03375 0.06666666666666667
20 0.48 0.8116666666666668 0.025 0.05333333333333334
20 0.44625000000000004 0.8125 0.0275 0.03166666666666667
20 0.4275 0.8200000000000001 0.035 0.04
20 0.43125 0.8691666666666668 0.03 0.03166666666666667
20 0.5525 0.8183333333333334 0.0325 0.043333333333333335
20 0.595625 0.8241666666666667 0.051250000000000004 0.03833333333333334
20 0.56 0.79 0.025 0.04
18 0.52125 0.7975000000000001 0.0275 0.03166666666666667
20 0.671875 0.7908333333333334 0.03125 0.04166666666666667
20 0.6325000000000001 0.7733333333333334 0.0275 0.03666666666666667
20 0.528125 0.7100000000000001 0.02625 0.05
20 0.625 0.6766666666666667 0.0275 0.06333333333333334
20 0.686875 0.6583333333333333 0.03375 0.03333333333333333
20 0.605625 0.6558333333333334 0.03875 0.035
24 0.685 0.6741666666666667 0.04 0.05166666666666667
23 0.605625 0.7016666666666667 0.04125 0.04666666666666667
20 0.513125 0.68 0.04875 0.043333333333333335
20 0.605 0.6141666666666667 0.0325 0.03166666666666667
20 0.651875 0.5758333333333334 0.02875 0.04166666666666667
18 0.620625 0.5750000000000001 0.02375 0.04666666666666667
20 0.755625 0.5683333333333334 0.02625 0.04
20 0.71375 0.5275000000000001 0.0225 0.035
20 0.761875 0.43833333333333335 0.03375 0.04
20 0.728125 0.43583333333333335 0.02625 0.035
20 0.688125 0.45 0.03125 0.04
20 0.634375 0.42333333333333334 0.02875 0.043333333333333335
20 0.6 0.4691666666666667 0.0325 0.03166666666666667
20 0.6743750000000001 0.3175 0.02625 0.055
20 0.623125 0.34833333333333333 0.03125 0.04
18 0.681875 0.3325 0.02625 0.035
20 0.573125 0.23083333333333333 0.03125 0.04166666666666667
27 0.4275 0.4425 0.03 0.058333333333333334
20 0.4475 0.6491666666666667 0.025 0.04166666666666667
23 0.47750000000000004 0.6658333333333334 0.0325 0.04833333333333334
