11 0.38 0.13416666666666668 0.025 0.035
11 0.3925 0.1675 0.0275 0.045000000000000005
11 0.366875 0.15416666666666667 0.03375 0.035
11 0.3425 0.17250000000000001 0.0175 0.04166666666666667
11 0.321875 0.1675 0.02375 0.045000000000000005
11 0.36375 0.20333333333333334 0.0275 0.04666666666666667
11 0.26875 0.28250000000000003 0.0325 0.03833333333333334
11 0.29125 0.22083333333333335 0.035 0.04166666666666667
11 0.315 0.4366666666666667 0.0425 0.03666666666666667
11 0.17625 0.4733333333333334 0.02 0.05
11 0.49062500000000003 0.2041666666666667 0.03375 0.04833333333333334
11 0.71625 0.30583333333333335 0.025 0.06166666666666667
11 0.761875 0.3875 0.03125 0.03833333333333334
11 0.615625 0.48333333333333334 0.03625 0.043333333333333335
11 0.604375 0.5383333333333333 0.03375 0.05333333333333334
11 0.494375 0.4841666666666667 0.03125 0.045000000000000005
11 0.42 0.5666666666666667 0.0375 0.04666666666666667
11 0.645625 0.6108333333333333 0.02125 0.055
11 0.765625 0.5525 0.02125 0.055
11 0.584375 0.8750000000000001 0.03625 0.04
11 0.405625 0.8666666666666667 0.03875 0.03333333333333333
11 0.293125 0.8058333333333334 0.02625 0.028333333333333335
18 0.275 0.5108333333333334 0.0225 0.025
18 0.319375 0.54 0.02375 0.030000000000000002
18 0.29625 0.5833333333333334 0.025 0.03666666666666667
18 0.260625 0.6108333333333333 0.02375 0.04166666666666667
18 0.1975 0.5733333333333334 0.0175 0.03666666666666667
18 0.215 0.645 0.0175 0.03666666666666667
18 0.290625 0.6683333333333333 0.01875 0.04666666666666667
18 0.32 0.6658333333333334 0.0225 0.028333333333333335
18 0.273125 0.6775 0.01875 0.03166666666666667
18 0.34875 0.7058333333333334 0.0225 0.04166666666666667
18 0.325625 0.7166666666666667 0.01125 0.023333333333333334
18 0.340625 0.7308333333333333 0.02125 0.03166666666666667
18 0.445625 0.6658333333333334 0.02625 0.028333333333333335
18 0.505625 0.7283333333333334 0.02375 0.04
18 0.3775 0.7541666666666668 0.025 0.03833333333333334
18 0.353125 0.7741666666666667 0.02625 0.035
18 0.409375 0.7683333333333334 0.02375 0.03333333333333333
18 0.408125 0.745 0.02125 0.03333333333333333
18 0.429375 0.8083333333333333 0.02125 0.02666666666666667
18 0.476875 0.8075000000000001 0.02375 0.025
18 0.36062500000000003 0.8166666666666668 0.02375 0.02666666666666667
18 0.344375 0.8583333333333334 0.02625 0.03333333333333333
18 0.57625 0.6908333333333334 0.0175 0.025
18 0.6062500000000001 0.785 0.0275 0.030000000000000002
18 0.62625 0.6208333333333333 0.0275 0.035
18 0.5975 0.6341666666666667 0.0275 0.03166666666666667
18 0.63125 0.5683333333333334 0.0225 0.03333333333333333
18 0.6775 0.49750000000000005 0.0225 0.03833333333333334
18 0.6687500000000001 0.5950000000000001 0.025 0.023333333333333334
18 0.66125 0.43000000000000005 0.0275 0.02
18 0.671875 0.4033333333333334 0.02125 0.030000000000000002
18 0.5437500000000001 0.5091666666666667 0.025 0.028333333333333335
18 0.4325 0.45833333333333337 0.0275 0.02666666666666667
18 0.52875 0.265 0.0275 0.030000000000000002
18 0.563125 0.195 0.01875 0.030000000000000002
18 0.53625 0.21666666666666667 0.0225 0.023333333333333334
18 0.526875 0.2 0.02875 0.03666666666666667
19 0.44875 0.1625 0.0425 0.025
27 0.52 0.33666666666666667 0.0375 0.05666666666666667
27 0.328125 0.38333333333333336 0.02875 0.05
18 0.31125 0.4033333333333334 0.025 0.03666666666666667
18 0.259375 0.44583333333333336 0.02125 0.025
18 0.620625 0.8458333333333334 0.01875 0.025
