18 0.305 0.23583333333333334 0.0275 0.045000000000000005
18 0.270625 0.2733333333333334 0.02875 0.04666666666666667
18 0.355 0.26916666666666667 0.0225 0.045000000000000005
18 0.205625 0.38833333333333336 0.03375 0.05333333333333334
18 0.31 0.3841666666666667 0.0275 0.03833333333333334
18 0.32937500000000003 0.4491666666666667 0.02875 0.045000000000000005
18 0.3875 0.45083333333333336 0.0275 0.03833333333333334
18 0.40375 0.19 0.025 0.04
18 0.455625 0.0675 0.01625 0.03833333333333334
18 0.52 0.17083333333333334 0.0275 0.04166666666666667
18 0.5375 0.16166666666666668 0.02 0.043333333333333335
18 0.550625 0.18333333333333335 0.02625 0.04666666666666667
18 0.388125 0.27 0.03375 0.04
18 0.295 0.5191666666666667 0.0275 0.045000000000000005
18 0.210625 0.5058333333333334 0.02625 0.04166666666666667
18 0.12125 0.47000000000000003 0.025 0.02666666666666667
18 0.338125 0.5583333333333333 0.03625 0.04666666666666667
18 0.290625 0.6133333333333334 0.03375 0.03666666666666667
18 0.441875 0.6033333333333334 0.03625 0.030000000000000002
18 0.161875 0.7583333333333334 0.03625 0.04666666666666667
18 0.265 0.7408333333333333 0.03 0.045000000000000005
18 0.348125 0.8566666666666667 0.03125 0.03333333333333333
18 0.333125 0.9225000000000001 0.02625 0.045000000000000005
18 0.46875 0.8508333333333334 0.0225 0.03833333333333334
18 0.4875 0.9183333333333334 0.025 0.043333333333333335
18 0.54625 0.8808333333333334 0.0275 0.035
18 0.468125 0.8016666666666667 0.03125 0.02666666666666667
18 0.4825 0.78 0.04 0.043333333333333335
18 0.43375 0.7441666666666668 0.0325 0.035
18 0.486875 0.6633333333333333 0.03375 0.03666666666666667
18 0.440625 0.6908333333333334 0.03125 0.045000000000000005
18 0.350625 0.6258333333333334 0.02625 0.045000000000000005
18 0.48812500000000003 0.5175000000000001 0.03125 0.04833333333333334
18 0.595 0.6108333333333333 0.035 0.045000000000000005
18 0.576875 0.5616666666666666 0.02375 0.04
18 0.71125 0.6391666666666667 0.0275 0.045000000000000005
18 0.729375 0.55 0.02125 0.04666666666666667
18 0.748125 0.5325000000000001 0.02375 0.03833333333333334
18 0.7975 0.42250000000000004 0.0225 0.04166666666666667
18 0.805625 0.37083333333333335 0.02625 0.055
26 0.41000000000000003 0.2366666666666667 0.0275 0.05
26 0.278125 0.3466666666666667 0.03625 0.030000000000000002
26 0.444375 0.4216666666666667 0.02875 0.03666666666666667
24 0.655 0.25833333333333336 0.04 0.07666666666666667
24 0.646875 0.45583333333333337 0.04875 0.065
24 0.601875 0.5116666666666667 0.06375 0.05666666666666667
24 0.273125 0.43583333333333335 0.051250000000000004 0.08166666666666667
24 0.111875 0.5258333333333334 0.05625 0.08833333333333333
24 0.2525 0.6625000000000001 0.06 0.07833333333333334
24 0.530625 0.7150000000000001 0.06125 0.07333333333333333
19 0.62625 0.5708333333333334 0.0475 0.05166666666666667
19 0.30625 0.18916666666666668 0.035 0.055
11 0.28750000000000003 0.1691666666666667 0.045 0.045000000000000005
11 0.21 0.17333333333333334 0.045 0.05
11 0.525 0.25 0.0575 0.05
11 0.5875 0.12333333333333334 0.045 0.05333333333333334
11 0.37875000000000003 0.29333333333333333 0.04 0.05
11 0.33125 0.32916666666666666 0.035 0.07166666666666667
11 0.54875 0.36583333333333334 0.0325 0.07166666666666667
11 0.629375 0.33416666666666667 0.04875 0.058333333333333334
11 0.509375 0.42500000000000004 0.04125 0.060000000000000005
11 0.47125 0.49000000000000005 0.0425 0.05333333333333334
11 0.411875 0.5458333333333334 0.03375 0.065
11 0.614375 0.4675 0.04625 0.04833333333333334
11 0.591875 0.5508333333333334 0.043750000000000004 0.058333333333333334
11 0.574375 0.6216666666666667 0.04625 0.04666666666666667
11 0.445625 0.9075000000000001 0.04875 0.03833333333333334
11 0.309375 0.9375000000000001 0.05375 0.035
11 0.286875 0.9158333333333334 0.04875 0.028333333333333335
11 0.29375 0.8841666666666668 0.05 0.021666666666666667
11 0.775625 0.3641666666666667 0.03875 0.06166666666666667
11 0.6875 0.30000000000000004 0.04 0.06333333333333334
11 0.7725 0.25833333333333336 0.045 0.05666666666666667
11 0.8075 0.24750000000000003 0.0275 0.065
27 0.23625000000000002 0.22333333333333336 0.04 0.07666666666666667
27 0.453125 0.24083333333333334 0.04125 0.06833333333333334
27 0.463125 0.30250000000000005 0.03375 0.06833333333333334
27 0.41625 0.30250000000000005 0.035 0.065
27 0.38875 0.4991666666666667 0.0475 0.04166666666666667
27 0.215 0.6258333333333334 0.055 0.05166666666666667
27 0.45375 0.6625000000000001 0.0475 0.06166666666666667
27 0.57875 0.9025000000000001 0.03 0.06166666666666667
27 0.7025 0.5825 0.055 0.06166666666666667
27 0.77125 0.6125 0.0425 0.07166666666666667
27 0.850625 0.5083333333333334 0.03875 0.060000000000000005
27 0.661875 0.3925 0.03375 0.06166666666666667
27 0.668125 0.3408333333333334 0.03875 0.045000000000000005
27 0.701875 0.2341666666666667 0.03625 0.06833333333333334
27 0.63875 0.22916666666666669 0.0375 0.065
27 0.63 0.14166666666666666 0.0425 0.04666666666666667
19 0.26937500000000003 0.395 0.04125 0.05666666666666667
