23 0.700625 0.09583333333333334 0.03875 0.045000000000000005
18 0.73375 0.25916666666666666 0.0275 0.028333333333333335
23 0.656875 0.3641666666666667 0.03375 0.058333333333333334
23 0.734375 0.3466666666666667 0.04125 0.043333333333333335
18 0.725 0.395 0.0375 0.03333333333333333
18 0.719375 0.4191666666666667 0.02375 0.028333333333333335
28 0.690625 0.4216666666666667 0.043750000000000004 0.060000000000000005
26 0.75875 0.49083333333333334 0.0175 0.045000000000000005
23 0.624375 0.5641666666666667 0.03875 0.07166666666666667
18 0.596875 0.27166666666666667 0.02375 0.03666666666666667
13 0.659375 0.2316666666666667 0.04125 0.04666666666666667
19 0.759375 0.4133333333333334 0.02375 0.05666666666666667
