19 0.384375 0.20750000000000002 0.058750000000000004 0.095
19 0.46875 0.19833333333333333 0.0775 0.08
19 0.42125 0.315 0.065 0.09666666666666668
19 0.21937500000000001 0.4041666666666667 0.04625 0.08833333333333333
19 0.22062500000000002 0.48500000000000004 0.06875 0.09666666666666668
19 0.7575000000000001 0.29833333333333334 0.065 0.09333333333333334
19 0.693125 0.2791666666666667 0.06125 0.10500000000000001
19 0.66 0.2225 0.07 0.07500000000000001
19 0.553125 0.11833333333333335 0.08625000000000001 0.09000000000000001
19 0.66625 0.9008333333333334 0.0725 0.095
19 0.614375 0.9241666666666667 0.04625 0.06833333333333334
19 0.6481250000000001 0.9625 0.05625 0.04166666666666667
19 0.5925 0.9683333333333334 0.065 0.060000000000000005
