12 0.472859 0.237964 0.044260 0.032345
12 0.575543 0.035496 0.031344 0.045726
12 0.858719 0.421131 0.055386 0.034891
3 0.867544 0.621868 0.062085 0.072997
0 0.757225 0.362774 0.064212 0.058557
1 0.755704 0.521200 0.050213 0.036097
1 0.823266 0.761643 0.019781 0.070989
1 0.858111 0.762246 0.035911 0.098664
1 0.733183 0.784705 0.045953 0.033689
1 0.602172 0.912849 0.031041 0.054951
1 0.669580 0.915255 0.054473 0.034891
1 0.719794 0.909239 0.055083 0.035694
1 0.826917 0.919067 0.042301 0.060965
1 0.782030 0.910643 0.035911 0.036097
1 0.686166 0.882970 0.046865 0.033689
1 0.632451 0.875348 0.051431 0.032088
1 0.540698 0.868731 0.038347 0.063772
1 0.517112 0.940925 0.050822 0.034093
1 0.492463 0.876350 0.068473 0.042112
1 0.575392 0.480089 0.041998 0.041309
1 0.491701 0.213575 0.059646 0.032890
1 0.648278 0.185459 0.045953 0.051336
1 0.817939 0.529622 0.035302 0.064172
1 0.702751 0.360969 0.043516 0.035698
1 0.579499 0.277746 0.034995 0.053745
1 0.629562 0.303015 0.048083 0.040107
1 0.612976 0.372400 0.051431 0.049735
1 0.645843 0.403082 0.050822 0.033290
1 0.501592 0.526212 0.037435 0.051736
1 0.662733 0.538646 0.034083 0.070190
1 0.559871 0.519796 0.070603 0.046125
1 0.579194 0.618861 0.024041 0.058157
1 0.726794 0.710105 0.043519 0.037703
1 0.683123 0.654757 0.021302 0.063369
1 0.658776 0.704290 0.023738 0.075801
1 0.533393 0.770267 0.054779 0.032887
1 0.443161 0.643327 0.026478 0.051740
1 0.404664 0.762244 0.029214 0.058557
1 0.295258 0.736979 0.025260 0.077809
1 0.290909 0.768764 0.054449 0.029407
1 0.361449 0.874146 0.028605 0.069786
1 0.332690 0.855295 0.042301 0.062570
1 0.294650 0.821004 0.033171 0.069387
1 0.323866 0.697473 0.039865 0.080617
1 0.352474 0.662380 0.038047 0.040917
1 0.351256 0.532228 0.034998 0.072594
1 0.393708 0.569931 0.047477 0.050134
1 0.452139 0.547469 0.038344 0.061368
1 0.455183 0.499138 0.052952 0.035295
1 0.405273 0.496732 0.051128 0.041712
1 0.389659 0.456987 0.038041 0.043717
8 0.681917 0.039796 0.090201 0.048608
1 0.640651 0.063861 0.066829 0.035132
1 0.556292 0.064824 0.045647 0.043796
1 0.638825 0.097792 0.056607 0.027912
1 0.672970 0.233035 0.030675 0.074120
1 0.843515 0.313891 0.048938 0.050051
1 0.862688 0.509055 0.039076 0.053420
1 0.656536 0.440710 0.056241 0.042835
1 0.427196 0.334104 0.037249 0.040427
1 0.400173 0.355522 0.034326 0.073638
1 0.272174 0.392823 0.079247 0.063527
1 0.332246 0.335067 0.035059 0.083745
1 0.450021 0.171429 0.039076 0.055828
1 0.518906 0.122361 0.022601 0.070107
1 0.543875 0.150253 0.036883 0.082784
1 0.389581 0.048219 0.032136 0.072191
1 0.272172 0.069397 0.066829 0.056793
12 0.364017 0.091295 0.039442 0.043800
12 0.411727 0.185983 0.035935 0.053136
12 0.130821 0.065277 0.047330 0.061222
