19 0.6012500000000001 0.10750000000000001 0.045 0.04166666666666667
28 0.6325000000000001 0.09333333333333334 0.05 0.043333333333333335
21 0.579375 0.17 0.04125 0.07
21 0.754375 0.19583333333333336 0.051250000000000004 0.06166666666666667
19 0.841875 0.24083333333333334 0.02375 0.05166666666666667
19 0.728125 0.24166666666666667 0.03875 0.06333333333333334
19 0.764375 0.315 0.04125 0.04666666666666667
19 0.7775 0.3975 0.035 0.065
19 0.8025 0.37000000000000005 0.03 0.05
19 0.64375 0.3225 0.0375 0.07500000000000001
19 0.67875 0.3425 0.035 0.06166666666666667
19 0.5806250000000001 0.3841666666666667 0.04125 0.05166666666666667
19 0.56125 0.3441666666666667 0.0325 0.05166666666666667
19 0.57125 0.30000000000000004 0.04 0.05
19 0.529375 0.2816666666666667 0.04125 0.05
19 0.5425 0.2316666666666667 0.025 0.060000000000000005
19 0.516875 0.24250000000000002 0.05375 0.04833333333333334
19 0.6062500000000001 0.21416666666666667 0.035 0.06166666666666667
19 0.6575 0.21750000000000003 0.04 0.045000000000000005
23 0.5856250000000001 0.2225 0.04625 0.04166666666666667
21 0.614375 0.32583333333333336 0.06125 0.07500000000000001
19 0.62875 0.36750000000000005 0.05 0.055
19 0.72 0.3566666666666667 0.0325 0.06333333333333334
19 0.665625 0.39416666666666667 0.04125 0.03833333333333334
25 0.69875 0.39333333333333337 0.045 0.06666666666666667
19 0.6825 0.4816666666666667 0.0625 0.05
19 0.73375 0.49250000000000005 0.0375 0.04833333333333334
21 0.759375 0.43833333333333335 0.05375 0.07666666666666667
29 0.7156250000000001 0.51 0.04625 0.07
19 0.638125 0.515 0.043750000000000004 0.07666666666666667
19 0.66 0.5583333333333333 0.0375 0.03333333333333333
19 0.6275000000000001 0.5408333333333334 0.045 0.04833333333333334
28 0.62625 0.5741666666666667 0.045 0.058333333333333334
25 0.694375 0.5883333333333334 0.04625 0.06666666666666667
24 0.7325 0.31083333333333335 0.05 0.04833333333333334
25 0.683125 0.2625 0.03625 0.06166666666666667
23 0.623125 0.2991666666666667 0.043750000000000004 0.045000000000000005
28 0.441875 0.3075 0.04125 0.06833333333333334
19 0.455625 0.3891666666666667 0.04875 0.058333333333333334
19 0.464375 0.4691666666666667 0.03875 0.058333333333333334
