23 0.633125 0.2575 0.03625 0.04833333333333334
23 0.70125 0.4316666666666667 0.04 0.04
23 0.803125 0.4425 0.03125 0.058333333333333334
18 0.7175 0.5008333333333334 0.04 0.03166666666666667
26 0.676875 0.535 0.01125 0.030000000000000002
19 0.6687500000000001 0.5566666666666668 0.0425 0.05
26 0.7837500000000001 0.5416666666666667 0.0125 0.043333333333333335
26 0.785625 0.38583333333333336 0.02625 0.035
23 0.681875 0.4683333333333334 0.03875 0.05
20 0.18812500000000001 0.21500000000000002 0.03125 0.04
