11 0.236875 0.4066666666666667 0.05375 0.08333333333333334
11 0.5025000000000001 0.2941666666666667 0.0375 0.06833333333333334
11 0.5437500000000001 0.4733333333333334 0.05 0.09666666666666668
11 0.258125 0.47500000000000003 0.043750000000000004 0.09000000000000001
11 0.434375 0.7475 0.043750000000000004 0.095
11 0.49125 0.7983333333333333 0.0475 0.08666666666666667
11 0.5775 0.7133333333333334 0.05 0.06666666666666667
11 0.34125 0.805 0.075 0.05666666666666667
11 0.4 0.8466666666666667 0.0575 0.07333333333333333
11 0.261875 0.8608333333333333 0.07375 0.058333333333333334
11 0.38625 0.9575 0.045 0.06833333333333334
11 0.64375 0.8725 0.045 0.095
11 0.7925 0.8758333333333334 0.0675 0.055
11 0.97 0.49250000000000005 0.04 0.07166666666666667
11 0.685625 0.28833333333333333 0.04625 0.1
18 0.413125 0.07916666666666668 0.04125 0.035
18 0.48875 0.10916666666666668 0.0225 0.05166666666666667
18 0.5325 0.20583333333333334 0.045 0.03833333333333334
18 0.52125 0.2341666666666667 0.0425 0.04833333333333334
18 0.173125 0.6925 0.043750000000000004 0.06166666666666667
18 0.340625 0.2366666666666667 0.03375 0.05666666666666667
18 0.28750000000000003 0.28583333333333333 0.0425 0.04166666666666667
20 0.59 0.9191666666666667 0.04 0.03833333333333334
