19 0.36125 0.0675 0.035 0.085
19 0.43 0.24916666666666668 0.035 0.07166666666666667
19 0.32937500000000003 0.4708333333333334 0.05625 0.04833333333333334
26 0.39375 0.38333333333333336 0.0275 0.04666666666666667
26 0.46187500000000004 0.3408333333333334 0.03125 0.05166666666666667
26 0.466875 0.4608333333333334 0.03375 0.03166666666666667
26 0.445625 0.4716666666666667 0.03875 0.023333333333333334
26 0.330625 0.21500000000000002 0.03625 0.03333333333333333
26 0.55125 0.12250000000000001 0.04 0.035
26 0.45125 0.14750000000000002 0.0275 0.04166666666666667
26 0.3075 0.42833333333333334 0.02 0.04666666666666667
26 0.28250000000000003 0.6333333333333334 0.0275 0.03666666666666667
26 0.444375 0.6883333333333334 0.03375 0.060000000000000005
21 0.495 0.5466666666666667 0.0725 0.09000000000000001
26 0.371875 0.3375 0.02625 0.04833333333333334
26 0.32 0.42750000000000005 0.0175 0.045000000000000005
