27 0.243125 0.24166666666666667 0.04125 0.07
27 0.2775 0.25583333333333336 0.0425 0.055
27 0.370625 0.2841666666666667 0.04625 0.045000000000000005
27 0.460625 0.12000000000000001 0.06125 0.060000000000000005
27 0.499375 0.04833333333333334 0.03375 0.06666666666666667
27 0.613125 0.10083333333333334 0.04125 0.05166666666666667
27 0.66 0.1525 0.0575 0.04833333333333334
27 0.70875 0.12416666666666668 0.0475 0.06166666666666667
27 0.6375000000000001 0.18666666666666668 0.0425 0.05333333333333334
27 0.539375 0.1875 0.04625 0.055
27 0.57875 0.23750000000000002 0.0375 0.06166666666666667
27 0.571875 0.27416666666666667 0.04625 0.06833333333333334
27 0.61375 0.25833333333333336 0.03 0.07333333333333333
27 0.6743750000000001 0.24500000000000002 0.04875 0.05333333333333334
27 0.64875 0.26833333333333337 0.0425 0.043333333333333335
27 0.6175 0.32666666666666666 0.045 0.05
27 0.54125 0.33 0.035 0.07666666666666667
27 0.470625 0.3166666666666667 0.03875 0.07
27 0.449375 0.26416666666666666 0.03625 0.06166666666666667
27 0.453125 0.36583333333333334 0.04625 0.05166666666666667
27 0.408125 0.3541666666666667 0.05375 0.05166666666666667
27 0.52 0.4083333333333334 0.04 0.04666666666666667
27 0.52375 0.45083333333333336 0.0375 0.06833333333333334
27 0.561875 0.45083333333333336 0.04125 0.055
27 0.640625 0.42083333333333334 0.03625 0.07833333333333334
27 0.324375 0.4291666666666667 0.03625 0.07166666666666667
27 0.355 0.4391666666666667 0.03 0.065
27 0.39625 0.4416666666666667 0.05 0.05666666666666667
27 0.41250000000000003 0.505 0.0325 0.07
27 0.45937500000000003 0.49750000000000005 0.03375 0.06833333333333334
27 0.48562500000000003 0.4783333333333334 0.05625 0.05
27 0.54125 0.4916666666666667 0.045 0.04
27 0.506875 0.5166666666666667 0.05625 0.043333333333333335
27 0.40125 0.5875 0.04 0.06166666666666667
27 0.4325 0.53 0.03 0.05333333333333334
27 0.44625000000000004 0.5616666666666666 0.0325 0.06666666666666667
27 0.436875 0.6033333333333334 0.03375 0.05
27 0.47375 0.6016666666666667 0.035 0.06666666666666667
27 0.496875 0.5616666666666666 0.043750000000000004 0.043333333333333335
27 0.561875 0.5341666666666667 0.04625 0.04833333333333334
27 0.65 0.5066666666666667 0.0325 0.06666666666666667
27 0.61875 0.5233333333333333 0.0375 0.05
27 0.640625 0.5591666666666667 0.051250000000000004 0.045000000000000005
27 0.628125 0.5875 0.03875 0.04166666666666667
27 0.26937500000000003 0.5683333333333334 0.051250000000000004 0.060000000000000005
27 0.310625 0.7525000000000001 0.04875 0.06166666666666667
27 0.36062500000000003 0.7141666666666667 0.03875 0.06166666666666667
27 0.3925 0.7225 0.03 0.06833333333333334
27 0.4275 0.7183333333333334 0.0425 0.060000000000000005
27 0.43062500000000004 0.6775 0.05625 0.04166666666666667
27 0.46 0.7216666666666667 0.03 0.07
27 0.47875 0.6708333333333334 0.0325 0.06833333333333334
27 0.5525 0.7416666666666667 0.055 0.04666666666666667
27 0.56125 0.7033333333333334 0.05 0.05333333333333334
27 0.528125 0.6725000000000001 0.04625 0.058333333333333334
27 0.541875 0.6125 0.03125 0.055
27 0.5906250000000001 0.6333333333333334 0.02625 0.06333333333333334
27 0.574375 0.6033333333333334 0.03125 0.07333333333333333
27 0.6075 0.6566666666666667 0.025 0.07
27 0.635625 0.6375000000000001 0.03625 0.04833333333333334
27 0.6975 0.45833333333333337 0.045 0.060000000000000005
27 0.685 0.4991666666666667 0.04 0.055
27 0.7056250000000001 0.5225000000000001 0.03625 0.065
27 0.75 0.545 0.05 0.05
27 0.686875 0.5808333333333334 0.04875 0.045000000000000005
27 0.71875 0.5891666666666667 0.03 0.055
27 0.750625 0.6016666666666667 0.043750000000000004 0.04666666666666667
27 0.73375 0.6475000000000001 0.055 0.04166666666666667
27 0.72 0.6883333333333334 0.0525 0.03666666666666667
27 0.7368750000000001 0.7116666666666667 0.04625 0.04666666666666667
27 0.76125 0.7558333333333334 0.04 0.058333333333333334
27 0.789375 0.6983333333333334 0.04875 0.04666666666666667
27 0.793125 0.6133333333333334 0.04125 0.05666666666666667
27 0.781875 0.5683333333333334 0.02625 0.05333333333333334
27 0.791875 0.52 0.03375 0.060000000000000005
27 0.8200000000000001 0.5458333333333334 0.03 0.065
27 0.785625 0.4808333333333334 0.03875 0.04166666666666667
27 0.788125 0.39083333333333337 0.04625 0.058333333333333334
27 0.765625 0.2866666666666667 0.03625 0.06333333333333334
27 0.6168750000000001 0.77 0.04625 0.03666666666666667
27 0.6475 0.8125 0.0375 0.04833333333333334
27 0.670625 0.8216666666666668 0.03625 0.06333333333333334
27 0.6481250000000001 0.8758333333333334 0.04875 0.045000000000000005
27 0.55 0.7883333333333333 0.04 0.05
27 0.515625 0.8258333333333334 0.04125 0.065
27 0.5650000000000001 0.8458333333333334 0.035 0.065
27 0.59 0.8458333333333334 0.03 0.055
27 0.5231250000000001 0.91 0.03375 0.043333333333333335
27 0.54875 0.9391666666666667 0.05 0.04166666666666667
27 0.476875 0.9400000000000001 0.03875 0.04666666666666667
27 0.439375 0.8250000000000001 0.043750000000000004 0.04
27 0.36375 0.8666666666666667 0.0375 0.06666666666666667
11 0.405 0.045000000000000005 0.04 0.05666666666666667
11 0.35625 0.09250000000000001 0.055 0.04833333333333334
11 0.361875 0.13 0.04875 0.04
11 0.27375 0.16666666666666669 0.0475 0.04666666666666667
11 0.315 0.19583333333333336 0.0425 0.055
11 0.3575 0.21083333333333334 0.045 0.05166666666666667
11 0.4475 0.19166666666666668 0.035 0.060000000000000005
11 0.515625 0.14583333333333334 0.05625 0.045000000000000005
11 0.473125 0.2391666666666667 0.02875 0.07833333333333334
11 0.40750000000000003 0.22916666666666669 0.0425 0.04833333333333334
11 0.526875 0.25583333333333336 0.043750000000000004 0.055
11 0.41250000000000003 0.26916666666666667 0.045 0.04166666666666667
11 0.409375 0.31 0.043750000000000004 0.04
11 0.390625 0.33666666666666667 0.02875 0.05666666666666667
11 0.3425 0.34833333333333333 0.0525 0.04666666666666667
11 0.373125 0.3866666666666667 0.04125 0.043333333333333335
11 0.411875 0.3916666666666667 0.04125 0.04666666666666667
11 0.513125 0.3516666666666667 0.04125 0.05
11 0.47375 0.4391666666666667 0.0525 0.055
11 0.43125 0.43583333333333335 0.0275 0.07166666666666667
11 0.381875 0.4891666666666667 0.04875 0.058333333333333334
11 0.3925 0.5408333333333334 0.04 0.06166666666666667
11 0.3225 0.5666666666666667 0.0325 0.06666666666666667
11 0.344375 0.6141666666666667 0.03375 0.065
11 0.3675 0.6633333333333333 0.0525 0.05
11 0.408125 0.6383333333333334 0.04125 0.05666666666666667
11 0.45437500000000003 0.645 0.03625 0.06666666666666667
11 0.514375 0.5916666666666667 0.04125 0.05333333333333334
11 0.54 0.5741666666666667 0.0375 0.04166666666666667
11 0.49875 0.6358333333333334 0.0325 0.035
11 0.5075000000000001 0.6983333333333334 0.04 0.06333333333333334
11 0.268125 0.8325 0.03375 0.05166666666666667
11 0.306875 0.8400000000000001 0.04875 0.05666666666666667
11 0.413125 0.8483333333333334 0.03375 0.05333333333333334
11 0.458125 0.8475 0.04125 0.045000000000000005
11 0.48562500000000003 0.8583333333333334 0.02875 0.05
11 0.61375 0.7383333333333334 0.045 0.05333333333333334
11 0.645625 0.6716666666666667 0.03875 0.05
11 0.6775 0.6866666666666668 0.04 0.05
11 0.70375 0.7341666666666667 0.0525 0.04833333333333334
11 0.686875 0.7725000000000001 0.043750000000000004 0.06833333333333334
11 0.7106250000000001 0.7866666666666667 0.03625 0.06333333333333334
11 0.745625 0.7908333333333334 0.03375 0.055
11 0.82125 0.7358333333333333 0.0375 0.055
11 0.829375 0.6475000000000001 0.03375 0.055
11 0.668125 0.6166666666666667 0.04625 0.043333333333333335
11 0.748125 0.4783333333333334 0.03375 0.05333333333333334
11 0.80875 0.4466666666666667 0.0525 0.04666666666666667
11 0.7625000000000001 0.41583333333333333 0.0475 0.06166666666666667
11 0.673125 0.39416666666666667 0.03625 0.065
11 0.606875 0.4633333333333334 0.03875 0.07333333333333333
11 0.585 0.5141666666666667 0.035 0.065
11 0.708125 0.3075 0.03125 0.06833333333333334
11 0.75875 0.3325 0.05 0.04833333333333334
11 0.7325 0.2758333333333334 0.0425 0.03833333333333334
11 0.7425 0.24666666666666667 0.0575 0.05333333333333334
11 0.6725 0.31333333333333335 0.0475 0.09000000000000001
11 0.601875 0.2 0.06125 0.05333333333333334
11 0.565625 0.16 0.03625 0.05333333333333334
11 0.576875 0.12333333333333334 0.03625 0.04666666666666667
11 0.58 0.07583333333333334 0.0475 0.055
