11 0.40375 0.07166666666666667 0.05 0.09333333333333334
11 0.4575 0.34500000000000003 0.06 0.07333333333333333
11 0.7275 0.26166666666666666 0.045 0.08333333333333334
11 0.711875 0.42250000000000004 0.06125 0.07166666666666667
11 0.505 0.4866666666666667 0.0575 0.07666666666666667
11 0.699375 0.6008333333333333 0.04125 0.07833333333333334
11 0.640625 0.6625000000000001 0.05625 0.058333333333333334
11 0.745 0.7508333333333334 0.055 0.058333333333333334
11 0.739375 0.8058333333333334 0.03875 0.07166666666666667
11 0.700625 0.8 0.04125 0.08
11 0.575625 0.7091666666666667 0.06125 0.065
11 0.540625 0.7558333333333334 0.04625 0.085
11 0.4525 0.7566666666666667 0.0625 0.07666666666666667
11 0.446875 0.6566666666666667 0.05625 0.07666666666666667
11 0.38125000000000003 0.5508333333333334 0.0675 0.06833333333333334
11 0.265625 0.93 0.04875 0.07
11 0.2425 0.7866666666666667 0.0675 0.07
11 0.231875 0.6966666666666667 0.07375 0.060000000000000005
11 0.148125 0.6725000000000001 0.05625 0.07833333333333334
11 0.109375 0.49250000000000005 0.043750000000000004 0.085
11 0.2175 0.5441666666666667 0.0675 0.06166666666666667
11 0.225625 0.49083333333333334 0.04625 0.07833333333333334
18 0.30312500000000003 0.5058333333333334 0.03375 0.05166666666666667
18 0.40375 0.2225 0.0325 0.05166666666666667
