19 0.36875 0.15666666666666668 0.035 0.05
19 0.400625 0.23833333333333334 0.04875 0.04666666666666667
19 0.47000000000000003 0.2566666666666667 0.0475 0.05333333333333334
19 0.28375 0.26583333333333337 0.035 0.07500000000000001
19 0.311875 0.3091666666666667 0.04125 0.04166666666666667
19 0.33187500000000003 0.36583333333333334 0.04125 0.065
19 0.42875 0.3666666666666667 0.04 0.05666666666666667
19 0.32 0.4216666666666667 0.0375 0.06666666666666667
19 0.291875 0.4266666666666667 0.03875 0.05
19 0.255 0.43583333333333335 0.0325 0.06166666666666667
19 0.20375000000000001 0.4475 0.0375 0.055
18 0.198125 0.4841666666666667 0.02375 0.03166666666666667
19 0.3 0.5116666666666667 0.045 0.043333333333333335
24 0.3775 0.5208333333333334 0.0375 0.04833333333333334
18 0.28 0.5566666666666668 0.025 0.03333333333333333
19 0.3275 0.6341666666666667 0.0325 0.07500000000000001
19 0.40750000000000003 0.7066666666666667 0.0375 0.043333333333333335
19 0.4025 0.7591666666666668 0.05 0.055
19 0.403125 0.7841666666666667 0.03625 0.05166666666666667
19 0.35875 0.7816666666666667 0.0375 0.06666666666666667
19 0.521875 0.8450000000000001 0.03625 0.04666666666666667
19 0.51125 0.8866666666666667 0.04 0.05666666666666667
19 0.525625 0.7991666666666667 0.04125 0.058333333333333334
21 0.485 0.8333333333333334 0.05 0.05666666666666667
19 0.586875 0.8416666666666667 0.051250000000000004 0.04
19 0.666875 0.8583333333333334 0.03125 0.04
21 0.675 0.7866666666666667 0.0475 0.05666666666666667
19 0.636875 0.77 0.02875 0.04
18 0.56375 0.7983333333333333 0.0225 0.02666666666666667
19 0.516875 0.76 0.03875 0.05
19 0.6743750000000001 0.6841666666666667 0.051250000000000004 0.05166666666666667
18 0.7106250000000001 0.665 0.02375 0.02666666666666667
19 0.630625 0.6966666666666667 0.051250000000000004 0.05
19 0.579375 0.6566666666666667 0.03875 0.06666666666666667
19 0.5975 0.6983333333333334 0.0475 0.05
19 0.56 0.7291666666666667 0.035 0.055
19 0.52625 0.7241666666666667 0.04 0.06166666666666667
19 0.5 0.7058333333333334 0.04 0.06833333333333334
19 0.551875 0.6783333333333333 0.03875 0.04666666666666667
19 0.4875 0.6441666666666667 0.0375 0.04833333333333334
18 0.665625 0.7400000000000001 0.02375 0.03333333333333333
24 0.555 0.5700000000000001 0.045 0.06333333333333334
19 0.521875 0.5900000000000001 0.03875 0.05666666666666667
19 0.5175 0.615 0.0525 0.05
18 0.47750000000000004 0.6158333333333333 0.02 0.03166666666666667
19 0.595 0.5875 0.0525 0.04833333333333334
19 0.63625 0.6141666666666667 0.0375 0.058333333333333334
19 0.7418750000000001 0.6475000000000001 0.03625 0.07166666666666667
19 0.6900000000000001 0.5733333333333334 0.04 0.05666666666666667
20 0.6225 0.4941666666666667 0.0225 0.03833333333333334
21 0.645 0.5625 0.07 0.065
19 0.600625 0.6391666666666667 0.043750000000000004 0.04833333333333334
19 0.625 0.6375000000000001 0.0525 0.045000000000000005
24 0.665625 0.47000000000000003 0.04125 0.06666666666666667
19 0.5906250000000001 0.42500000000000004 0.03875 0.05666666666666667
19 0.70625 0.4441666666666667 0.0425 0.045000000000000005
20 0.7375 0.47750000000000004 0.03 0.04833333333333334
19 0.728125 0.42250000000000004 0.04125 0.06166666666666667
19 0.73 0.35750000000000004 0.045 0.04166666666666667
19 0.706875 0.3125 0.03875 0.03833333333333334
19 0.7275 0.3191666666666667 0.0425 0.045000000000000005
19 0.6725 0.325 0.0575 0.04
19 0.6687500000000001 0.36333333333333334 0.035 0.05
19 0.685625 0.36083333333333334 0.04125 0.045000000000000005
19 0.6225 0.31583333333333335 0.045 0.055
19 0.576875 0.32 0.05625 0.05666666666666667
19 0.6637500000000001 0.2891666666666667 0.04 0.058333333333333334
21 0.71125 0.2675 0.0525 0.07166666666666667
19 0.65125 0.23583333333333334 0.03 0.06166666666666667
19 0.608125 0.22 0.043750000000000004 0.05333333333333334
18 0.543125 0.20916666666666667 0.02125 0.028333333333333335
18 0.673125 0.6408333333333334 0.01875 0.028333333333333335
20 0.66625 0.2316666666666667 0.015 0.03333333333333333
