23 0.338125 0.14500000000000002 0.04875 0.06333333333333334
18 0.393125 0.19666666666666668 0.03625 0.05333333333333334
30 0.32625 0.18500000000000003 0.05 0.043333333333333335
18 0.295625 0.14833333333333334 0.03125 0.04666666666666667
23 0.31375000000000003 0.23750000000000002 0.04 0.06833333333333334
18 0.366875 0.29583333333333334 0.04625 0.058333333333333334
18 0.3275 0.3091666666666667 0.03 0.055
20 0.27 0.31833333333333336 0.055 0.07
23 0.250625 0.25083333333333335 0.04125 0.07500000000000001
18 0.22 0.3716666666666667 0.04 0.04666666666666667
18 0.305 0.49000000000000005 0.04 0.04
18 0.37375 0.5691666666666667 0.0325 0.058333333333333334
18 0.293125 0.5341666666666667 0.03625 0.04166666666666667
18 0.15937500000000002 0.48833333333333334 0.03625 0.06333333333333334
18 0.18812500000000001 0.5375000000000001 0.04125 0.04166666666666667
26 0.129375 0.44833333333333336 0.02625 0.060000000000000005
18 0.354375 0.68 0.03375 0.05666666666666667
26 0.276875 0.7791666666666667 0.01375 0.06166666666666667
26 0.19187500000000002 0.8250000000000001 0.03875 0.04
23 0.6950000000000001 0.375 0.0525 0.09666666666666668
20 0.700625 0.2966666666666667 0.03875 0.05333333333333334
26 0.633125 0.27166666666666667 0.03375 0.04
19 0.555 0.2625 0.0425 0.07500000000000001
20 0.4275 0.24166666666666667 0.055 0.05666666666666667
26 0.464375 0.18250000000000002 0.051250000000000004 0.04166666666666667
18 0.45875 0.15333333333333335 0.04 0.03333333333333333
20 0.51125 0.13583333333333333 0.045 0.07166666666666667
26 0.560625 0.1366666666666667 0.03125 0.04666666666666667
18 0.46875 0.060000000000000005 0.035 0.043333333333333335
18 0.90375 0.16833333333333333 0.03 0.05
18 0.9656250000000001 0.3216666666666667 0.02875 0.03666666666666667
