7 0.90375 0.060833333333333336 0.07 0.12166666666666667
7 0.30125 0.050833333333333335 0.0675 0.10166666666666667
7 0.526875 0.24750000000000003 0.07875 0.13833333333333334
7 0.464375 0.3516666666666667 0.07125000000000001 0.15666666666666668
7 0.836875 0.5616666666666666 0.06375 0.15666666666666668
7 0.39187500000000003 0.4891666666666667 0.06625 0.135
7 0.24125 0.4966666666666667 0.11 0.09000000000000001
7 0.130625 0.49000000000000005 0.08875 0.12000000000000001
7 0.195625 0.6633333333333333 0.10875 0.11
7 0.244375 0.7275 0.08375 0.12166666666666667
7 0.28 0.8316666666666667 0.115 0.13333333333333333
7 0.384375 0.6591666666666667 0.08625000000000001 0.15833333333333335
7 0.56 0.6375000000000001 0.1225 0.115
7 0.656875 0.6900000000000001 0.08125 0.14333333333333334
7 0.6525 0.7858333333333334 0.0675 0.11833333333333335
7 0.731875 0.8291666666666667 0.09875 0.08166666666666667
7 0.603125 0.8133333333333334 0.08875 0.10666666666666667
7 0.53625 0.9041666666666667 0.0575 0.12833333333333335
7 0.504375 0.8775000000000001 0.06125 0.13166666666666668
7 0.439375 0.9341666666666667 0.11125 0.095
