26 0.29125 0.37083333333333335 0.0325 0.04166666666666667
26 0.401875 0.3666666666666667 0.03625 0.04
26 0.405 0.4891666666666667 0.0225 0.04166666666666667
18 0.38125000000000003 0.4033333333333334 0.035 0.04666666666666667
26 0.460625 0.6333333333333334 0.03625 0.04
23 0.42875 0.6691666666666667 0.045 0.065
26 0.48812500000000003 0.9541666666666667 0.03375 0.03166666666666667
26 0.63625 0.5283333333333333 0.03 0.043333333333333335
26 0.656875 0.5175000000000001 0.02375 0.045000000000000005
26 0.49625 0.45333333333333337 0.035 0.03333333333333333
26 0.61 0.4591666666666667 0.0375 0.04166666666666667
26 0.5025000000000001 0.35250000000000004 0.0375 0.04166666666666667
27 0.531875 0.4941666666666667 0.05625 0.06166666666666667
19 0.514375 0.28 0.04875 0.060000000000000005
