11 0.436875 0.24750000000000003 0.03875 0.035
11 0.39 0.3616666666666667 0.045 0.05
18 0.49562500000000004 0.4241666666666667 0.02375 0.03166666666666667
18 0.204375 0.4083333333333334 0.01875 0.03333333333333333
11 0.250625 0.5716666666666667 0.02875 0.04
11 0.18937500000000002 0.5475 0.03125 0.04166666666666667
18 0.39625 0.6658333333333334 0.0225 0.025
18 0.26 0.7691666666666667 0.02 0.03166666666666667
18 0.45687500000000003 0.7100000000000001 0.02125 0.030000000000000002
18 0.536875 0.8450000000000001 0.02625 0.023333333333333334
11 0.458125 0.8816666666666667 0.043750000000000004 0.030000000000000002
18 0.438125 0.9033333333333334 0.02375 0.023333333333333334
11 0.63875 0.8350000000000001 0.03 0.04
11 0.609375 0.8550000000000001 0.03625 0.030000000000000002
11 0.6531250000000001 0.8716666666666667 0.03125 0.03666666666666667
11 0.546875 0.5541666666666667 0.04875 0.04166666666666667
11 0.6900000000000001 0.4916666666666667 0.03 0.05666666666666667
11 0.641875 0.43750000000000006 0.02375 0.06166666666666667
11 0.605625 0.4425 0.04875 0.04166666666666667
18 0.671875 0.3616666666666667 0.02625 0.02666666666666667
11 0.5493750000000001 0.4425 0.02875 0.058333333333333334
11 0.6843750000000001 0.22083333333333335 0.03625 0.065
11 0.6168750000000001 0.18500000000000003 0.03625 0.03333333333333333
18 0.6431250000000001 0.18916666666666668 0.02875 0.03166666666666667
