14 0.600771 0.904725 0.046673 0.030423
1 0.706859 0.260283 0.080294 0.087303
1 0.809485 0.768881 0.042655 0.089949
14 0.262283 0.517161 0.056208 0.055556
14 0.439181 0.211605 0.054701 0.056876
14 0.531518 0.216896 0.058716 0.051586
14 0.599014 0.179197 0.044161 0.059526
14 0.648195 0.185150 0.045164 0.047620
14 0.709920 0.597189 0.028104 0.071427
14 0.749314 0.634223 0.050684 0.039684
14 0.653965 0.677214 0.030612 0.071431
14 0.631383 0.547584 0.041650 0.064816
14 0.679610 0.766829 0.054701 0.048280
14 0.681568 0.843881 0.042655 0.043650
14 0.579469 0.862068 0.036184 0.058861
14 0.639163 0.888523 0.054197 0.036374
14 0.732001 0.862398 0.041152 0.048940
