11 0.442678 0.270398 0.066296 0.114547
7 0.351467 0.243927 0.069178 0.171339
8 0.096984 0.646768 0.098830 0.090480
8 0.711368 0.622705 0.102947 0.054867
8 0.505271 0.235266 0.039119 0.132837
8 0.521329 0.340908 0.091827 0.042834
11 0.588245 0.380615 0.065061 0.121288
11 0.377205 0.456659 0.086063 0.136686
11 0.527505 0.502621 0.103358 0.079414
11 0.394911 0.746875 0.097591 0.131873
1 0.301435 0.288207 0.039944 0.074121
4 0.415089 0.577703 0.114062 0.084223
4 0.562831 0.184585 0.085487 0.083168
4 0.093462 0.183534 0.078273 0.165642
4 0.573472 0.266701 0.094283 0.071386
4 0.491346 0.392837 0.117407 0.069996
4 0.687916 0.384867 0.091911 0.083165
4 0.731678 0.518698 0.087762 0.135147
