19 0.286875 0.20916666666666667 0.03875 0.045000000000000005
19 0.308125 0.20083333333333334 0.03125 0.04833333333333334
19 0.325625 0.24416666666666667 0.043750000000000004 0.04833333333333334
19 0.341875 0.2025 0.02875 0.05166666666666667
19 0.291875 0.25583333333333336 0.03875 0.05166666666666667
19 0.34500000000000003 0.30333333333333334 0.04 0.05
19 0.286875 0.35083333333333333 0.04125 0.05166666666666667
19 0.273125 0.2941666666666667 0.03375 0.045000000000000005
19 0.2325 0.33083333333333337 0.03 0.035
19 0.233125 0.4166666666666667 0.02875 0.03666666666666667
19 0.18375 0.4708333333333334 0.035 0.055
19 0.48562500000000003 0.4 0.04875 0.05666666666666667
19 0.546875 0.35833333333333334 0.03875 0.060000000000000005
19 0.609375 0.3841666666666667 0.03875 0.06833333333333334
19 0.268125 0.6075 0.04125 0.055
19 0.274375 0.6608333333333334 0.03875 0.055
19 0.355 0.6216666666666667 0.045 0.04666666666666667
19 0.398125 0.6316666666666667 0.04625 0.05
19 0.39375 0.6616666666666667 0.04 0.05
19 0.448125 0.6683333333333333 0.03875 0.05333333333333334
19 0.416875 0.6916666666666668 0.043750000000000004 0.05
19 0.37375 0.7150000000000001 0.04 0.05666666666666667
19 0.33125 0.6908333333333334 0.04 0.035
19 0.294375 0.7400000000000001 0.03875 0.04666666666666667
19 0.415625 0.7566666666666667 0.03375 0.04
19 0.45 0.7833333333333334 0.0325 0.05
19 0.47750000000000004 0.7958333333333334 0.0375 0.04166666666666667
19 0.426875 0.8450000000000001 0.03375 0.05
19 0.4875 0.8400000000000001 0.0275 0.05
19 0.5543750000000001 0.7933333333333333 0.03375 0.05
19 0.5125 0.7625000000000001 0.03 0.03166666666666667
19 0.5725 0.6950000000000001 0.0425 0.043333333333333335
19 0.506875 0.6841666666666667 0.03875 0.035
19 0.565625 0.8783333333333334 0.02875 0.05666666666666667
19 0.610625 0.7808333333333334 0.03375 0.055
19 0.6525 0.7591666666666668 0.045 0.04833333333333334
19 0.656875 0.8208333333333334 0.03375 0.058333333333333334
19 0.69375 0.7775000000000001 0.03 0.055
19 0.676875 0.7016666666666667 0.043750000000000004 0.043333333333333335
19 0.7056250000000001 0.6491666666666667 0.03125 0.05166666666666667
19 0.676875 0.6375000000000001 0.03625 0.045000000000000005
19 0.67 0.6716666666666667 0.0425 0.043333333333333335
19 0.644375 0.5900000000000001 0.03875 0.04666666666666667
19 0.629375 0.5541666666666667 0.03375 0.05166666666666667
19 0.6075 0.5733333333333334 0.035 0.05
19 0.615625 0.5041666666666667 0.04125 0.055
19 0.573125 0.5483333333333333 0.02375 0.05
19 0.681875 0.5916666666666667 0.03125 0.05
19 0.70875 0.5800000000000001 0.0325 0.05333333333333334
19 0.7518750000000001 0.5808333333333334 0.03875 0.065
19 0.769375 0.5391666666666667 0.02875 0.045000000000000005
19 0.7312500000000001 0.54 0.0325 0.05666666666666667
19 0.71625 0.535 0.04 0.043333333333333335
19 0.7075 0.49583333333333335 0.0475 0.04833333333333334
19 0.68 0.48250000000000004 0.04 0.05166666666666667
19 0.76 0.4991666666666667 0.04 0.058333333333333334
19 0.763125 0.4541666666666667 0.04125 0.035
19 0.739375 0.4466666666666667 0.03625 0.05333333333333334
19 0.70125 0.4425 0.0325 0.035
19 0.6675 0.4033333333333334 0.0475 0.04666666666666667
19 0.630625 0.41833333333333333 0.02375 0.05
19 0.651875 0.44833333333333336 0.04625 0.05333333333333334
19 0.7075 0.3516666666666667 0.0275 0.03333333333333333
19 0.703125 0.3741666666666667 0.04125 0.04166666666666667
19 0.5700000000000001 0.2791666666666667 0.045 0.035
19 0.596875 0.2341666666666667 0.03875 0.055
19 0.57125 0.21333333333333335 0.025 0.05333333333333334
19 0.53625 0.19166666666666668 0.0375 0.04666666666666667
19 0.573125 0.1691666666666667 0.04625 0.05166666666666667
19 0.450625 0.21500000000000002 0.043750000000000004 0.04666666666666667
19 0.42312500000000003 0.16083333333333336 0.02875 0.045000000000000005
19 0.400625 0.14333333333333334 0.02375 0.04666666666666667
19 0.36125 0.14666666666666667 0.0575 0.03333333333333333
19 0.468125 0.14500000000000002 0.058750000000000004 0.043333333333333335
27 0.55375 0.2016666666666667 0.0325 0.05666666666666667
27 0.5650000000000001 0.63 0.0425 0.05
21 0.539375 0.8066666666666668 0.05375 0.07333333333333333
21 0.730625 0.6666666666666667 0.03875 0.07666666666666667
19 0.516875 0.6341666666666667 0.03875 0.035
19 0.241875 0.6366666666666667 0.03125 0.043333333333333335
18 0.405 0.8141666666666667 0.0225 0.025
