10 0.720901 0.804003 0.115878 0.116032
9 0.579603 0.772207 0.035982 0.059049
10 0.395864 0.929958 0.156436 0.087025
10 0.400500 0.740644 0.063732 0.157252
10 0.481035 0.740646 0.057938 0.120611
10 0.605024 0.617743 0.113560 0.128245
10 0.551721 0.700187 0.085750 0.048854
10 0.567363 0.500950 0.142530 0.111449
10 0.201190 0.709348 0.084592 0.161831
2 0.279709 0.269275 0.039118 0.057428
2 0.156209 0.222891 0.040234 0.060374
2 0.214885 0.241296 0.039118 0.038287
2 0.423886 0.634462 0.057000 0.054485
2 0.613048 0.844298 0.043028 0.057428
9 0.584494 0.876827 0.037660 0.045802
9 0.529935 0.970339 0.046350 0.047075
10 0.237691 0.118507 0.127466 0.131296
10 0.373268 0.136829 0.113560 0.152672
10 0.432366 0.076522 0.069528 0.145038
10 0.478137 0.255149 0.077638 0.099236
10 0.599810 0.076523 0.103132 0.148092
10 0.633414 0.195606 0.110084 0.080914
10 0.724378 0.164308 0.071844 0.149618
10 0.576054 0.252858 0.118196 0.088551
10 0.523330 0.141408 0.066052 0.131296
10 0.397603 0.539881 0.120514 0.122140
10 0.371530 0.352858 0.070684 0.196946
10 0.450907 0.447515 0.104290 0.108395
10 0.476400 0.365072 0.099656 0.105344
10 0.552300 0.371942 0.056780 0.125191
10 0.629938 0.365071 0.075320 0.117557
10 0.684980 0.464308 0.064892 0.206108
10 0.777102 0.545988 0.110084 0.143513
10 0.917315 0.639119 0.112402 0.207634
10 0.910942 0.453622 0.129784 0.151144
10 0.743498 0.693316 0.105448 0.120609
10 0.828668 0.681866 0.078796 0.088548
10 0.668757 0.894079 0.057938 0.119083
10 0.490305 0.867361 0.074162 0.117557
