18 0.411875 0.12166666666666667 0.02875 0.05333333333333334
26 0.471875 0.13833333333333334 0.03125 0.03333333333333333
26 0.49 0.14500000000000002 0.0375 0.030000000000000002
26 0.5475 0.21583333333333335 0.0275 0.035
26 0.37875000000000003 0.19666666666666668 0.0325 0.03666666666666667
26 0.314375 0.12666666666666668 0.03625 0.030000000000000002
26 0.30625 0.21166666666666667 0.03 0.04
26 0.30875 0.18333333333333335 0.035 0.03666666666666667
26 0.404375 0.24250000000000002 0.03625 0.03833333333333334
26 0.168125 0.27166666666666667 0.02875 0.04666666666666667
26 0.435625 0.3641666666666667 0.03125 0.045000000000000005
18 0.321875 0.43750000000000006 0.04125 0.055
23 0.355625 0.41500000000000004 0.051250000000000004 0.06666666666666667
26 0.39937500000000004 0.46166666666666667 0.02125 0.03666666666666667
26 0.231875 0.445 0.03875 0.03666666666666667
26 0.229375 0.4108333333333334 0.02375 0.045000000000000005
26 0.2725 0.41000000000000003 0.0325 0.05333333333333334
26 0.415625 0.615 0.02875 0.04666666666666667
18 0.448125 0.5116666666666667 0.03125 0.043333333333333335
19 0.5175 0.45083333333333336 0.045 0.085
19 0.506875 0.5691666666666667 0.05375 0.07166666666666667
19 0.20625000000000002 0.515 0.05 0.060000000000000005
19 0.228125 0.5941666666666667 0.051250000000000004 0.065
26 0.26375 0.5833333333333334 0.0275 0.05
26 0.335 0.5758333333333334 0.0475 0.055
26 0.289375 0.81 0.03625 0.03666666666666667
26 0.4225 0.7783333333333334 0.0375 0.03666666666666667
23 0.37125 0.8641666666666667 0.0425 0.07500000000000001
19 0.40750000000000003 0.8216666666666668 0.0425 0.06666666666666667
26 0.5925 0.9108333333333334 0.035 0.025
26 0.5075000000000001 0.8066666666666668 0.025 0.05
19 0.574375 0.7383333333333334 0.04625 0.06666666666666667
26 0.639375 0.5516666666666667 0.03375 0.043333333333333335
26 0.610625 0.42500000000000004 0.02875 0.05
26 0.544375 0.33416666666666667 0.02625 0.05166666666666667
26 0.57125 0.31333333333333335 0.0375 0.043333333333333335
26 0.56875 0.09250000000000001 0.0325 0.03833333333333334
26 0.6637500000000001 0.10583333333333333 0.0325 0.035
26 0.614375 0.16416666666666668 0.02625 0.045000000000000005
26 0.753125 0.16583333333333333 0.03375 0.04833333333333334
23 0.474375 0.18333333333333335 0.043750000000000004 0.060000000000000005
