19 0.115 0.33416666666666667 0.055 0.058333333333333334
21 0.146875 0.3825 0.03625 0.09833333333333334
21 0.168125 0.43833333333333335 0.06875 0.09000000000000001
18 0.11812500000000001 0.4541666666666667 0.02375 0.04833333333333334
24 0.16875 0.5125000000000001 0.0675 0.08833333333333333
21 0.23125 0.5408333333333334 0.0625 0.10833333333333334
21 0.28125 0.6258333333333334 0.08 0.11833333333333335
21 0.411875 0.6416666666666667 0.07625 0.09000000000000001
21 0.23375 0.6616666666666667 0.0425 0.10333333333333335
23 0.19375 0.7191666666666667 0.05 0.085
20 0.11812500000000001 0.6808333333333334 0.043750000000000004 0.065
21 0.289375 0.7791666666666667 0.07375 0.095
24 0.2325 0.8175 0.0575 0.06166666666666667
24 0.316875 0.8550000000000001 0.06625 0.07
18 0.28375 0.8525 0.03 0.07166666666666667
21 0.35125 0.9025000000000001 0.09 0.085
20 0.39875 0.8633333333333334 0.0475 0.060000000000000005
21 0.42562500000000003 0.8383333333333334 0.06625 0.07333333333333333
21 0.42812500000000003 0.9241666666666667 0.058750000000000004 0.085
18 0.201875 0.9358333333333334 0.03125 0.03833333333333334
20 0.340625 0.9558333333333334 0.03125 0.04833333333333334
24 0.48375 0.8316666666666667 0.06 0.08
21 0.555 0.7566666666666667 0.07 0.10333333333333335
18 0.528125 0.9333333333333333 0.02875 0.04666666666666667
24 0.62 0.8716666666666667 0.0725 0.08333333333333334
24 0.66 0.7708333333333334 0.0725 0.08833333333333333
21 0.698125 0.7191666666666667 0.07125000000000001 0.08833333333333333
24 0.759375 0.7933333333333333 0.07375 0.09666666666666668
21 0.7837500000000001 0.7091666666666667 0.0675 0.09166666666666667
24 0.681875 0.4241666666666667 0.06375 0.095
18 0.8306250000000001 0.44833333333333336 0.03375 0.05
