7 0.366875 0.16333333333333333 0.06375 0.12333333333333334
7 0.431875 0.3358333333333334 0.08375 0.10500000000000001
7 0.328125 0.4733333333333334 0.12125 0.09666666666666668
23 0.5493750000000001 0.04916666666666667 0.06125 0.07500000000000001
23 0.42125 0.4666666666666667 0.0575 0.08666666666666667
23 0.333125 0.5833333333333334 0.05375 0.07666666666666667
23 0.46 0.6616666666666667 0.055 0.06333333333333334
19 0.52375 0.14 0.05 0.06666666666666667
19 0.38125000000000003 0.5541666666666667 0.0625 0.07833333333333334
19 0.166875 0.5658333333333334 0.04875 0.058333333333333334
20 0.29875 0.11666666666666667 0.035 0.05666666666666667
20 0.41500000000000004 0.1391666666666667 0.05 0.07166666666666667
20 0.524375 0.41250000000000003 0.04875 0.06166666666666667
20 0.340625 0.5083333333333334 0.043750000000000004 0.060000000000000005
23 0.9500000000000001 0.8225 0.0425 0.05166666666666667
