22 0.18 0.11583333333333334 0.0325 0.065
22 0.12 0.16666666666666669 0.0425 0.030000000000000002
22 0.185625 0.19 0.03875 0.043333333333333335
22 0.276875 0.17333333333333334 0.02125 0.060000000000000005
22 0.301875 0.1925 0.04875 0.028333333333333335
22 0.30125 0.13833333333333334 0.0475 0.02666666666666667
22 0.27125 0.12916666666666668 0.035 0.04166666666666667
22 0.3925 0.28500000000000003 0.045 0.05666666666666667
22 0.375 0.3275 0.0125 0.028333333333333335
22 0.38625 0.3775 0.05 0.03833333333333334
22 0.350625 0.4241666666666667 0.02625 0.06166666666666667
22 0.4175 0.4675 0.045 0.045000000000000005
22 0.44375000000000003 0.51 0.0175 0.03333333333333333
22 0.288125 0.4866666666666667 0.04875 0.043333333333333335
22 0.225625 0.48750000000000004 0.03875 0.045000000000000005
22 0.18812500000000001 0.5158333333333334 0.03125 0.055
20 0.2675 0.42583333333333334 0.045 0.07500000000000001
11 0.6012500000000001 0.45333333333333337 0.0525 0.07
22 0.465625 0.18583333333333335 0.03625 0.055
22 0.5543750000000001 0.045000000000000005 0.04125 0.04
22 0.4 0.03166666666666667 0.0225 0.02
22 0.578125 0.1366666666666667 0.02375 0.023333333333333334
22 0.661875 0.20500000000000002 0.01625 0.03666666666666667
22 0.711875 0.4291666666666667 0.02625 0.06166666666666667
22 0.698125 0.6091666666666667 0.04125 0.04166666666666667
11 0.61625 0.9625 0.0475 0.07166666666666667
11 0.770625 0.2733333333333334 0.05375 0.09666666666666668
22 0.6175 0.18666666666666668 0.0275 0.016666666666666666
22 0.8075 0.04416666666666667 0.02 0.055
22 0.5975 0.021666666666666667 0.0175 0.023333333333333334
22 0.216875 0.135 0.01625 0.030000000000000002
22 0.28625 0.21666666666666667 0.0225 0.02
