19 0.424375 0.21000000000000002 0.043750000000000004 0.06333333333333334
19 0.623125 0.11333333333333334 0.051250000000000004 0.04666666666666667
20 0.730625 0.17750000000000002 0.02625 0.04833333333333334
23 0.690625 0.16416666666666668 0.03125 0.05166666666666667
21 0.63 0.2525 0.0575 0.04833333333333334
24 0.669375 0.2541666666666667 0.03875 0.058333333333333334
23 0.613125 0.3091666666666667 0.03875 0.05166666666666667
23 0.64 0.2941666666666667 0.0375 0.035
23 0.794375 0.29500000000000004 0.02875 0.05333333333333334
19 0.668125 0.3841666666666667 0.04125 0.06833333333333334
19 0.7925 0.3641666666666667 0.0425 0.058333333333333334
20 0.75 0.38083333333333336 0.02 0.04166666666666667
19 0.6775 0.53 0.0375 0.05666666666666667
23 0.715 0.5416666666666667 0.04 0.04666666666666667
24 0.663125 0.5641666666666667 0.043750000000000004 0.08166666666666667
19 0.6637500000000001 0.6675000000000001 0.0475 0.04166666666666667
24 0.714375 0.6391666666666667 0.04125 0.08166666666666667
23 0.693125 0.35583333333333333 0.03875 0.04833333333333334
23 0.75625 0.24083333333333334 0.0375 0.045000000000000005
23 0.71125 0.20833333333333334 0.035 0.060000000000000005
23 0.661875 0.15583333333333335 0.03875 0.03833333333333334
