20 0.3725 0.05 0.0525 0.05333333333333334
20 0.435 0.165 0.04 0.05
20 0.38 0.18583333333333335 0.045 0.07500000000000001
20 0.5650000000000001 0.07666666666666667 0.0325 0.05666666666666667
20 0.47250000000000003 0.195 0.0475 0.04666666666666667
20 0.57875 0.25833333333333336 0.04 0.06666666666666667
20 0.545 0.2916666666666667 0.0525 0.07333333333333333
20 0.5493750000000001 0.34750000000000003 0.051250000000000004 0.058333333333333334
20 0.540625 0.47500000000000003 0.03625 0.07333333333333333
20 0.31875000000000003 0.2041666666666667 0.0475 0.055
20 0.39687500000000003 0.25916666666666666 0.03625 0.06166666666666667
20 0.36312500000000003 0.2833333333333333 0.04125 0.05666666666666667
20 0.405625 0.30083333333333334 0.03625 0.07500000000000001
20 0.39937500000000004 0.35750000000000004 0.04125 0.065
24 0.435625 0.3591666666666667 0.06125 0.06166666666666667
18 0.481875 0.2341666666666667 0.03875 0.055
20 0.161875 0.21166666666666667 0.043750000000000004 0.05666666666666667
20 0.19 0.23583333333333334 0.0425 0.03833333333333334
20 0.144375 0.26 0.03875 0.05333333333333334
20 0.213125 0.25333333333333335 0.03625 0.04666666666666667
20 0.26875 0.29333333333333333 0.045 0.06333333333333334
20 0.20375000000000001 0.29083333333333333 0.04 0.055
20 0.36875 0.3916666666666667 0.045 0.06333333333333334
20 0.375625 0.47750000000000004 0.05375 0.065
20 0.343125 0.3775 0.03125 0.06166666666666667
20 0.311875 0.37000000000000005 0.03125 0.05666666666666667
20 0.275625 0.3641666666666667 0.043750000000000004 0.055
20 0.24375 0.3325 0.0425 0.06833333333333334
20 0.21875 0.36750000000000005 0.035 0.058333333333333334
20 0.18875 0.42750000000000005 0.04 0.06166666666666667
20 0.25125000000000003 0.4108333333333334 0.04 0.03833333333333334
20 0.250625 0.49333333333333335 0.03625 0.060000000000000005
20 0.28625 0.4941666666666667 0.0325 0.06833333333333334
20 0.28750000000000003 0.5525 0.045 0.07500000000000001
20 0.25625 0.5608333333333334 0.0375 0.058333333333333334
20 0.22125 0.535 0.04 0.060000000000000005
20 0.195 0.5766666666666667 0.0375 0.05666666666666667
19 0.17 0.5275000000000001 0.0525 0.065
20 0.373125 0.6325000000000001 0.05375 0.05166666666666667
20 0.273125 0.7016666666666667 0.04625 0.07
20 0.40375 0.795 0.05 0.060000000000000005
20 0.321875 0.8500000000000001 0.04125 0.05666666666666667
20 0.355 0.8491666666666667 0.0525 0.065
20 0.34 0.7941666666666667 0.0675 0.065
20 0.49625 0.8483333333333334 0.0475 0.06666666666666667
20 0.529375 0.8325 0.03625 0.065
20 0.288125 0.9391666666666667 0.03625 0.05166666666666667
20 0.714375 0.9041666666666667 0.03875 0.055
19 0.671875 0.8933333333333334 0.04625 0.06666666666666667
