18 0.23500000000000001 0.18666666666666668 0.03 0.05
18 0.22875 0.3425 0.0325 0.035
18 0.211875 0.3175 0.02875 0.03833333333333334
18 0.415625 0.29083333333333333 0.03125 0.045000000000000005
18 0.441875 0.2775 0.02875 0.04166666666666667
18 0.25125000000000003 0.46416666666666667 0.0325 0.03833333333333334
18 0.11750000000000001 0.4608333333333334 0.0325 0.04166666666666667
18 0.50125 0.5133333333333334 0.025 0.043333333333333335
18 0.385625 0.8908333333333334 0.02875 0.035
18 0.579375 0.27166666666666667 0.02375 0.04
18 0.4225 0.135 0.0225 0.03333333333333333
19 0.6025 0.02666666666666667 0.045 0.03666666666666667
19 0.535 0.41500000000000004 0.04 0.06333333333333334
19 0.631875 0.4416666666666667 0.04625 0.060000000000000005
19 0.56125 0.49333333333333335 0.05 0.07333333333333333
19 0.424375 0.4525 0.04875 0.06166666666666667
19 0.383125 0.4633333333333334 0.05625 0.06666666666666667
19 0.530625 0.5908333333333333 0.04875 0.07166666666666667
19 0.634375 0.6283333333333334 0.03375 0.05
19 0.321875 0.6216666666666667 0.03625 0.06666666666666667
19 0.29375 0.6308333333333334 0.04 0.055
19 0.46 0.7933333333333333 0.0475 0.06333333333333334
19 0.45 0.8391666666666667 0.0475 0.055
19 0.470625 0.885 0.043750000000000004 0.06666666666666667
19 0.435625 0.8908333333333334 0.03375 0.058333333333333334
19 0.311875 0.8883333333333334 0.051250000000000004 0.05333333333333334
19 0.279375 0.8266666666666668 0.05375 0.05333333333333334
19 0.75125 0.6858333333333334 0.04 0.06833333333333334
19 0.821875 0.7833333333333334 0.04625 0.060000000000000005
19 0.8406250000000001 0.7400000000000001 0.03875 0.04666666666666667
19 0.185 0.2941666666666667 0.04 0.06166666666666667
19 0.213125 0.2733333333333334 0.04875 0.06666666666666667
25 0.5775 0.4 0.06 0.07666666666666667
19 0.8025 0.3916666666666667 0.055 0.060000000000000005
26 0.529375 0.11083333333333334 0.03125 0.045000000000000005
26 0.30062500000000003 0.17500000000000002 0.03375 0.03666666666666667
26 0.166875 0.545 0.02375 0.05
26 0.28250000000000003 0.5725 0.0225 0.035
26 0.434375 0.6141666666666667 0.03625 0.04166666666666667
26 0.359375 0.5158333333333334 0.02125 0.04833333333333334
26 0.34750000000000003 0.49250000000000005 0.025 0.04166666666666667
26 0.435625 0.4241666666666667 0.02375 0.045000000000000005
26 0.5925 0.5025000000000001 0.03 0.04833333333333334
26 0.67625 0.5175000000000001 0.0225 0.04166666666666667
26 0.618125 0.26333333333333336 0.02625 0.04666666666666667
