11 0.195625 0.13833333333333334 0.06125 0.06333333333333334
11 0.30062500000000003 0.26416666666666666 0.07125000000000001 0.085
11 0.3275 0.3383333333333334 0.0525 0.07
11 0.34500000000000003 0.405 0.0525 0.08
11 0.41250000000000003 0.39333333333333337 0.06 0.1
11 0.3125 0.47000000000000003 0.0475 0.08333333333333334
11 0.15125 0.3925 0.0475 0.09166666666666667
11 0.20750000000000002 0.4541666666666667 0.0475 0.08166666666666667
11 0.099375 0.5525 0.058750000000000004 0.095
11 0.474375 0.48833333333333334 0.06375 0.07333333333333333
11 0.73875 0.20916666666666667 0.0675 0.06166666666666667
11 0.690625 0.42583333333333334 0.043750000000000004 0.07833333333333334
11 0.61125 0.42000000000000004 0.05 0.08333333333333334
11 0.578125 0.4441666666666667 0.06125 0.09166666666666667
11 0.7262500000000001 0.5108333333333334 0.0475 0.08833333333333333
11 0.825625 0.5416666666666667 0.05625 0.06333333333333334
11 0.92 0.6508333333333334 0.045 0.07166666666666667
11 0.9756250000000001 0.67 0.03625 0.07666666666666667
11 0.680625 0.635 0.04875 0.08333333333333334
11 0.63125 0.6108333333333333 0.045 0.11166666666666668
11 0.444375 0.6183333333333334 0.06625 0.07
11 0.301875 0.685 0.058750000000000004 0.06666666666666667
11 0.39937500000000004 0.6975 0.06875 0.06833333333333334
11 0.45437500000000003 0.7025 0.058750000000000004 0.065
11 0.455625 0.7633333333333334 0.06875 0.07333333333333333
11 0.53125 0.7608333333333334 0.0625 0.07500000000000001
11 0.42 0.8425 0.05 0.08833333333333333
11 0.7781250000000001 0.9341666666666667 0.04625 0.07833333333333334
18 0.149375 0.5358333333333334 0.03125 0.05166666666666667
18 0.48812500000000003 0.6516666666666667 0.02875 0.05
18 0.34625 0.8875000000000001 0.04 0.04833333333333334
18 0.658125 0.10500000000000001 0.02875 0.05
