18 0.398390 0.659969 0.055438 0.097608
7 0.361085 0.471339 0.054514 0.136532
7 0.357158 0.314223 0.058673 0.162866
7 0.431075 0.599070 0.049432 0.172573
7 0.464107 0.798672 0.105332 0.076930
7 0.744302 0.475360 0.121503 0.083166
7 0.619104 0.402935 0.112264 0.065837
7 0.651674 0.335707 0.099789 0.083860
7 0.472886 0.410212 0.043428 0.148315
7 0.448630 0.494072 0.043889 0.126137
7 0.528555 0.698526 0.052204 0.153860
7 0.640588 0.622981 0.053591 0.141382
7 0.677085 0.787581 0.048971 0.140691
7 0.616102 0.706150 0.046199 0.149701
7 0.618412 0.488875 0.092397 0.079704
7 0.521624 0.449717 0.048508 0.149701
7 0.509844 0.579319 0.114573 0.066535
10 0.366397 0.562338 0.057747 0.072771
5 0.406313 0.430577 0.045984 0.117917
0 0.417832 0.363685 0.048894 0.083745
