15 0.784367 0.203079 0.105521 0.114307
15 0.207344 0.526551 0.100806 0.087210
15 0.282453 0.493632 0.092898 0.118396
15 0.381035 0.569291 0.126993 0.123019
15 0.165836 0.337405 0.127488 0.173267
15 0.107032 0.164140 0.090921 0.118974
15 0.232544 0.135840 0.088948 0.125904
15 0.402281 0.058736 0.112169 0.099916
15 0.401096 0.322792 0.108217 0.114933
17 0.804564 0.533598 0.075110 0.125326
17 0.470523 0.566230 0.069181 0.116664
15 0.780598 0.766060 0.113159 0.129371
18 0.379107 0.487104 0.063249 0.075082
18 0.608143 0.286986 0.089440 0.069884
18 0.310174 0.082243 0.053862 0.091251
18 0.174038 0.150682 0.038540 0.099916
15 0.322034 0.190824 0.085487 0.121284
15 0.534704 0.187064 0.095397 0.103478
