19 0.42312500000000003 0.15333333333333335 0.04625 0.05
21 0.416875 0.2066666666666667 0.06125 0.06333333333333334
19 0.46375 0.15083333333333335 0.035 0.045000000000000005
19 0.381875 0.20750000000000002 0.043750000000000004 0.04833333333333334
19 0.34500000000000003 0.21000000000000002 0.0425 0.05
18 0.361875 0.17916666666666667 0.03125 0.03833333333333334
19 0.365 0.2783333333333334 0.0475 0.060000000000000005
11 0.47625 0.27166666666666667 0.0375 0.03666666666666667
19 0.566875 0.24166666666666667 0.03125 0.05333333333333334
19 0.53625 0.34750000000000003 0.0275 0.055
19 0.46187500000000004 0.3766666666666667 0.03125 0.05
19 0.370625 0.37583333333333335 0.03625 0.055
19 0.28875 0.3383333333333334 0.0325 0.05333333333333334
19 0.351875 0.4166666666666667 0.043750000000000004 0.06333333333333334
18 0.245625 0.43750000000000006 0.02375 0.03833333333333334
18 0.313125 0.5425 0.02625 0.03166666666666667
18 0.2175 0.4841666666666667 0.025 0.025
20 0.279375 0.6391666666666667 0.02875 0.03833333333333334
24 0.324375 0.6825 0.02875 0.055
19 0.350625 0.6991666666666667 0.03125 0.04833333333333334
19 0.384375 0.6950000000000001 0.043750000000000004 0.04666666666666667
19 0.3975 0.7525000000000001 0.035 0.04833333333333334
19 0.375625 0.7833333333333334 0.04875 0.05666666666666667
19 0.355 0.7466666666666667 0.0375 0.05
19 0.32375 0.7300000000000001 0.055 0.043333333333333335
19 0.43375 0.7666666666666667 0.0575 0.05
19 0.525 0.7183333333333334 0.04 0.05
19 0.510625 0.8033333333333333 0.04125 0.04
19 0.58125 0.8016666666666667 0.0375 0.060000000000000005
19 0.544375 0.8516666666666667 0.02875 0.03666666666666667
19 0.5175 0.8466666666666667 0.0375 0.04
19 0.46875 0.8425 0.0425 0.035
19 0.44875 0.8825000000000001 0.035 0.058333333333333334
19 0.595625 0.8391666666666667 0.03375 0.03833333333333334
19 0.614375 0.7566666666666667 0.03625 0.05
19 0.639375 0.7233333333333334 0.03625 0.04666666666666667
19 0.563125 0.7575000000000001 0.03625 0.045000000000000005
19 0.551875 0.7125 0.03625 0.06833333333333334
19 0.5650000000000001 0.675 0.0375 0.03666666666666667
19 0.599375 0.6691666666666667 0.051250000000000004 0.04833333333333334
20 0.489375 0.7108333333333334 0.02875 0.035
23 0.5925 0.7225 0.03 0.045000000000000005
23 0.5593750000000001 0.8041666666666667 0.03625 0.045000000000000005
18 0.43875000000000003 0.7316666666666667 0.025 0.03666666666666667
18 0.411875 0.7791666666666667 0.02375 0.028333333333333335
18 0.314375 0.7958333333333334 0.01625 0.028333333333333335
18 0.53125 0.7975000000000001 0.0325 0.028333333333333335
19 0.7312500000000001 0.68 0.0375 0.060000000000000005
19 0.7212500000000001 0.6483333333333334 0.0375 0.06333333333333334
19 0.688125 0.6341666666666667 0.04125 0.065
19 0.595625 0.62 0.043750000000000004 0.05
19 0.5650000000000001 0.6341666666666667 0.035 0.06166666666666667
19 0.52875 0.6358333333333334 0.0325 0.05166666666666667
19 0.501875 0.6091666666666667 0.043750000000000004 0.06166666666666667
19 0.5 0.6425000000000001 0.035 0.06166666666666667
19 0.759375 0.5441666666666667 0.03375 0.035
19 0.738125 0.5066666666666667 0.043750000000000004 0.04
19 0.7125 0.53 0.0375 0.05
19 0.67125 0.55 0.055 0.043333333333333335
19 0.6950000000000001 0.5750000000000001 0.04 0.05333333333333334
19 0.610625 0.515 0.043750000000000004 0.05
19 0.755 0.4541666666666667 0.04 0.055
19 0.74375 0.4133333333333334 0.035 0.04666666666666667
19 0.7212500000000001 0.40750000000000003 0.035 0.06166666666666667
19 0.716875 0.44583333333333336 0.03375 0.04833333333333334
19 0.685 0.44083333333333335 0.0375 0.08166666666666667
24 0.689375 0.4816666666666667 0.04125 0.05333333333333334
19 0.7075 0.32333333333333336 0.0325 0.05333333333333334
19 0.7125 0.2775 0.045 0.055
19 0.666875 0.3166666666666667 0.03625 0.05333333333333334
19 0.644375 0.32666666666666666 0.04875 0.05333333333333334
19 0.665 0.3791666666666667 0.04 0.07500000000000001
19 0.614375 0.3075 0.03375 0.05166666666666667
19 0.603125 0.3458333333333334 0.04125 0.04166666666666667
19 0.645 0.24833333333333335 0.04 0.06333333333333334
19 0.5806250000000001 0.17750000000000002 0.03125 0.058333333333333334
19 0.520625 0.5516666666666667 0.03375 0.05
