11 0.315625 0.18250000000000002 0.02375 0.045000000000000005
11 0.285625 0.19 0.03125 0.03666666666666667
11 0.3075 0.24333333333333335 0.0275 0.03666666666666667
11 0.42 0.17500000000000002 0.0225 0.05
11 0.446875 0.17 0.03125 0.03666666666666667
11 0.5075000000000001 0.16166666666666668 0.03 0.04
11 0.543125 0.17916666666666667 0.01875 0.04166666666666667
11 0.575625 0.19833333333333333 0.02125 0.04666666666666667
11 0.5231250000000001 0.21916666666666668 0.03875 0.03166666666666667
11 0.52125 0.25083333333333335 0.0375 0.04166666666666667
27 0.45437500000000003 0.21500000000000002 0.02625 0.04666666666666667
11 0.4225 0.24416666666666667 0.04 0.03166666666666667
11 0.42625 0.2941666666666667 0.0325 0.028333333333333335
27 0.500625 0.3225 0.02875 0.058333333333333334
11 0.40750000000000003 0.3433333333333334 0.0375 0.030000000000000002
11 0.381875 0.31083333333333335 0.02375 0.045000000000000005
11 0.455 0.43583333333333335 0.035 0.04166666666666667
11 0.34625 0.4008333333333334 0.025 0.045000000000000005
24 0.383125 0.36083333333333334 0.02875 0.05166666666666667
24 0.598125 0.22416666666666668 0.043750000000000004 0.055
24 0.624375 0.28500000000000003 0.03625 0.05666666666666667
19 0.6637500000000001 0.21166666666666667 0.0325 0.04
11 0.71625 0.28250000000000003 0.03 0.035
11 0.701875 0.4091666666666667 0.02625 0.04166666666666667
11 0.76 0.4366666666666667 0.0175 0.05333333333333334
19 0.77625 0.4141666666666667 0.03 0.04166666666666667
11 0.725 0.45333333333333337 0.03 0.03666666666666667
11 0.6843750000000001 0.4625 0.03375 0.028333333333333335
11 0.651875 0.4766666666666667 0.03375 0.03333333333333333
11 0.5806250000000001 0.4783333333333334 0.02125 0.05
11 0.545625 0.48000000000000004 0.02375 0.05333333333333334
19 0.58625 0.4475 0.035 0.035
19 0.604375 0.5166666666666667 0.03875 0.04
11 0.561875 0.5275000000000001 0.02125 0.055
11 0.535 0.5591666666666667 0.0375 0.035
11 0.48375 0.5750000000000001 0.0325 0.04
11 0.4875 0.6075 0.035 0.028333333333333335
11 0.421875 0.5275000000000001 0.03375 0.035
11 0.3925 0.5375000000000001 0.03 0.04166666666666667
11 0.366875 0.5491666666666667 0.03375 0.03166666666666667
21 0.37125 0.5908333333333333 0.05 0.04166666666666667
11 0.440625 0.6316666666666667 0.03875 0.03333333333333333
11 0.463125 0.6575000000000001 0.02375 0.05166666666666667
11 0.54125 0.6916666666666668 0.0325 0.03333333333333333
11 0.68375 0.7758333333333334 0.035 0.028333333333333335
11 0.59 0.7625000000000001 0.0325 0.028333333333333335
11 0.52375 0.8275 0.0225 0.045000000000000005
28 0.476875 0.7875000000000001 0.03375 0.04833333333333334
28 0.41500000000000004 0.8841666666666668 0.02 0.04166666666666667
28 0.38125000000000003 0.8041666666666667 0.0225 0.045000000000000005
28 0.2725 0.7458333333333333 0.0225 0.03833333333333334
19 0.474375 0.7141666666666667 0.02375 0.04166666666666667
19 0.450625 0.745 0.03875 0.043333333333333335
19 0.36625 0.68 0.03 0.04
19 0.25 0.6558333333333334 0.03 0.045000000000000005
19 0.22375 0.6633333333333333 0.0325 0.03333333333333333
11 0.306875 0.6466666666666667 0.02875 0.02666666666666667
11 0.30062500000000003 0.6741666666666667 0.02625 0.028333333333333335
11 0.27 0.6583333333333333 0.03 0.04
11 0.25 0.6133333333333334 0.025 0.04
11 0.20625000000000002 0.6741666666666667 0.025 0.03166666666666667
27 0.228125 0.625 0.02875 0.04
11 0.295 0.48750000000000004 0.0225 0.04166666666666667
11 0.291875 0.5233333333333333 0.03625 0.03666666666666667
19 0.244375 0.48000000000000004 0.03375 0.05333333333333334
19 0.23875000000000002 0.4316666666666667 0.0275 0.030000000000000002
11 0.211875 0.3725 0.02625 0.04833333333333334
11 0.260625 0.26583333333333337 0.03375 0.028333333333333335
11 0.245 0.30000000000000004 0.03 0.03666666666666667
19 0.275 0.2391666666666667 0.03 0.058333333333333334
