28 0.519375 0.17 0.04625 0.07
25 0.64125 0.25916666666666666 0.04 0.08166666666666667
25 0.676875 0.2566666666666667 0.051250000000000004 0.06666666666666667
19 0.834375 0.28833333333333333 0.02875 0.07
18 0.7468750000000001 0.3375 0.03125 0.05166666666666667
25 0.67625 0.39333333333333337 0.0375 0.08333333333333334
25 0.68625 0.43250000000000005 0.0475 0.05166666666666667
19 0.635 0.42333333333333334 0.0425 0.03666666666666667
19 0.720625 0.39916666666666667 0.03875 0.04833333333333334
19 0.67875 0.5275000000000001 0.04 0.055
24 0.6118750000000001 0.5816666666666667 0.051250000000000004 0.07666666666666667
