11 0.408125 0.14333333333333334 0.03625 0.03333333333333333
11 0.296875 0.24333333333333335 0.03875 0.03333333333333333
11 0.5075000000000001 0.21166666666666667 0.0275 0.05333333333333334
11 0.52875 0.25833333333333336 0.0225 0.05333333333333334
11 0.65125 0.23083333333333333 0.03 0.035
11 0.701875 0.2366666666666667 0.02625 0.04666666666666667
11 0.69625 0.39916666666666667 0.03 0.05166666666666667
28 0.5875 0.515 0.0475 0.060000000000000005
28 0.7000000000000001 0.6691666666666667 0.045 0.05166666666666667
11 0.57625 0.5966666666666667 0.0325 0.043333333333333335
11 0.541875 0.5908333333333333 0.043750000000000004 0.035
11 0.47625 0.7375 0.0375 0.03833333333333334
19 0.491875 0.8200000000000001 0.02875 0.04
19 0.26625 0.7541666666666668 0.04 0.045000000000000005
28 0.335625 0.7466666666666667 0.04125 0.05333333333333334
