6 0.125104 0.883656 0.070412 0.045942
7 0.569620 0.414061 0.071712 0.201444
7 0.458051 0.637596 0.076446 0.214696
2 0.556293 0.766149 0.040906 0.063613
2 0.608933 0.375192 0.037554 0.043291
7 0.435251 0.121181 0.083154 0.213813
8 0.367857 0.547036 0.077118 0.118393
8 0.368527 0.389328 0.077118 0.099837
8 0.242791 0.351779 0.056330 0.143130
8 0.659563 0.673378 0.054318 0.120158
8 0.365845 0.858917 0.050294 0.132527
9 0.282021 0.949477 0.038222 0.059196
9 0.527121 0.968916 0.056330 0.053895
9 0.474145 0.194071 0.045602 0.045059
8 0.684710 0.331900 0.046940 0.128111
8 0.231056 0.638038 0.046272 0.038875
8 0.576410 0.886307 0.081140 0.075982
6 0.731651 0.490049 0.046942 0.050358
6 0.659899 0.447199 0.038894 0.040643
6 0.593510 0.576192 0.044260 0.031805
6 0.562998 0.611532 0.044928 0.026506
6 0.547909 0.649082 0.052306 0.041526
6 0.129127 0.547037 0.055658 0.038875
6 0.191492 0.289491 0.039564 0.075099
6 0.585127 0.210415 0.027494 0.056545
6 0.471798 0.288607 0.038224 0.060962
6 0.413121 0.289049 0.025482 0.058314
6 0.319574 0.152103 0.035540 0.065381
6 0.429216 0.418925 0.045600 0.042408
6 0.174057 0.872613 0.031518 0.060962
6 0.325945 0.949478 0.037554 0.064495
6 0.680016 0.888074 0.063036 0.037107
6 0.681357 0.937551 0.033530 0.045942
