18 0.14875 0.4091666666666667 0.0475 0.04833333333333334
28 0.35000000000000003 0.4025 0.065 0.08833333333333333
21 0.273125 0.3416666666666667 0.06875 0.08333333333333334
21 0.27375 0.4291666666666667 0.065 0.08833333333333333
28 0.48 0.5900000000000001 0.065 0.08666666666666667
11 0.12687500000000002 0.6283333333333334 0.06375 0.05666666666666667
23 0.275 0.6841666666666667 0.0625 0.085
23 0.379375 0.7308333333333333 0.06875 0.10500000000000001
24 0.288125 0.7966666666666667 0.07625 0.08333333333333334
28 0.4475 0.8466666666666667 0.0675 0.09000000000000001
19 0.48562500000000003 0.8041666666666667 0.058750000000000004 0.09833333333333334
23 0.551875 0.7758333333333334 0.05375 0.07833333333333334
25 0.71125 0.8975000000000001 0.0775 0.06833333333333334
