19 0.384375 0.16666666666666669 0.051250000000000004 0.05333333333333334
19 0.445625 0.14916666666666667 0.03625 0.04166666666666667
19 0.34750000000000003 0.17583333333333334 0.0475 0.05166666666666667
24 0.35875 0.20833333333333334 0.04 0.05666666666666667
21 0.37875000000000003 0.21083333333333334 0.045 0.065
19 0.418125 0.22416666666666668 0.02375 0.04166666666666667
11 0.40750000000000003 0.2316666666666667 0.0225 0.05
24 0.31 0.19416666666666668 0.0375 0.04166666666666667
19 0.274375 0.19333333333333336 0.03375 0.04666666666666667
19 0.275 0.225 0.04 0.04666666666666667
19 0.270625 0.24333333333333335 0.03375 0.06333333333333334
19 0.281875 0.28583333333333333 0.02375 0.04833333333333334
24 0.19 0.4658333333333334 0.0275 0.05166666666666667
19 0.294375 0.525 0.04875 0.060000000000000005
21 0.340625 0.5275000000000001 0.04875 0.06166666666666667
19 0.374375 0.6033333333333334 0.05625 0.043333333333333335
11 0.398125 0.6325000000000001 0.03625 0.03833333333333334
19 0.405625 0.6741666666666667 0.03625 0.058333333333333334
11 0.30625 0.6933333333333334 0.0325 0.02666666666666667
19 0.405 0.7175 0.0275 0.04833333333333334
21 0.341875 0.7808333333333334 0.043750000000000004 0.058333333333333334
19 0.39 0.7966666666666667 0.04 0.04666666666666667
19 0.445 0.7916666666666667 0.04 0.03666666666666667
19 0.4475 0.8433333333333334 0.0375 0.060000000000000005
24 0.495 0.8966666666666667 0.0525 0.043333333333333335
24 0.5375 0.8783333333333334 0.04 0.05666666666666667
20 0.54625 0.8350000000000001 0.0275 0.02666666666666667
21 0.49062500000000003 0.8466666666666667 0.06125 0.05666666666666667
28 0.540625 0.7825000000000001 0.04125 0.04166666666666667
24 0.5525 0.7300000000000001 0.0525 0.060000000000000005
24 0.45437500000000003 0.6900000000000001 0.02875 0.05333333333333334
19 0.515625 0.6566666666666667 0.03125 0.03333333333333333
19 0.55375 0.6358333333333334 0.035 0.06166666666666667
19 0.5593750000000001 0.6808333333333334 0.03625 0.055
24 0.513125 0.5950000000000001 0.043750000000000004 0.04
21 0.561875 0.5883333333333334 0.05375 0.06666666666666667
19 0.6075 0.5750000000000001 0.045 0.04666666666666667
24 0.650625 0.5950000000000001 0.04125 0.05666666666666667
19 0.67375 0.5691666666666667 0.0425 0.04833333333333334
21 0.631875 0.6416666666666667 0.04875 0.05666666666666667
24 0.586875 0.6291666666666667 0.03875 0.05166666666666667
19 0.670625 0.6608333333333334 0.03625 0.058333333333333334
19 0.688125 0.6883333333333334 0.03125 0.030000000000000002
19 0.6625 0.6941666666666667 0.03 0.03833333333333334
21 0.64625 0.7275 0.0375 0.06833333333333334
20 0.6743750000000001 0.7708333333333334 0.02625 0.035
20 0.609375 0.805 0.03875 0.06666666666666667
19 0.63125 0.8491666666666667 0.0375 0.035
12 0.48625 0.7816666666666667 0.0125 0.01
12 0.45937500000000003 0.7566666666666667 0.01125 0.013333333333333334
19 0.39187500000000003 0.3466666666666667 0.06875 0.043333333333333335
19 0.546875 0.335 0.043750000000000004 0.04666666666666667
19 0.57125 0.27083333333333337 0.0425 0.05166666666666667
19 0.54625 0.21000000000000002 0.0375 0.05333333333333334
24 0.486875 0.18166666666666667 0.03875 0.060000000000000005
19 0.62875 0.21416666666666667 0.03 0.04166666666666667
19 0.656875 0.23583333333333334 0.03625 0.04833333333333334
21 0.738125 0.35083333333333333 0.03625 0.06833333333333334
19 0.75875 0.4191666666666667 0.035 0.03833333333333334
19 0.626875 0.43583333333333335 0.03625 0.05166666666666667
19 0.6168750000000001 0.47750000000000004 0.043750000000000004 0.055
19 0.670625 0.4491666666666667 0.03875 0.05166666666666667
19 0.690625 0.4491666666666667 0.04125 0.045000000000000005
19 0.750625 0.52 0.03625 0.05
19 0.7625000000000001 0.5216666666666667 0.0475 0.043333333333333335
20 0.7368750000000001 0.4916666666666667 0.02625 0.04666666666666667
21 0.69875 0.49833333333333335 0.04 0.07
24 0.7725 0.6166666666666667 0.0425 0.05666666666666667
19 0.7418750000000001 0.5975 0.02625 0.04833333333333334
21 0.713125 0.5566666666666668 0.03875 0.06333333333333334
19 0.6925 0.62 0.045 0.05
19 0.335 0.2275 0.0325 0.04166666666666667
