21 0.264375 0.3325 0.07375 0.08833333333333333
24 0.246875 0.42250000000000004 0.058750000000000004 0.08833333333333333
28 0.395625 0.3216666666666667 0.06375 0.09666666666666668
19 0.39687500000000003 0.43833333333333335 0.058750000000000004 0.07666666666666667
31 0.489375 0.4341666666666667 0.03125 0.06166666666666667
21 0.5075000000000001 0.3741666666666667 0.07 0.07166666666666667
21 0.326875 0.5333333333333333 0.07375 0.08333333333333334
24 0.2225 0.5825 0.0725 0.08166666666666667
18 0.201875 0.675 0.04125 0.05333333333333334
24 0.3625 0.6325000000000001 0.04 0.095
24 0.309375 0.7491666666666668 0.06125 0.08833333333333333
24 0.31 0.6866666666666668 0.06 0.05666666666666667
24 0.45437500000000003 0.7333333333333334 0.05375 0.08666666666666667
18 0.4425 0.9550000000000001 0.045 0.043333333333333335
18 0.63625 0.9425000000000001 0.0375 0.05166666666666667
21 0.601875 0.7633333333333334 0.05625 0.08333333333333334
21 0.609375 0.6741666666666667 0.06625 0.10166666666666667
21 0.615 0.6083333333333334 0.105 0.1
20 0.69875 0.7466666666666667 0.0475 0.06666666666666667
24 0.668125 0.8158333333333334 0.05625 0.08833333333333333
24 0.570625 0.8 0.04125 0.08666666666666667
24 0.63875 0.36583333333333334 0.06 0.09833333333333334
24 0.7518750000000001 0.4091666666666667 0.06375 0.09833333333333334
24 0.605625 0.15666666666666668 0.06375 0.07333333333333333
24 0.82875 0.20833333333333334 0.05 0.08
18 0.75625 0.13583333333333333 0.0425 0.06833333333333334
21 0.665625 0.2833333333333333 0.08125 0.07666666666666667
21 0.539375 0.15666666666666668 0.09625 0.09666666666666668
21 0.614375 0.4666666666666667 0.08625000000000001 0.11
21 0.7675000000000001 0.48500000000000004 0.0475 0.09333333333333334
11 0.68625 0.3175 0.055 0.035
18 0.798125 0.5966666666666667 0.03125 0.04
18 0.759375 0.6158333333333333 0.03875 0.05166666666666667
19 0.566875 0.04916666666666667 0.06375 0.058333333333333334
18 0.45625 0.0275 0.0325 0.04833333333333334
31 0.525 0.02416666666666667 0.025 0.045000000000000005
20 0.3675 0.7858333333333334 0.0375 0.055
