11 0.08750000000000001 0.2516666666666667 0.045 0.05333333333333334
22 0.1775 0.24750000000000003 0.035 0.028333333333333335
22 0.23125 0.5741666666666667 0.03 0.05166666666666667
22 0.11750000000000001 0.8241666666666667 0.0275 0.03166666666666667
22 0.49125 0.9516666666666668 0.0375 0.05
22 0.446875 0.93 0.02625 0.04666666666666667
11 0.541875 0.6158333333333333 0.04875 0.07500000000000001
22 0.605625 0.5758333333333334 0.03375 0.07833333333333334
22 0.659375 0.4608333333333334 0.04625 0.035
22 0.480625 0.3541666666666667 0.02375 0.058333333333333334
22 0.579375 0.3383333333333334 0.02875 0.05333333333333334
22 0.680625 0.24916666666666668 0.04625 0.045000000000000005
22 0.671875 0.2841666666666667 0.02875 0.055
18 0.791875 0.21916666666666668 0.03375 0.045000000000000005
22 0.779375 0.37833333333333335 0.02875 0.05
22 0.780625 0.3416666666666667 0.03125 0.05666666666666667
22 0.688125 0.4766666666666667 0.03125 0.05333333333333334
22 0.734375 0.515 0.03875 0.05333333333333334
22 0.6793750000000001 0.5416666666666667 0.02375 0.03666666666666667
22 0.77875 0.5800000000000001 0.0225 0.06666666666666667
22 0.703125 0.5758333333333334 0.04125 0.035
22 0.769375 0.6458333333333334 0.03875 0.028333333333333335
18 0.728125 0.7200000000000001 0.03375 0.02666666666666667
22 0.77 0.8925000000000001 0.025 0.04833333333333334
27 0.62125 0.8533333333333334 0.035 0.05333333333333334
22 0.875625 0.5791666666666667 0.02125 0.058333333333333334
22 0.20625000000000002 0.8308333333333334 0.0075 0.028333333333333335
22 0.2275 0.88 0.01 0.03333333333333333
22 0.613125 0.2041666666666667 0.02875 0.04166666666666667
