0 0.803509 0.606146 0.064730 0.067491
0 0.451348 0.938864 0.062588 0.083199
0 0.443804 0.866343 0.053088 0.045650
12 0.838701 0.737543 0.034702 0.071713
8 0.516690 0.933668 0.046028 0.115510
0 0.499965 0.776518 0.055882 0.045647
0 0.517848 0.835419 0.060352 0.069209
0 0.663701 0.947331 0.068178 0.072153
0 0.400494 0.946594 0.049176 0.076572
0 0.376745 0.857140 0.056442 0.058163
0 0.388200 0.802287 0.060352 0.060374
0 0.402171 0.631474 0.071530 0.091296
0 0.266936 0.565578 0.072648 0.099394
0 0.416142 0.520667 0.045824 0.087615
0 0.559023 0.402447 0.047966 0.083444
0 0.872981 0.512200 0.063146 0.107494
1 0.731282 0.444353 0.056348 0.061354
9 0.436539 0.826216 0.029618 0.036079
0 0.698348 0.530238 0.048060 0.074364
0 0.679404 0.835922 0.060540 0.100008
0 0.490102 0.615349 0.077768 0.069945
0 0.548313 0.671183 0.074974 0.136211
0 0.541327 0.495706 0.054486 0.083444
0 0.478926 0.440487 0.067524 0.079763
0 0.421413 0.231265 0.050294 0.077307
0 0.407210 0.157638 0.049828 0.074854
0 0.543656 0.270225 0.060072 0.079149
0 0.684992 0.225437 0.077304 0.079149
0 0.610016 0.295689 0.048432 0.084669
0 0.711303 0.318697 0.065662 0.052150
0 0.687786 0.395390 0.040980 0.079149
0 0.679628 0.463238 0.044148 0.058166
0 0.629892 0.798606 0.045264 0.079515
0 0.472825 0.690387 0.031202 0.057676
0 0.633301 0.399993 0.067990 0.074854
0 0.636794 0.562278 0.068456 0.102464
0 0.717357 0.637132 0.063798 0.055834
