19 0.444375 0.11666666666666667 0.04125 0.07
26 0.30062500000000003 0.2275 0.02625 0.03833333333333334
26 0.203125 0.24166666666666667 0.02375 0.03666666666666667
26 0.36875 0.265 0.025 0.04666666666666667
26 0.400625 0.3741666666666667 0.03375 0.05166666666666667
26 0.38625 0.41000000000000003 0.035 0.043333333333333335
30 0.333125 0.46166666666666667 0.03875 0.05333333333333334
26 0.37 0.4766666666666667 0.0225 0.043333333333333335
26 0.259375 0.5175000000000001 0.03125 0.035
26 0.434375 0.6275000000000001 0.03375 0.025
24 0.48125 0.9 0.0675 0.06666666666666667
11 0.62125 0.8316666666666667 0.055 0.05333333333333334
27 0.48 0.6716666666666667 0.0625 0.05666666666666667
26 0.574375 0.4891666666666667 0.03125 0.045000000000000005
26 0.478125 0.29750000000000004 0.02375 0.03833333333333334
26 0.496875 0.3116666666666667 0.03375 0.043333333333333335
19 0.52875 0.31583333333333335 0.0525 0.06833333333333334
21 0.46625 0.32083333333333336 0.06 0.08833333333333333
26 0.5975 0.0825 0.0275 0.04833333333333334
11 0.5 0.23500000000000001 0.0625 0.04666666666666667
11 0.726875 0.2325 0.04625 0.06166666666666667
11 0.813125 0.49333333333333335 0.05625 0.060000000000000005
