27 0.8456250000000001 0.4491666666666667 0.04625 0.08833333333333333
27 0.486875 0.08833333333333333 0.051250000000000004 0.05666666666666667
23 0.333125 0.14250000000000002 0.03875 0.07833333333333334
19 0.335 0.2783333333333334 0.0375 0.06333333333333334
19 0.44375000000000003 0.21000000000000002 0.035 0.05666666666666667
26 0.511875 0.2916666666666667 0.03125 0.03666666666666667
26 0.365 0.21666666666666667 0.025 0.043333333333333335
26 0.445625 0.3866666666666667 0.03625 0.02666666666666667
26 0.40625 0.3541666666666667 0.035 0.03166666666666667
26 0.33187500000000003 0.36833333333333335 0.02875 0.04666666666666667
26 0.176875 0.44 0.02375 0.05
26 0.2575 0.3716666666666667 0.035 0.043333333333333335
18 0.245625 0.44583333333333336 0.02875 0.04166666666666667
21 0.22312500000000002 0.5133333333333334 0.058750000000000004 0.08
26 0.44 0.5225000000000001 0.0275 0.04833333333333334
18 0.359375 0.5383333333333333 0.03375 0.04666666666666667
19 0.18 0.6758333333333334 0.04 0.05166666666666667
26 0.226875 0.6841666666666667 0.02625 0.035
20 0.3125 0.6575000000000001 0.0375 0.055
26 0.403125 0.6025 0.02875 0.04166666666666667
26 0.43125 0.6433333333333334 0.0325 0.030000000000000002
26 0.5225 0.7933333333333333 0.0275 0.03666666666666667
26 0.5375 0.8591666666666667 0.025 0.03833333333333334
18 0.39 0.7416666666666667 0.03 0.043333333333333335
18 0.5175 0.7050000000000001 0.025 0.043333333333333335
19 0.43062500000000004 0.6066666666666667 0.04625 0.060000000000000005
26 0.5700000000000001 0.5983333333333334 0.0225 0.05
26 0.594375 0.5866666666666667 0.03125 0.04
26 0.624375 0.6416666666666667 0.03375 0.03666666666666667
26 0.71375 0.4808333333333334 0.03 0.05166666666666667
26 0.6375000000000001 0.4108333333333334 0.0225 0.035
26 0.6481250000000001 0.4316666666666667 0.02625 0.043333333333333335
19 0.67875 0.4166666666666667 0.055 0.060000000000000005
26 0.601875 0.15666666666666668 0.02375 0.04
19 0.61125 0.26583333333333337 0.05 0.065
19 0.55875 0.13333333333333333 0.0575 0.05666666666666667
18 0.510625 0.12583333333333335 0.03375 0.045000000000000005
