20 0.42875 0.10416666666666667 0.0475 0.07500000000000001
19 0.218125 0.46 0.051250000000000004 0.060000000000000005
20 0.171875 0.48500000000000004 0.02875 0.07
20 0.245 0.5008333333333334 0.0425 0.045000000000000005
20 0.34 0.6083333333333334 0.0475 0.08333333333333334
20 0.451875 0.5625 0.051250000000000004 0.065
28 0.29125 0.4791666666666667 0.0575 0.09833333333333334
19 0.330625 0.5291666666666667 0.03125 0.06833333333333334
20 0.15937500000000002 0.665 0.02625 0.05666666666666667
20 0.135 0.685 0.0325 0.05333333333333334
20 0.10625 0.7258333333333333 0.035 0.045000000000000005
20 0.299375 0.7425 0.05625 0.055
20 0.40375 0.7458333333333333 0.0425 0.04166666666666667
20 0.445 0.7758333333333334 0.0575 0.058333333333333334
20 0.39875 0.7875000000000001 0.0425 0.055
20 0.325 0.79 0.05 0.06333333333333334
20 0.244375 0.7983333333333333 0.03875 0.05
20 0.28625 0.8483333333333334 0.0475 0.05666666666666667
20 0.351875 0.8258333333333334 0.03875 0.055
20 0.38375000000000004 0.8383333333333334 0.0325 0.05333333333333334
20 0.324375 0.8858333333333334 0.03625 0.045000000000000005
20 0.33437500000000003 0.9058333333333334 0.03375 0.04166666666666667
19 0.36875 0.8816666666666667 0.04 0.06333333333333334
20 0.42312500000000003 0.93 0.04625 0.06666666666666667
20 0.486875 0.9341666666666667 0.03875 0.06166666666666667
20 0.436875 0.9725 0.04125 0.04833333333333334
19 0.463125 0.8983333333333334 0.04625 0.07
20 0.42125 0.8600000000000001 0.0425 0.05
20 0.420625 0.8266666666666668 0.03625 0.04666666666666667
20 0.450625 0.8150000000000001 0.03375 0.05
20 0.476875 0.7991666666666667 0.02625 0.06166666666666667
20 0.573125 0.9641666666666667 0.04875 0.045000000000000005
20 0.6218750000000001 0.92 0.03875 0.06666666666666667
20 0.615 0.8525 0.06 0.07166666666666667
20 0.703125 0.8808333333333334 0.04125 0.04833333333333334
20 0.68875 0.8425 0.0325 0.04833333333333334
20 0.561875 0.8191666666666667 0.043750000000000004 0.055
19 0.521875 0.8175 0.043750000000000004 0.07500000000000001
19 0.599375 0.795 0.06875 0.06666666666666667
19 0.6575 0.7191666666666667 0.0575 0.08166666666666667
19 0.535 0.7525000000000001 0.07 0.045000000000000005
20 0.58 0.7533333333333334 0.0275 0.06333333333333334
20 0.55 0.68 0.045 0.043333333333333335
20 0.655625 0.6641666666666667 0.03875 0.045000000000000005
20 0.64625 0.5883333333333334 0.0375 0.06666666666666667
20 0.675625 0.6091666666666667 0.04125 0.065
20 0.7156250000000001 0.47750000000000004 0.043750000000000004 0.06833333333333334
19 0.47125 0.4791666666666667 0.0475 0.08166666666666667
19 0.51125 0.5066666666666667 0.055 0.06666666666666667
19 0.605625 0.5291666666666667 0.06125 0.07500000000000001
19 0.724375 0.6483333333333334 0.03625 0.07666666666666667
19 0.59375 0.27416666666666667 0.0475 0.055
20 0.65625 0.3441666666666667 0.045 0.065
20 0.6275000000000001 0.13416666666666668 0.0475 0.06166666666666667
20 0.725625 0.07583333333333334 0.04125 0.065
20 0.6793750000000001 0.03916666666666667 0.03625 0.04833333333333334
20 0.66125 0.023333333333333334 0.035 0.04666666666666667
20 0.629375 0.020833333333333336 0.03875 0.03833333333333334
20 0.724375 0.30250000000000005 0.03875 0.08166666666666667
20 0.8 0.33666666666666667 0.035 0.043333333333333335
20 0.795625 0.4033333333333334 0.04125 0.05333333333333334
20 0.761875 0.42583333333333334 0.043750000000000004 0.055
20 0.80875 0.5725 0.05 0.05166666666666667
20 0.7731250000000001 0.5175000000000001 0.03625 0.058333333333333334
20 0.76 0.5691666666666667 0.0475 0.085
20 0.8093750000000001 0.6458333333333334 0.03875 0.058333333333333334
20 0.841875 0.6825 0.04125 0.055
20 0.7875 0.8183333333333334 0.04 0.060000000000000005
20 0.2175 0.7766666666666667 0.035 0.060000000000000005
