18 0.175826 0.423818 0.065229 0.089403
17 0.576379 0.444607 0.083607 0.112968
17 0.868713 0.380500 0.097843 0.065147
17 0.338892 0.636930 0.066411 0.102568
15 0.493067 0.105009 0.110293 0.074158
15 0.844698 0.173623 0.116225 0.169800
15 0.364094 0.299760 0.088350 0.114354
15 0.503442 0.555844 0.081239 0.128909
18 0.177012 0.244662 0.081830 0.077625
18 0.260621 0.340997 0.071158 0.092870
18 0.336818 0.414807 0.081236 0.065838
18 0.347491 0.479607 0.088354 0.063761
18 0.568669 0.139316 0.051587 0.073467
17 0.408864 0.435598 0.071155 0.079702
1 0.684595 0.197881 0.064043 0.057523
1 0.432575 0.336839 0.055752 0.058218
18 0.270050 0.622863 0.070563 0.105347
12 0.622571 0.270789 0.030837 0.034653
14 0.499826 0.275642 0.061668 0.031881
14 0.626721 0.146039 0.047435 0.044358
14 0.259969 0.443361 0.059888 0.070695
