18 0.050625 0.4416666666666667 0.04125 0.04666666666666667
18 0.26687500000000003 0.5333333333333333 0.03625 0.05
18 0.14375000000000002 0.76 0.04 0.05333333333333334
18 0.2175 0.8716666666666667 0.04 0.04666666666666667
18 0.42875 0.9116666666666667 0.0325 0.04666666666666667
18 0.473125 0.8466666666666667 0.04125 0.05666666666666667
20 0.51625 0.8566666666666667 0.055 0.06333333333333334
11 0.345625 0.66 0.04875 0.09666666666666668
11 0.411875 0.6183333333333334 0.06125 0.060000000000000005
11 0.41500000000000004 0.5608333333333334 0.0675 0.07166666666666667
11 0.49625 0.5900000000000001 0.0725 0.07
11 0.57375 0.5891666666666667 0.055 0.09166666666666667
11 0.64625 0.8016666666666667 0.055 0.08333333333333334
11 0.81875 0.33166666666666667 0.05 0.08333333333333334
11 0.813125 0.26416666666666666 0.06375 0.058333333333333334
11 0.789375 0.22333333333333336 0.05625 0.060000000000000005
11 0.7275 0.15833333333333335 0.08 0.07333333333333333
11 0.43125 0.3166666666666667 0.0475 0.08666666666666667
11 0.494375 0.2341666666666667 0.06125 0.08166666666666667
11 0.37875000000000003 0.2066666666666667 0.0575 0.09000000000000001
