11 0.680625 0.060833333333333336 0.043750000000000004 0.07500000000000001
11 0.81 0.1391666666666667 0.0575 0.058333333333333334
11 0.45875 0.06916666666666667 0.06 0.07166666666666667
11 0.43625 0.12833333333333335 0.035 0.07666666666666667
11 0.32937500000000003 0.08083333333333334 0.04875 0.058333333333333334
11 0.324375 0.2916666666666667 0.05625 0.04666666666666667
11 0.419375 0.3125 0.03875 0.08833333333333333
11 0.36875 0.32666666666666666 0.0525 0.060000000000000005
11 0.356875 0.36833333333333335 0.058750000000000004 0.05
11 0.388125 0.39083333333333337 0.03125 0.07166666666666667
11 0.154375 0.3125 0.04875 0.05166666666666667
11 0.15 0.43750000000000006 0.0425 0.07166666666666667
11 0.28500000000000003 0.4733333333333334 0.0675 0.06333333333333334
11 0.3375 0.42583333333333334 0.0525 0.07500000000000001
11 0.421875 0.4141666666666667 0.051250000000000004 0.08166666666666667
11 0.445 0.47000000000000003 0.045 0.08
11 0.395625 0.49583333333333335 0.04875 0.07166666666666667
11 0.335 0.5475 0.045 0.085
11 0.374375 0.5525 0.043750000000000004 0.05166666666666667
11 0.415625 0.5358333333333334 0.05375 0.055
11 0.39875 0.6008333333333333 0.06 0.06833333333333334
11 0.354375 0.6225 0.05375 0.058333333333333334
11 0.28875 0.5866666666666667 0.0525 0.07333333333333333
11 0.27625 0.5266666666666667 0.065 0.05333333333333334
11 0.18625 0.5391666666666667 0.0475 0.07500000000000001
11 0.139375 0.5650000000000001 0.04875 0.08
11 0.231875 0.5825 0.051250000000000004 0.06833333333333334
11 0.255 0.63 0.06 0.07333333333333333
11 0.19875 0.6766666666666667 0.0575 0.04666666666666667
11 0.37125 0.6725000000000001 0.0625 0.06166666666666667
11 0.40750000000000003 0.655 0.0525 0.07
11 0.45375 0.6625000000000001 0.065 0.07500000000000001
11 0.449375 0.6008333333333333 0.03375 0.08833333333333333
11 0.48125 0.5716666666666667 0.0375 0.08
11 0.435 0.7158333333333334 0.06 0.06166666666666667
11 0.395625 0.7383333333333334 0.06625 0.06666666666666667
11 0.43625 0.7875000000000001 0.06 0.065
11 0.345625 0.7100000000000001 0.06375 0.05
11 0.295625 0.7466666666666667 0.07625 0.060000000000000005
11 0.46187500000000004 0.8291666666666667 0.051250000000000004 0.095
11 0.41375 0.89 0.0575 0.05666666666666667
11 0.458125 0.9450000000000001 0.07125000000000001 0.06333333333333334
11 0.27875 0.9400000000000001 0.035 0.08
18 0.2975 0.9708333333333334 0.025 0.04833333333333334
11 0.666875 0.9316666666666668 0.03875 0.06333333333333334
18 0.764375 0.8766666666666667 0.03375 0.02666666666666667
11 0.779375 0.7591666666666668 0.04875 0.055
11 0.821875 0.7833333333333334 0.06125 0.05333333333333334
11 0.8575 0.7583333333333334 0.035 0.08333333333333334
11 0.71 0.7741666666666667 0.0575 0.055
11 0.6225 0.7966666666666667 0.065 0.06666666666666667
11 0.581875 0.8275 0.05375 0.05166666666666667
11 0.535 0.9066666666666667 0.0375 0.08333333333333334
11 0.48375 0.8716666666666667 0.0525 0.060000000000000005
11 0.52875 0.7533333333333334 0.0525 0.08
11 0.5675 0.7791666666666667 0.0375 0.07500000000000001
11 0.6175 0.7075 0.0325 0.08166666666666667
11 0.656875 0.6775 0.051250000000000004 0.055
11 0.583125 0.6541666666666667 0.04875 0.07833333333333334
11 0.533125 0.6808333333333334 0.04875 0.07833333333333334
11 0.48625 0.7191666666666667 0.055 0.07833333333333334
11 0.546875 0.6308333333333334 0.03875 0.085
11 0.515 0.5925 0.045 0.07833333333333334
11 0.48812500000000003 0.6458333333333334 0.05375 0.065
11 0.596875 0.5175000000000001 0.04125 0.08833333333333333
11 0.63 0.5425 0.035 0.07833333333333334
11 0.69125 0.5700000000000001 0.06 0.06666666666666667
11 0.6725 0.5083333333333334 0.045 0.08
11 0.63375 0.41000000000000003 0.07 0.06333333333333334
11 0.7675000000000001 0.36333333333333334 0.0375 0.08333333333333334
11 0.81 0.3825 0.0575 0.055
11 0.8200000000000001 0.5691666666666667 0.0675 0.055
11 0.789375 0.42333333333333334 0.06625 0.05
18 0.678125 0.26166666666666666 0.02875 0.043333333333333335
18 0.774375 0.115 0.02625 0.043333333333333335
11 0.528125 0.22916666666666669 0.07125000000000001 0.065
11 0.46 0.2341666666666667 0.055 0.058333333333333334
11 0.48875 0.27166666666666667 0.06 0.05
11 0.47250000000000003 0.30083333333333334 0.0575 0.058333333333333334
11 0.49875 0.3725 0.055 0.085
11 0.5181250000000001 0.5083333333333334 0.058750000000000004 0.06333333333333334
11 0.62 0.4658333333333334 0.0625 0.06166666666666667
11 0.920625 0.35250000000000004 0.03625 0.085
11 0.886875 0.6341666666666667 0.04125 0.085
11 0.824375 0.6558333333333334 0.04625 0.07833333333333334
