21 0.254375 0.22666666666666668 0.08375 0.11
21 0.278125 0.12000000000000001 0.07125000000000001 0.09333333333333334
21 0.1675 0.5316666666666667 0.08750000000000001 0.11666666666666667
23 0.515625 0.6258333333333334 0.07125000000000001 0.07833333333333334
28 0.605 0.7075 0.0725 0.07500000000000001
28 0.58 0.8008333333333334 0.075 0.10166666666666667
25 0.32125 0.8600000000000001 0.07 0.09000000000000001
29 0.74375 0.5858333333333333 0.08 0.08833333333333333
29 0.755625 0.7666666666666667 0.10375000000000001 0.09000000000000001
28 0.7325 0.27 0.0675 0.1
