19 0.148125 0.23 0.05625 0.05666666666666667
19 0.45937500000000003 0.5425 0.05375 0.06833333333333334
20 0.27875 0.4291666666666667 0.0475 0.058333333333333334
20 0.105625 0.5216666666666667 0.02875 0.04666666666666667
20 0.130625 0.49583333333333335 0.03875 0.05166666666666667
20 0.145625 0.4783333333333334 0.03875 0.05
20 0.184375 0.5391666666666667 0.043750000000000004 0.05166666666666667
20 0.1525 0.5825 0.0375 0.05166666666666667
20 0.29812500000000003 0.5900000000000001 0.04125 0.05666666666666667
20 0.15 0.66 0.0425 0.05333333333333334
20 0.19062500000000002 0.6275000000000001 0.03125 0.055
20 0.31 0.6666666666666667 0.0425 0.05
20 0.32125 0.7358333333333333 0.0575 0.06833333333333334
20 0.33187500000000003 0.7866666666666667 0.06375 0.05333333333333334
20 0.20500000000000002 0.7941666666666667 0.045 0.058333333333333334
20 0.27125 0.8083333333333333 0.0575 0.05333333333333334
20 0.215 0.8416666666666667 0.055 0.05666666666666667
20 0.27187500000000003 0.8433333333333334 0.04625 0.05333333333333334
20 0.27187500000000003 0.8825000000000001 0.03875 0.058333333333333334
20 0.305625 0.8825000000000001 0.03875 0.07833333333333334
20 0.38625 0.8725 0.0425 0.055
20 0.455625 0.7375 0.04625 0.07500000000000001
20 0.483125 0.7333333333333334 0.03375 0.07
20 0.465625 0.6458333333333334 0.04625 0.055
20 0.509375 0.8591666666666667 0.051250000000000004 0.06833333333333334
19 0.513125 0.7258333333333333 0.05625 0.07166666666666667
20 0.5475 0.9708333333333334 0.05 0.045000000000000005
20 0.596875 0.8866666666666667 0.03875 0.05
23 0.53625 0.9 0.055 0.08
20 0.64125 0.8541666666666667 0.0475 0.055
20 0.608125 0.7791666666666667 0.03875 0.05166666666666667
20 0.7525000000000001 0.7425 0.0375 0.055
20 0.764375 0.6041666666666667 0.04625 0.065
18 0.86875 0.6058333333333333 0.04 0.05166666666666667
20 0.748125 0.5475 0.06375 0.08166666666666667
20 0.81625 0.3725 0.0425 0.06166666666666667
19 0.71 0.4733333333333334 0.0625 0.07333333333333333
