20 0.45687500000000003 0.14583333333333334 0.03625 0.05166666666666667
20 0.410625 0.16583333333333333 0.04875 0.045000000000000005
20 0.469375 0.26083333333333336 0.02375 0.04166666666666667
20 0.3 0.36333333333333334 0.03 0.05333333333333334
20 0.261875 0.3491666666666667 0.043750000000000004 0.058333333333333334
20 0.3375 0.42250000000000004 0.035 0.03833333333333334
20 0.6481250000000001 0.29250000000000004 0.03375 0.045000000000000005
20 0.550625 0.0675 0.03875 0.04833333333333334
20 0.23750000000000002 0.4916666666666667 0.0225 0.04666666666666667
20 0.2625 0.5108333333333334 0.0325 0.03833333333333334
20 0.408125 0.4691666666666667 0.02625 0.04833333333333334
20 0.346875 0.5933333333333334 0.03875 0.05333333333333334
20 0.465 0.765 0.0275 0.05
24 0.723125 0.5291666666666667 0.05625 0.07833333333333334
24 0.69375 0.56 0.05 0.06333333333333334
24 0.64625 0.5416666666666667 0.06 0.08
24 0.75 0.45833333333333337 0.0525 0.06333333333333334
24 0.588125 0.45583333333333337 0.03375 0.07500000000000001
24 0.478125 0.6141666666666667 0.06125 0.065
24 0.48125 0.6608333333333334 0.06 0.04833333333333334
24 0.50875 0.7675000000000001 0.0575 0.06833333333333334
24 0.685625 0.9083333333333334 0.04875 0.06333333333333334
24 0.355625 0.8191666666666667 0.06375 0.09166666666666667
24 0.325 0.6841666666666667 0.045 0.07833333333333334
24 0.2525 0.68 0.055 0.07333333333333333
24 0.3425 0.46166666666666667 0.055 0.08666666666666667
24 0.280625 0.4708333333333334 0.04875 0.07166666666666667
24 0.516875 0.2816666666666667 0.051250000000000004 0.07333333333333333
24 0.600625 0.24000000000000002 0.058750000000000004 0.06333333333333334
24 0.57375 0.10083333333333334 0.055 0.065
11 0.625625 0.015833333333333335 0.043750000000000004 0.035
18 0.685625 0.25333333333333335 0.03625 0.03666666666666667
18 0.438125 0.21416666666666667 0.03125 0.03166666666666667
18 0.406875 0.31583333333333335 0.03875 0.045000000000000005
18 0.43375 0.34 0.0375 0.04
18 0.42625 0.37000000000000005 0.0425 0.04
18 0.395625 0.3875 0.02875 0.04833333333333334
18 0.419375 0.4108333333333334 0.03375 0.04833333333333334
18 0.26375 0.41750000000000004 0.0375 0.05166666666666667
18 0.404375 0.6833333333333333 0.03125 0.02666666666666667
18 0.436875 0.7250000000000001 0.03125 0.043333333333333335
18 0.514375 0.8375 0.02875 0.04833333333333334
18 0.4975 0.8158333333333334 0.0375 0.03833333333333334
18 0.683125 0.765 0.03375 0.04666666666666667
18 0.63875 0.6775 0.03 0.04166666666666667
18 0.579375 0.5183333333333333 0.04125 0.04
18 0.51375 0.5741666666666667 0.0325 0.045000000000000005
18 0.49625 0.5475 0.03 0.04166666666666667
18 0.7675000000000001 0.49333333333333335 0.0275 0.05
20 0.704375 0.3691666666666667 0.04625 0.058333333333333334
24 0.71 0.47750000000000004 0.0475 0.045000000000000005
18 0.42 0.28250000000000003 0.035 0.045000000000000005
19 0.333125 0.5133333333333334 0.051250000000000004 0.07
19 0.319375 0.5558333333333334 0.05375 0.065
11 0.379375 0.56 0.051250000000000004 0.05333333333333334
19 0.25375000000000003 0.6166666666666667 0.0525 0.05666666666666667
19 0.438125 0.6033333333333334 0.043750000000000004 0.07
19 0.499375 0.7391666666666667 0.043750000000000004 0.04833333333333334
21 0.609375 0.7200000000000001 0.06375 0.07333333333333333
21 0.604375 0.635 0.06625 0.07666666666666667
24 0.3725 0.7416666666666667 0.055 0.07333333333333333
18 0.58 0.6925 0.0375 0.04833333333333334
