20 0.098125 0.37000000000000005 0.03625 0.05
20 0.150625 0.4241666666666667 0.043750000000000004 0.045000000000000005
20 0.165 0.465 0.0425 0.05333333333333334
20 0.073125 0.44 0.058750000000000004 0.06333333333333334
20 0.239375 0.5816666666666667 0.03125 0.05333333333333334
20 0.105 0.5291666666666667 0.0375 0.04833333333333334
20 0.11937500000000001 0.5933333333333334 0.04125 0.04666666666666667
20 0.203125 0.7458333333333333 0.043750000000000004 0.05166666666666667
20 0.246875 0.8791666666666668 0.03625 0.058333333333333334
20 0.304375 0.8516666666666667 0.03875 0.04666666666666667
20 0.295 0.805 0.0425 0.08333333333333334
19 0.2675 0.8283333333333334 0.0425 0.06333333333333334
20 0.255 0.7616666666666667 0.025 0.05333333333333334
20 0.36875 0.7216666666666667 0.035 0.06333333333333334
20 0.32125 0.6083333333333334 0.05 0.04666666666666667
20 0.328125 0.5033333333333334 0.03875 0.04666666666666667
18 0.214375 0.28500000000000003 0.03375 0.03666666666666667
19 0.620625 0.31583333333333335 0.051250000000000004 0.065
19 0.443125 0.5541666666666667 0.05375 0.058333333333333334
19 0.424375 0.615 0.05625 0.06333333333333334
19 0.40750000000000003 0.6983333333333334 0.0575 0.10333333333333335
20 0.445 0.7625000000000001 0.035 0.06833333333333334
20 0.508125 0.8158333333333334 0.03125 0.04833333333333334
20 0.56 0.8233333333333334 0.0275 0.04
20 0.61 0.8866666666666667 0.0625 0.05333333333333334
20 0.65125 0.9075000000000001 0.04 0.045000000000000005
20 0.715 0.8458333333333334 0.0425 0.06833333333333334
20 0.640625 0.6658333333333334 0.03875 0.06833333333333334
20 0.77 0.6058333333333333 0.0625 0.065
19 0.766875 0.7008333333333334 0.03875 0.07500000000000001
19 0.665625 0.46166666666666667 0.05375 0.07
19 0.753125 0.3775 0.05375 0.07833333333333334
20 0.771875 0.2808333333333333 0.03875 0.055
20 0.81 0.42083333333333334 0.0375 0.055
13 0.666875 0.5608333333333334 0.04875 0.04833333333333334
18 0.7000000000000001 0.17583333333333334 0.0425 0.04833333333333334
19 0.65625 0.0775 0.0475 0.07500000000000001
20 0.94875 0.68 0.0325 0.05333333333333334
20 0.656875 0.7200000000000001 0.04125 0.05666666666666667
20 0.709375 0.3825 0.04875 0.058333333333333334
20 0.39437500000000003 0.8716666666666667 0.03375 0.05666666666666667
20 0.3825 0.6041666666666667 0.045 0.055
20 0.248125 0.9550000000000001 0.03125 0.05333333333333334
19 0.1525 0.52 0.065 0.06333333333333334
