0 0.474269 0.957406 0.052622 0.065652
0 0.281242 0.916605 0.071716 0.047855
0 0.250040 0.857397 0.064264 0.063194
0 0.294746 0.796041 0.041912 0.076693
0 0.342246 0.765364 0.048432 0.071787
0 0.382062 0.798495 0.068456 0.057059
0 0.385555 0.859850 0.050294 0.066877
0 0.328974 0.857397 0.061936 0.063194
0 0.458668 0.872428 0.077304 0.073626
0 0.612578 0.792667 0.063800 0.083441
0 0.682431 0.808312 0.046102 0.087739
0 0.814221 0.815062 0.060074 0.114735
0 0.742505 0.782236 0.060074 0.072398
0 0.684293 0.721188 0.048898 0.065650
0 0.613742 0.712905 0.054952 0.060129
0 0.547382 0.718427 0.079632 0.063810
0 0.721781 0.605227 0.054950 0.070559
0 0.793264 0.555223 0.048896 0.101850
0 0.710372 0.322992 0.068456 0.054606
0 0.505129 0.071477 0.053110 0.085879
0 0.280213 0.086320 0.061962 0.113441
0 0.289065 0.329111 0.078058 0.092240
0 0.295503 0.551758 0.074838 0.090119
2 0.434453 0.344465 0.051226 0.077921
3 0.414372 0.502906 0.124144 0.173265
11 0.802846 0.661963 0.048920 0.108812
0 0.204973 0.389543 0.078862 0.064672
0 0.548546 0.059777 0.045636 0.049700
0 0.770445 0.231266 0.047034 0.073626
0 0.598375 0.197519 0.050294 0.066264
0 0.650997 0.295688 0.052158 0.068719
0 0.939257 0.401526 0.061470 0.090192
7 0.464722 0.596329 0.069852 0.182841
0 0.528754 0.954951 0.051692 0.073012
0 0.629808 0.900652 0.050760 0.062585
0 0.442602 0.804017 0.049828 0.064424
0 0.481021 0.763216 0.055882 0.067491
0 0.303594 0.635904 0.052156 0.076693
9 0.664967 0.608908 0.043774 0.030063
0 0.627246 0.624553 0.030736 0.055220
0 0.669624 0.660140 0.054952 0.047858
0 0.883841 0.816289 0.056814 0.076693
0 0.892921 0.689589 0.063798 0.061354
0 0.841230 0.525157 0.052624 0.045402
0 0.851708 0.597863 0.054020 0.073012
0 0.811659 0.473926 0.055882 0.049697
0 0.744367 0.472698 0.040514 0.064422
0 0.507332 0.178194 0.086152 0.038653
0 0.497088 0.139539 0.061936 0.042335
0 0.341082 0.211938 0.055416 0.091418
0 0.494293 0.366553 0.059142 0.087736
0 0.659845 0.211018 0.081962 0.067491
0 0.720850 0.122358 0.054020 0.066877
0 0.589293 0.123281 0.052622 0.062582
0 0.515481 0.224516 0.092206 0.063810
0 0.587430 0.359804 0.061936 0.063196
0 0.599073 0.486810 0.060074 0.049700
0 0.552271 0.550005 0.073578 0.058287
0 0.581842 0.619337 0.061004 0.080377
0 0.905494 0.495401 0.044240 0.081605
0 0.760899 0.692964 0.041910 0.075468
0 0.849147 0.726403 0.037722 0.080991
0 0.750654 0.877337 0.053088 0.058901
0 0.725507 0.942373 0.064266 0.066264
