27 0.658125 0.5141666666666667 0.04875 0.065
27 0.774375 0.5391666666666667 0.051250000000000004 0.06833333333333334
27 0.811875 0.6266666666666667 0.051250000000000004 0.060000000000000005
18 0.36562500000000003 0.11750000000000001 0.02875 0.028333333333333335
18 0.41875 0.15416666666666667 0.0225 0.035
26 0.39437500000000003 0.1391666666666667 0.03625 0.035
26 0.38 0.21416666666666667 0.03 0.03166666666666667
26 0.45375 0.27666666666666667 0.02 0.043333333333333335
18 0.30375 0.29500000000000004 0.0275 0.04
18 0.33625 0.2325 0.025 0.03833333333333334
18 0.3725 0.3275 0.0325 0.035
19 0.393125 0.28500000000000003 0.05625 0.05
19 0.2925 0.42333333333333334 0.0475 0.060000000000000005
19 0.47375 0.5883333333333334 0.0525 0.060000000000000005
26 0.328125 0.3825 0.03125 0.03833333333333334
26 0.328125 0.52 0.02875 0.043333333333333335
26 0.45687500000000003 0.6325000000000001 0.03875 0.04166666666666667
18 0.43125 0.49833333333333335 0.0325 0.043333333333333335
18 0.491875 0.47750000000000004 0.03375 0.03166666666666667
18 0.323125 0.43250000000000005 0.02875 0.025
18 0.299375 0.45 0.02125 0.03666666666666667
18 0.33187500000000003 0.44583333333333336 0.02625 0.035
19 0.16125 0.6391666666666667 0.05 0.06833333333333334
19 0.26125 0.7683333333333334 0.04 0.06333333333333334
26 0.3075 0.7066666666666667 0.0325 0.03666666666666667
26 0.358125 0.7375 0.02125 0.045000000000000005
18 0.606875 0.9133333333333334 0.03375 0.03666666666666667
18 0.6481250000000001 0.7041666666666667 0.03625 0.045000000000000005
26 0.655625 0.7633333333333334 0.03875 0.043333333333333335
26 0.605625 0.7116666666666667 0.02625 0.043333333333333335
26 0.509375 0.6375000000000001 0.03625 0.028333333333333335
18 0.56625 0.6016666666666667 0.0225 0.03666666666666667
19 0.5425 0.5950000000000001 0.0525 0.07
19 0.62125 0.6258333333333334 0.045 0.04833333333333334
19 0.748125 0.8783333333333334 0.04625 0.04
26 0.635625 0.6483333333333334 0.03375 0.05
26 0.8406250000000001 0.5625 0.02375 0.045000000000000005
26 0.5750000000000001 0.4416666666666667 0.0275 0.043333333333333335
26 0.54625 0.375 0.025 0.043333333333333335
18 0.56375 0.405 0.025 0.043333333333333335
18 0.531875 0.4866666666666667 0.02875 0.03666666666666667
19 0.76125 0.38583333333333336 0.035 0.045000000000000005
19 0.55625 0.2775 0.05 0.07500000000000001
19 0.6793750000000001 0.26083333333333336 0.04875 0.065
19 0.5425 0.18666666666666668 0.0475 0.04666666666666667
18 0.658125 0.07583333333333334 0.02375 0.045000000000000005
