1 0.422758 0.708087 0.072580 0.057883
1 0.381772 0.479543 0.046962 0.069862
1 0.583715 0.196111 0.076847 0.055889
1 0.261802 0.216071 0.068310 0.081833
18 0.844575 0.412181 0.103318 0.070858
18 0.418909 0.354794 0.081989 0.067865
14 0.372379 0.146211 0.045257 0.063874
14 0.333956 0.044915 0.040131 0.068861
14 0.804199 0.485846 0.048030 0.060298
14 0.285349 0.550993 0.027871 0.065842
14 0.619486 0.423125 0.059297 0.045740
14 0.626603 0.328869 0.033797 0.047130
14 0.564637 0.294216 0.075898 0.029109
14 0.781072 0.343421 0.067597 0.041582
14 0.232572 0.312235 0.050996 0.022179
14 0.336640 0.238077 0.061074 0.038810
14 0.320333 0.203077 0.066411 0.029800
