24 0.273125 0.24833333333333335 0.06375 0.1
28 0.30625 0.4083333333333334 0.0725 0.09333333333333334
24 0.24 0.33333333333333337 0.05 0.09333333333333334
23 0.21937500000000001 0.39 0.06125 0.06666666666666667
24 0.23375 0.4783333333333334 0.0525 0.08666666666666667
24 0.22187500000000002 0.5691666666666667 0.058750000000000004 0.09166666666666667
24 0.40625 0.5533333333333333 0.07 0.09666666666666668
24 0.436875 0.6758333333333334 0.06625 0.10166666666666667
22 0.398125 0.6641666666666667 0.04125 0.035
23 0.315625 0.7425 0.06125 0.058333333333333334
24 0.63375 0.6741666666666667 0.0675 0.08166666666666667
24 0.775 0.6166666666666667 0.06 0.08666666666666667
24 0.543125 0.315 0.07375 0.1
24 0.708125 0.26 0.06125 0.09000000000000001
19 0.735 0.21416666666666667 0.0525 0.065
21 0.64 0.25583333333333336 0.0675 0.09833333333333334
19 0.5856250000000001 0.09416666666666668 0.06875 0.07833333333333334
28 0.5225 0.11166666666666668 0.0675 0.08
23 0.445 0.11166666666666668 0.0575 0.07
24 0.395625 0.08166666666666667 0.05375 0.09000000000000001
28 0.404375 0.18416666666666667 0.07375 0.08166666666666667
24 0.3325 0.1975 0.06 0.07833333333333334
