9 0.258557 0.344326 0.040780 0.039304
3 0.148665 0.546113 0.075596 0.098664
2 0.041664 0.380791 0.059529 0.053903
2 0.226634 0.253490 0.059160 0.055346
2 0.491397 0.745129 0.032136 0.051981
2 0.400648 0.982058 0.044188 0.035884
2 0.216955 0.516995 0.046379 0.051016
8 0.263693 0.702657 0.082826 0.076236
8 0.421455 0.759836 0.095974 0.062376
8 0.563881 0.756947 0.074938 0.060063
8 0.386835 0.650678 0.046013 0.101649
9 0.151220 0.623033 0.035911 0.045322
9 0.534430 0.659771 0.029520 0.049332
9 0.485129 0.794332 0.038041 0.043318
9 0.565927 0.966594 0.028608 0.054951
9 0.608836 0.530024 0.035302 0.066580
9 0.515105 0.349739 0.034692 0.054148
8 0.319532 0.422711 0.052061 0.125445
1 0.493437 0.866487 0.038041 0.050134
1 0.405060 0.886459 0.032868 0.071392
9 0.219329 0.831712 0.039439 0.062088
3 0.466893 0.941301 0.094584 0.099146
13 0.656872 0.146999 0.092904 0.128217
13 0.461860 0.626941 0.094659 0.152475
