2 0.439969 0.848170 0.033530 0.068029
2 0.552628 0.815480 0.036212 0.053895
2 0.797728 0.793391 0.032860 0.057428
2 0.698146 0.805320 0.032188 0.060079
2 0.735699 0.833150 0.038894 0.053895
2 0.673669 0.897204 0.030178 0.053012
2 0.532510 0.971862 0.042916 0.053895
2 0.578780 0.935195 0.041576 0.051244
2 0.614992 0.972746 0.026824 0.052126
2 0.644833 0.781022 0.036882 0.052126
2 0.263603 0.908249 0.052306 0.046827
10 0.356481 0.947565 0.067730 0.097186
10 0.822875 0.629058 0.103270 0.131644
10 0.690098 0.580022 0.104612 0.093652
10 0.556316 0.535846 0.122716 0.141362
10 0.704851 0.485486 0.097906 0.095420
10 0.848358 0.434684 0.085836 0.174053
10 0.779958 0.214246 0.135460 0.091887
9 0.490598 0.741705 0.039564 0.065381
9 0.871157 0.569420 0.025482 0.053012
9 0.601245 0.883069 0.036882 0.061847
9 0.325969 0.838451 0.034870 0.050361
2 0.380286 0.221314 0.041576 0.061847
2 0.284392 0.110875 0.042916 0.056543
2 0.317251 0.151958 0.053646 0.075099
2 0.219009 0.184648 0.035542 0.062730
2 0.310210 0.202319 0.034200 0.062730
2 0.663275 0.066257 0.030846 0.082169
2 0.619016 0.070675 0.041576 0.060964
2 0.735028 0.281835 0.038896 0.050358
2 0.655563 0.276976 0.050294 0.051244
2 0.679704 0.363561 0.042248 0.063613
2 0.647516 0.198343 0.036884 0.040643
2 0.708875 0.141357 0.044258 0.050361
2 0.746763 0.149307 0.026154 0.037992
2 0.742740 0.617572 0.042248 0.053895
2 0.753805 0.736847 0.033530 0.048593
2 0.725640 0.680302 0.028164 0.053895
2 0.781969 0.701063 0.037554 0.044177
2 0.627399 0.636125 0.046270 0.036224
10 0.573081 0.291553 0.086506 0.131644
2 0.509039 0.346332 0.046942 0.052126
2 0.315239 0.335287 0.049622 0.045942
2 0.392692 0.497855 0.035540 0.051246
2 0.454722 0.502714 0.049624 0.050361
2 0.461763 0.437335 0.032858 0.043291
2 0.477186 0.391833 0.062364 0.044177
2 0.684399 0.656447 0.026154 0.050358
2 0.601581 0.786764 0.033530 0.060079
2 0.137868 0.813713 0.042248 0.055663
2 0.361174 0.867607 0.032860 0.052126
2 0.238456 0.633917 0.061024 0.083049
2 0.271651 0.809736 0.064378 0.063615
2 0.419851 0.909573 0.040234 0.065381
