23 0.480625 0.05 0.05625 0.07333333333333333
23 0.45375 0.13833333333333334 0.0475 0.06666666666666667
23 0.40750000000000003 0.13 0.0675 0.05666666666666667
21 0.5962500000000001 0.11333333333333334 0.0675 0.12000000000000001
21 0.359375 0.18833333333333335 0.07125000000000001 0.07333333333333333
11 0.565625 0.05333333333333334 0.05625 0.05666666666666667
11 0.299375 0.21916666666666668 0.04125 0.07500000000000001
24 0.25375000000000003 0.18333333333333335 0.05 0.08
25 0.28875 0.15333333333333335 0.065 0.07666666666666667
24 0.28625 0.2966666666666667 0.0425 0.06666666666666667
25 0.2225 0.3866666666666667 0.0525 0.08333333333333334
24 0.199375 0.4391666666666667 0.051250000000000004 0.08166666666666667
24 0.239375 0.4525 0.04875 0.085
24 0.259375 0.49583333333333335 0.06125 0.06166666666666667
25 0.236875 0.5650000000000001 0.06375 0.08333333333333334
25 0.3725 0.5833333333333334 0.0675 0.09333333333333334
28 0.199375 0.5866666666666667 0.06375 0.08
24 0.280625 0.5725 0.05375 0.07833333333333334
25 0.27875 0.645 0.06 0.11
11 0.339375 0.6275000000000001 0.04875 0.06833333333333334
25 0.254375 0.7566666666666667 0.05625 0.1
25 0.33187500000000003 0.7833333333333334 0.09125 0.07666666666666667
23 0.356875 0.7183333333333334 0.06625 0.06666666666666667
21 0.38 0.8500000000000001 0.07 0.07333333333333333
21 0.42562500000000003 0.7183333333333334 0.06625 0.10333333333333335
25 0.433125 0.8366666666666667 0.058750000000000004 0.08666666666666667
19 0.465 0.7141666666666667 0.04 0.065
23 0.5325 0.7075 0.0675 0.06833333333333334
28 0.525 0.8283333333333334 0.0725 0.09333333333333334
23 0.47125 0.8016666666666667 0.0575 0.08
25 0.509375 0.9133333333333334 0.09875 0.08333333333333334
25 0.66625 0.7941666666666667 0.0525 0.13166666666666668
25 0.735 0.785 0.06 0.08333333333333334
25 0.625625 0.7608333333333334 0.05625 0.10500000000000001
29 0.73 0.7066666666666667 0.0725 0.1
19 0.855 0.67 0.04 0.07666666666666667
19 0.90625 0.5758333333333334 0.0575 0.06833333333333334
24 0.81625 0.6733333333333333 0.0525 0.08
24 0.548125 0.5516666666666667 0.08375 0.09333333333333334
25 0.564375 0.4633333333333334 0.06875 0.12666666666666668
25 0.711875 0.4741666666666667 0.058750000000000004 0.07833333333333334
23 0.6675 0.4841666666666667 0.055 0.08166666666666667
24 0.791875 0.21416666666666667 0.06625 0.06166666666666667
19 0.7575000000000001 0.22 0.0575 0.07666666666666667
