20 0.17500000000000002 0.21166666666666667 0.04 0.05666666666666667
20 0.21625 0.21416666666666667 0.04 0.04166666666666667
20 0.2325 0.25 0.04 0.05333333333333334
20 0.206875 0.2941666666666667 0.03375 0.06166666666666667
20 0.180625 0.3416666666666667 0.03625 0.04666666666666667
20 0.2475 0.32083333333333336 0.045 0.055
20 0.35000000000000003 0.18166666666666667 0.04 0.05333333333333334
20 0.45437500000000003 0.11833333333333335 0.03875 0.04
20 0.498125 0.1 0.03375 0.05333333333333334
23 0.53125 0.14833333333333334 0.045 0.07
20 0.49625 0.1875 0.0375 0.05166666666666667
20 0.400625 0.22 0.03625 0.05666666666666667
23 0.39437500000000003 0.26083333333333336 0.058750000000000004 0.07500000000000001
20 0.344375 0.31 0.03875 0.04666666666666667
20 0.38125000000000003 0.31583333333333335 0.03 0.058333333333333334
20 0.36562500000000003 0.36750000000000005 0.04625 0.05166666666666667
20 0.314375 0.35083333333333333 0.04625 0.058333333333333334
19 0.3175 0.4008333333333334 0.045 0.06833333333333334
20 0.275625 0.38333333333333336 0.043750000000000004 0.043333333333333335
20 0.218125 0.40750000000000003 0.04875 0.058333333333333334
20 0.1475 0.49750000000000005 0.04 0.06166666666666667
20 0.099375 0.5833333333333334 0.03125 0.05666666666666667
20 0.1975 0.4466666666666667 0.04 0.060000000000000005
20 0.23 0.4708333333333334 0.04 0.07500000000000001
20 0.28375 0.4683333333333334 0.0575 0.07
20 0.28750000000000003 0.5175000000000001 0.04 0.065
20 0.23750000000000002 0.5641666666666667 0.03 0.055
20 0.33375 0.5933333333333334 0.05 0.07
19 0.39375 0.5158333333333334 0.06 0.08833333333333333
19 0.535 0.5383333333333333 0.05 0.08333333333333334
26 0.43125 0.6183333333333334 0.0375 0.04
20 0.294375 0.6441666666666667 0.051250000000000004 0.05166666666666667
20 0.265625 0.6983333333333334 0.043750000000000004 0.05333333333333334
20 0.11812500000000001 0.8041666666666667 0.03625 0.055
20 0.229375 0.8750000000000001 0.03125 0.05333333333333334
20 0.4 0.8475 0.035 0.055
20 0.369375 0.9258333333333334 0.03625 0.05166666666666667
20 0.41625 0.7216666666666667 0.03 0.05
