20 0.38375000000000004 0.05166666666666667 0.0375 0.07
20 0.466875 0.06416666666666668 0.03625 0.058333333333333334
20 0.506875 0.10333333333333335 0.03125 0.060000000000000005
20 0.47375 0.11083333333333334 0.04 0.055
20 0.35125 0.10666666666666667 0.0375 0.06333333333333334
20 0.483125 0.18916666666666668 0.051250000000000004 0.065
20 0.52625 0.1975 0.0625 0.07166666666666667
20 0.39125 0.20083333333333334 0.04 0.06833333333333334
20 0.34625 0.25 0.0475 0.060000000000000005
20 0.170625 0.32 0.03375 0.05666666666666667
20 0.261875 0.3641666666666667 0.03875 0.08166666666666667
20 0.51875 0.37083333333333335 0.0475 0.065
20 0.310625 0.46 0.043750000000000004 0.08
18 0.27875 0.2725 0.0375 0.05166666666666667
18 0.3225 0.29833333333333334 0.04 0.05333333333333334
18 0.7025 0.8300000000000001 0.03 0.04666666666666667
18 0.7775 0.7008333333333334 0.0325 0.045000000000000005
20 0.7212500000000001 0.7391666666666667 0.035 0.058333333333333334
20 0.764375 0.91 0.04625 0.05666666666666667
20 0.691875 0.22583333333333336 0.04125 0.055
