18 0.213125 0.09000000000000001 0.03375 0.043333333333333335
23 0.32125 0.12333333333333334 0.0425 0.06666666666666667
24 0.321875 0.21500000000000002 0.06125 0.08
21 0.370625 0.23 0.06875 0.08666666666666667
18 0.186875 0.27 0.03375 0.05
21 0.228125 0.4266666666666667 0.07125000000000001 0.08
19 0.359375 0.51 0.05375 0.09000000000000001
24 0.213125 0.56 0.05625 0.1
18 0.195 0.5983333333333334 0.03 0.05666666666666667
21 0.22375 0.7216666666666667 0.0675 0.09000000000000001
19 0.10875 0.6091666666666667 0.0475 0.07500000000000001
18 0.11750000000000001 0.655 0.0275 0.04666666666666667
23 0.11625 0.7391666666666667 0.05 0.065
21 0.376875 0.6483333333333334 0.07625 0.10666666666666667
21 0.47000000000000003 0.6041666666666667 0.0725 0.11166666666666668
21 0.395625 0.8116666666666668 0.08625000000000001 0.08666666666666667
21 0.35375 0.8341666666666667 0.05 0.09833333333333334
24 0.431875 0.8716666666666667 0.08125 0.07
23 0.43375 0.9266666666666667 0.045 0.05666666666666667
18 0.285625 0.9366666666666668 0.03375 0.04666666666666667
21 0.579375 0.9641666666666667 0.07625 0.06833333333333334
23 0.569375 0.895 0.058750000000000004 0.07
24 0.55125 0.8408333333333334 0.0575 0.058333333333333334
24 0.54125 0.8008333333333334 0.0725 0.07166666666666667
24 0.483125 0.7908333333333334 0.07125000000000001 0.085
24 0.515 0.7291666666666667 0.0625 0.09166666666666667
24 0.538125 0.67 0.06375 0.1
24 0.5825 0.7100000000000001 0.045 0.1
24 0.636875 0.7991666666666667 0.051250000000000004 0.08166666666666667
24 0.6975 0.7008333333333334 0.0725 0.08833333333333333
19 0.6125 0.6241666666666668 0.045 0.085
24 0.546875 0.5700000000000001 0.07625 0.06333333333333334
21 0.664375 0.4416666666666667 0.07875 0.08333333333333334
21 0.689375 0.3383333333333334 0.05375 0.10666666666666667
24 0.73 0.32583333333333336 0.0525 0.10166666666666667
21 0.729375 0.20333333333333334 0.06875 0.09000000000000001
21 0.67875 0.08583333333333334 0.0625 0.10166666666666667
21 0.610625 0.125 0.07125000000000001 0.09333333333333334
19 0.563125 0.04666666666666667 0.05625 0.07666666666666667
24 0.715 0.04 0.0675 0.060000000000000005
24 0.5125 0.23750000000000002 0.055 0.05166666666666667
28 0.435 0.028333333333333335 0.07 0.060000000000000005
19 0.796875 0.26833333333333337 0.04875 0.09000000000000001
24 0.863125 0.4516666666666667 0.06625 0.06666666666666667
21 0.808125 0.5358333333333334 0.08375 0.07166666666666667
24 0.74375 0.5733333333333334 0.0625 0.07666666666666667
21 0.685 0.5816666666666667 0.0675 0.08333333333333334
24 0.781875 0.675 0.07125000000000001 0.09666666666666668
21 0.709375 0.6466666666666667 0.08875 0.10333333333333335
21 0.7681250000000001 0.7408333333333333 0.06125 0.115
21 0.795 0.8233333333333334 0.105 0.1
18 0.735 0.8425 0.03 0.045000000000000005
21 0.43875000000000003 0.4758333333333334 0.1 0.09833333333333334
18 0.8675 0.53 0.0325 0.05333333333333334
18 0.654375 0.01916666666666667 0.02125 0.03833333333333334
