19 0.211875 0.27666666666666667 0.04125 0.06666666666666667
19 0.155625 0.3141666666666667 0.043750000000000004 0.04833333333333334
19 0.398125 0.48750000000000004 0.04625 0.07166666666666667
19 0.435625 0.7958333333333334 0.06125 0.055
19 0.641875 0.4366666666666667 0.03625 0.060000000000000005
19 0.51375 0.44 0.0525 0.05
19 0.76875 0.34833333333333333 0.0425 0.05666666666666667
18 0.43625 0.14500000000000002 0.0225 0.030000000000000002
18 0.4475 0.15833333333333335 0.0275 0.03333333333333333
18 0.563125 0.10833333333333334 0.04875 0.03666666666666667
18 0.24875 0.42583333333333334 0.0325 0.045000000000000005
18 0.36 0.54 0.035 0.04666666666666667
18 0.27875 0.49500000000000005 0.025 0.043333333333333335
18 0.350625 0.6433333333333334 0.03125 0.030000000000000002
18 0.39625 0.6533333333333333 0.0325 0.03333333333333333
18 0.47375 0.7025 0.0275 0.04166666666666667
18 0.2525 0.7366666666666667 0.035 0.04
18 0.390625 0.7508333333333334 0.03125 0.03833333333333334
18 0.539375 0.8158333333333334 0.02875 0.04166666666666667
18 0.46125 0.9316666666666668 0.0225 0.04
18 0.354375 0.8383333333333334 0.02375 0.043333333333333335
18 0.233125 0.8033333333333333 0.03375 0.030000000000000002
18 0.71625 0.68 0.0275 0.043333333333333335
18 0.68375 0.6950000000000001 0.03 0.043333333333333335
18 0.6218750000000001 0.5800000000000001 0.02875 0.04666666666666667
18 0.810625 0.4608333333333334 0.03125 0.045000000000000005
22 0.666875 0.21583333333333335 0.01625 0.03166666666666667
22 0.58625 0.29833333333333334 0.0175 0.030000000000000002
22 0.5437500000000001 0.3091666666666667 0.015 0.035
22 0.65625 0.3125 0.0175 0.03833333333333334
22 0.606875 0.5491666666666667 0.01875 0.028333333333333335
22 0.48125 0.5116666666666667 0.02 0.030000000000000002
26 0.3675 0.20083333333333334 0.0425 0.03166666666666667
26 0.388125 0.21500000000000002 0.02625 0.04666666666666667
26 0.28500000000000003 0.3141666666666667 0.03 0.04166666666666667
26 0.429375 0.3891666666666667 0.02125 0.05166666666666667
26 0.5925 0.7975000000000001 0.0325 0.03833333333333334
26 0.543125 0.6883333333333334 0.03625 0.030000000000000002
26 0.7375 0.6883333333333334 0.0225 0.043333333333333335
26 0.68625 0.49833333333333335 0.0225 0.043333333333333335
26 0.6925 0.4525 0.0325 0.04833333333333334
26 0.671875 0.48250000000000004 0.03875 0.045000000000000005
26 0.6425 0.29500000000000004 0.025 0.05
18 0.415625 0.11583333333333334 0.03125 0.04166666666666667
27 0.708125 0.7591666666666668 0.06125 0.04166666666666667
27 0.7212500000000001 0.8458333333333334 0.04 0.04166666666666667
26 0.474375 0.5891666666666667 0.02625 0.04833333333333334
11 0.315625 0.5141666666666667 0.03875 0.058333333333333334
23 0.54 0.22833333333333336 0.0475 0.07
20 0.53125 0.30000000000000004 0.0325 0.060000000000000005
27 0.1575 0.26166666666666666 0.0475 0.043333333333333335
18 0.3125 0.6808333333333334 0.0325 0.03833333333333334
