11 0.353125 0.23750000000000002 0.02875 0.055
11 0.264375 0.4416666666666667 0.02625 0.05666666666666667
11 0.22187500000000002 0.4691666666666667 0.02875 0.058333333333333334
24 0.193125 0.4391666666666667 0.03125 0.05166666666666667
11 0.179375 0.5491666666666667 0.02625 0.03833333333333334
11 0.229375 0.615 0.03375 0.03666666666666667
18 0.3325 0.64 0.0225 0.02666666666666667
18 0.19062500000000002 0.6591666666666667 0.01875 0.03166666666666667
18 0.26 0.7016666666666667 0.0325 0.030000000000000002
18 0.34125 0.6900000000000001 0.025 0.030000000000000002
18 0.336875 0.7333333333333334 0.02125 0.030000000000000002
18 0.31 0.755 0.0275 0.030000000000000002
18 0.37625000000000003 0.775 0.02 0.02666666666666667
18 0.41625 0.8141666666666667 0.025 0.025
18 0.45125 0.8408333333333334 0.02 0.028333333333333335
18 0.4675 0.7966666666666667 0.0225 0.03333333333333333
18 0.48 0.8075000000000001 0.0175 0.028333333333333335
18 0.4425 0.7558333333333334 0.025 0.03166666666666667
18 0.42125 0.7350000000000001 0.0275 0.030000000000000002
18 0.426875 0.8708333333333333 0.01625 0.03166666666666667
18 0.443125 0.9025000000000001 0.02375 0.028333333333333335
18 0.5231250000000001 0.7808333333333334 0.02625 0.03166666666666667
18 0.57125 0.8541666666666667 0.025 0.028333333333333335
18 0.578125 0.8891666666666668 0.02125 0.028333333333333335
18 0.52875 0.9016666666666667 0.025 0.030000000000000002
11 0.561875 0.7433333333333334 0.04625 0.05
18 0.575625 0.6525000000000001 0.02625 0.028333333333333335
18 0.585 0.7125 0.0225 0.035
18 0.67125 0.7558333333333334 0.0225 0.028333333333333335
18 0.65 0.7441666666666668 0.0225 0.025
18 0.6431250000000001 0.7691666666666667 0.02375 0.028333333333333335
18 0.76 0.6533333333333333 0.0175 0.030000000000000002
18 0.73 0.67 0.02 0.03333333333333333
18 0.74 0.6416666666666667 0.02 0.02666666666666667
11 0.7312500000000001 0.6075 0.025 0.04833333333333334
11 0.7000000000000001 0.6241666666666668 0.04 0.035
18 0.7525000000000001 0.5491666666666667 0.02 0.035
18 0.72875 0.5591666666666667 0.025 0.035
18 0.6793750000000001 0.51 0.02625 0.023333333333333334
18 0.68125 0.5716666666666667 0.02 0.03333333333333333
18 0.583125 0.5908333333333333 0.02375 0.025
24 0.6118750000000001 0.5733333333333334 0.03875 0.08
11 0.5231250000000001 0.5241666666666667 0.04625 0.03833333333333334
18 0.49 0.52 0.025 0.03333333333333333
18 0.4675 0.4816666666666667 0.02 0.030000000000000002
11 0.598125 0.44833333333333336 0.03625 0.04
18 0.65125 0.4291666666666667 0.025 0.035
18 0.658125 0.39083333333333337 0.02125 0.035
18 0.67875 0.3866666666666667 0.025 0.03666666666666667
18 0.72 0.36333333333333334 0.02 0.03333333333333333
11 0.74625 0.37833333333333335 0.035 0.043333333333333335
19 0.77375 0.4366666666666667 0.0375 0.03333333333333333
18 0.666875 0.2941666666666667 0.02375 0.025
11 0.5437500000000001 0.38333333333333336 0.0375 0.03333333333333333
11 0.52625 0.3166666666666667 0.0325 0.043333333333333335
11 0.513125 0.28583333333333333 0.03125 0.06166666666666667
18 0.5325 0.24000000000000002 0.0275 0.03333333333333333
18 0.526875 0.375 0.02125 0.02666666666666667
18 0.584375 0.21250000000000002 0.01875 0.035
11 0.446875 0.2016666666666667 0.02625 0.05
11 0.460625 0.15416666666666667 0.03875 0.03833333333333334
18 0.445625 0.17250000000000001 0.02875 0.03833333333333334
18 0.301875 0.2516666666666667 0.02125 0.03333333333333333
18 0.253125 0.23 0.02375 0.030000000000000002
18 0.50625 0.7000000000000001 0.02 0.03333333333333333
18 0.41875 0.7041666666666667 0.0225 0.03166666666666667
18 0.44375000000000003 0.8791666666666668 0.02 0.03166666666666667
