11 0.37125 0.13083333333333333 0.0575 0.07500000000000001
11 0.46 0.0975 0.0525 0.07500000000000001
11 0.606875 0.095 0.06125 0.08
11 0.338125 0.27666666666666667 0.05375 0.08333333333333334
11 0.52125 0.28750000000000003 0.06 0.065
11 0.714375 0.3091666666666667 0.05375 0.09166666666666667
11 0.971875 0.41833333333333333 0.04625 0.08333333333333334
11 0.973125 0.5716666666666667 0.04875 0.05333333333333334
11 0.1375 0.4683333333333334 0.0425 0.07666666666666667
11 0.1925 0.48583333333333334 0.065 0.08166666666666667
11 0.084375 0.6833333333333333 0.05625 0.06333333333333334
11 0.31625000000000003 0.6025 0.0525 0.09166666666666667
11 0.19125 0.7225 0.0425 0.095
11 0.370625 0.6900000000000001 0.06875 0.07333333333333333
11 0.42312500000000003 0.6658333333333334 0.051250000000000004 0.08166666666666667
11 0.49875 0.5058333333333334 0.0725 0.06833333333333334
11 0.5225 0.5541666666666667 0.0675 0.065
11 0.7106250000000001 0.6416666666666667 0.04875 0.09000000000000001
11 0.4425 0.7908333333333334 0.05 0.08833333333333333
11 0.504375 0.6958333333333334 0.051250000000000004 0.06166666666666667
11 0.546875 0.6908333333333334 0.06625 0.07166666666666667
11 0.5575 0.7425 0.065 0.055
11 0.570625 0.8883333333333334 0.07125000000000001 0.06666666666666667
11 0.61625 0.9475 0.0625 0.06166666666666667
11 0.515 0.7541666666666668 0.0375 0.07166666666666667
11 0.2725 0.8816666666666667 0.055 0.08
11 0.146875 0.9333333333333333 0.05375 0.07666666666666667
18 0.50125 0.0775 0.035 0.06166666666666667
18 0.355 0.19333333333333336 0.0375 0.043333333333333335
18 0.280625 0.6325000000000001 0.03125 0.055
18 0.31 0.76 0.0375 0.05
18 0.390625 0.8558333333333333 0.03875 0.04833333333333334
18 0.48375 0.9066666666666667 0.035 0.03666666666666667
