24 0.32 0.20500000000000002 0.055 0.07333333333333333
24 0.463125 0.2575 0.04875 0.07166666666666667
24 0.4475 0.4141666666666667 0.0375 0.07166666666666667
24 0.27187500000000003 0.5108333333333334 0.051250000000000004 0.07500000000000001
24 0.30375 0.5483333333333333 0.0575 0.08
24 0.408125 0.5125000000000001 0.05625 0.07166666666666667
24 0.561875 0.41583333333333333 0.04625 0.07166666666666667
24 0.528125 0.43500000000000005 0.06375 0.07333333333333333
24 0.5387500000000001 0.1925 0.0525 0.07166666666666667
23 0.279375 0.31583333333333335 0.05375 0.06166666666666667
23 0.265 0.37333333333333335 0.0475 0.060000000000000005
23 0.566875 0.315 0.051250000000000004 0.07
18 0.209375 0.5291666666666667 0.03875 0.065
18 0.338125 0.7383333333333334 0.02375 0.03666666666666667
18 0.3075 0.7300000000000001 0.0275 0.030000000000000002
23 0.43125 0.4475 0.05 0.065
18 0.30125 0.36750000000000005 0.0275 0.04833333333333334
18 0.25375000000000003 0.4141666666666667 0.035 0.04166666666666667
27 0.5575 0.14416666666666667 0.0375 0.06833333333333334
22 0.700625 0.48250000000000004 0.03625 0.021666666666666667
