7 0.358125 0.30000000000000004 0.07125000000000001 0.1
7 0.286875 0.27416666666666667 0.06125 0.115
7 0.34750000000000003 0.39333333333333337 0.06 0.12666666666666668
19 0.205625 0.3416666666666667 0.04125 0.07
19 0.283125 0.3766666666666667 0.058750000000000004 0.060000000000000005
7 0.234375 0.5825 0.09125 0.125
20 0.286875 0.5983333333333334 0.043750000000000004 0.06333333333333334
7 0.32625 0.5900000000000001 0.12 0.07666666666666667
7 0.30312500000000003 0.7108333333333334 0.08875 0.14500000000000002
7 0.398125 0.7066666666666667 0.10625 0.13
24 0.510625 0.8925000000000001 0.06875 0.07166666666666667
7 0.491875 0.35000000000000003 0.11375 0.11666666666666667
7 0.7675000000000001 0.48250000000000004 0.0675 0.14833333333333334
