11 0.4475 0.022500000000000003 0.05 0.045000000000000005
11 0.29 0.07 0.0325 0.043333333333333335
11 0.39187500000000003 0.08833333333333333 0.043750000000000004 0.04666666666666667
11 0.49125 0.06583333333333334 0.05 0.04166666666666667
11 0.563125 0.14250000000000002 0.043750000000000004 0.04833333333333334
11 0.685625 0.16583333333333333 0.04625 0.04833333333333334
11 0.583125 0.1925 0.04125 0.03833333333333334
11 0.526875 0.19416666666666668 0.04125 0.06166666666666667
11 0.37375 0.14333333333333334 0.0375 0.05333333333333334
11 0.36312500000000003 0.22666666666666668 0.03375 0.05666666666666667
11 0.359375 0.2791666666666667 0.051250000000000004 0.05166666666666667
11 0.254375 0.2841666666666667 0.03875 0.058333333333333334
11 0.225 0.3716666666666667 0.0425 0.05
11 0.4025 0.25833333333333336 0.0375 0.05
11 0.436875 0.2516666666666667 0.03375 0.05666666666666667
11 0.455 0.22416666666666668 0.045 0.045000000000000005
11 0.43375 0.3191666666666667 0.035 0.058333333333333334
11 0.42625 0.3666666666666667 0.0375 0.05333333333333334
11 0.469375 0.31833333333333336 0.04625 0.04
11 0.4625 0.3566666666666667 0.0425 0.060000000000000005
11 0.510625 0.29333333333333333 0.04875 0.04666666666666667
11 0.50875 0.3425 0.04 0.058333333333333334
11 0.538125 0.33166666666666667 0.03625 0.05666666666666667
11 0.535 0.3866666666666667 0.0525 0.05666666666666667
11 0.311875 0.5033333333333334 0.03375 0.08
11 0.445625 0.5783333333333334 0.05625 0.06666666666666667
11 0.48625 0.6925 0.0325 0.06166666666666667
11 0.406875 0.8433333333333334 0.03875 0.04666666666666667
11 0.6025 0.775 0.0425 0.043333333333333335
11 0.55875 0.62 0.0375 0.06666666666666667
11 0.67625 0.5583333333333333 0.0425 0.05
11 0.734375 0.5366666666666667 0.03375 0.05
11 0.7156250000000001 0.505 0.04625 0.04666666666666667
11 0.64625 0.43500000000000005 0.045 0.05
11 0.689375 0.42583333333333334 0.02875 0.06166666666666667
11 0.801875 0.38833333333333336 0.03125 0.06666666666666667
11 0.676875 0.3841666666666667 0.03125 0.05166666666666667
11 0.839375 0.31833333333333336 0.03875 0.05
