11 0.378125 0.6241666666666668 0.06125 0.055
11 0.573125 0.6308333333333334 0.04625 0.05166666666666667
27 0.446875 0.24500000000000002 0.043750000000000004 0.07333333333333333
27 0.5475 0.21916666666666668 0.0525 0.065
27 0.52 0.34750000000000003 0.0525 0.04833333333333334
27 0.48812500000000003 0.3866666666666667 0.03875 0.06666666666666667
27 0.74625 0.30583333333333335 0.055 0.05166666666666667
27 0.781875 0.3516666666666667 0.058750000000000004 0.060000000000000005
27 0.801875 0.39666666666666667 0.04875 0.05
27 0.818125 0.45583333333333337 0.04625 0.06833333333333334
27 0.626875 0.46416666666666667 0.043750000000000004 0.06166666666666667
27 0.661875 0.49833333333333335 0.04625 0.05333333333333334
27 0.78125 0.6050000000000001 0.0425 0.07333333333333333
27 0.645625 0.63 0.06375 0.06666666666666667
27 0.7106250000000001 0.7741666666666667 0.04125 0.07500000000000001
27 0.796875 0.765 0.04125 0.05666666666666667
27 0.510625 0.7391666666666667 0.04875 0.06166666666666667
27 0.2725 0.8375 0.0475 0.06166666666666667
27 0.179375 0.6033333333333334 0.04625 0.07333333333333333
19 0.534375 0.04583333333333334 0.043750000000000004 0.058333333333333334
19 0.26125 0.37083333333333335 0.0425 0.065
25 0.33 0.4066666666666667 0.0525 0.08
26 0.39125 0.11833333333333335 0.025 0.05
26 0.47875 0.2025 0.025 0.03166666666666667
26 0.485 0.23500000000000001 0.03 0.030000000000000002
26 0.49062500000000003 0.255 0.03875 0.04666666666666667
26 0.2975 0.3016666666666667 0.0275 0.043333333333333335
18 0.346875 0.26166666666666666 0.02875 0.04
18 0.326875 0.46416666666666667 0.02875 0.045000000000000005
18 0.27625 0.5466666666666667 0.035 0.05666666666666667
26 0.206875 0.4783333333333334 0.02125 0.05
26 0.376875 0.4116666666666667 0.03625 0.04
26 0.45375 0.48500000000000004 0.035 0.030000000000000002
26 0.39187500000000003 0.5433333333333333 0.02625 0.03666666666666667
18 0.478125 0.5866666666666667 0.02875 0.03666666666666667
18 0.40625 0.7200000000000001 0.03 0.05
18 0.32625 0.8316666666666667 0.0375 0.043333333333333335
26 0.253125 0.7883333333333333 0.03375 0.03666666666666667
24 0.228125 0.76 0.05375 0.05666666666666667
24 0.68375 0.5591666666666667 0.045 0.07833333333333334
26 0.6687500000000001 0.3716666666666667 0.0375 0.04
18 0.6843750000000001 0.3441666666666667 0.03375 0.03833333333333334
