18 0.478125 0.15166666666666667 0.02125 0.02666666666666667
18 0.563125 0.21333333333333335 0.02375 0.02666666666666667
20 0.631875 0.26916666666666667 0.02875 0.04166666666666667
19 0.635 0.36000000000000004 0.025 0.03666666666666667
18 0.646875 0.4091666666666667 0.01875 0.03833333333333334
11 0.66125 0.38 0.02 0.05333333333333334
19 0.71875 0.3358333333333334 0.0375 0.04166666666666667
20 0.71375 0.6841666666666667 0.04 0.045000000000000005
26 0.6118750000000001 0.6541666666666667 0.02375 0.035
26 0.555 0.6291666666666667 0.0175 0.03833333333333334
26 0.63875 0.6416666666666667 0.025 0.02
18 0.695625 0.7475 0.02625 0.03166666666666667
26 0.6225 0.7591666666666668 0.025 0.025
19 0.509375 0.6633333333333333 0.03625 0.05
20 0.5025000000000001 0.7325 0.035 0.03166666666666667
18 0.491875 0.7075 0.02375 0.03166666666666667
20 0.556875 0.7200000000000001 0.03125 0.04
18 0.593125 0.8316666666666667 0.02375 0.03666666666666667
18 0.5231250000000001 0.7725000000000001 0.02375 0.03166666666666667
26 0.515 0.8425 0.0225 0.028333333333333335
26 0.498125 0.8533333333333334 0.02375 0.030000000000000002
18 0.43 0.8608333333333333 0.0225 0.028333333333333335
26 0.470625 0.8958333333333334 0.02625 0.025
20 0.406875 0.7858333333333334 0.02625 0.04833333333333334
18 0.38 0.7883333333333333 0.02 0.023333333333333334
18 0.3575 0.7516666666666667 0.02 0.023333333333333334
19 0.41375 0.7516666666666667 0.0275 0.03333333333333333
19 0.3825 0.7291666666666667 0.0375 0.055
18 0.44625000000000004 0.7208333333333333 0.0225 0.028333333333333335
20 0.443125 0.8400000000000001 0.03875 0.04
18 0.420625 0.8250000000000001 0.02125 0.023333333333333334
18 0.418125 0.6375000000000001 0.01875 0.028333333333333335
20 0.291875 0.6625000000000001 0.02875 0.04166666666666667
26 0.369375 0.5850000000000001 0.02125 0.03333333333333333
18 0.426875 0.5591666666666667 0.02375 0.028333333333333335
18 0.375 0.6191666666666668 0.02 0.025
20 0.289375 0.6241666666666668 0.03125 0.04166666666666667
19 0.6625 0.8158333333333334 0.0325 0.045000000000000005
20 0.519375 0.8191666666666667 0.03625 0.028333333333333335
18 0.2325 0.7075 0.025 0.03166666666666667
