11 0.26687500000000003 0.26 0.03125 0.04666666666666667
11 0.3225 0.2 0.035 0.030000000000000002
11 0.353125 0.17833333333333334 0.03125 0.043333333333333335
11 0.3625 0.21250000000000002 0.04 0.04166666666666667
11 0.32375 0.22833333333333336 0.0275 0.04
11 0.33437500000000003 0.24916666666666668 0.03375 0.04166666666666667
11 0.321875 0.28 0.03875 0.03666666666666667
11 0.22875 0.3241666666666667 0.0275 0.045000000000000005
11 0.258125 0.33083333333333337 0.03875 0.03833333333333334
11 0.2425 0.37000000000000005 0.02 0.05333333333333334
11 0.2625 0.385 0.035 0.03666666666666667
11 0.308125 0.36333333333333334 0.03625 0.02666666666666667
11 0.310625 0.3975 0.03375 0.04833333333333334
11 0.354375 0.3441666666666667 0.03625 0.03833333333333334
11 0.358125 0.3875 0.04125 0.035
11 0.4 0.35500000000000004 0.035 0.06333333333333334
11 0.380625 0.4316666666666667 0.02875 0.05666666666666667
11 0.349375 0.4708333333333334 0.02875 0.05166666666666667
11 0.32625 0.4566666666666667 0.03 0.03333333333333333
11 0.30062500000000003 0.46166666666666667 0.03125 0.060000000000000005
11 0.22062500000000002 0.39416666666666667 0.02875 0.04166666666666667
11 0.201875 0.39666666666666667 0.01875 0.04
11 0.1925 0.42583333333333334 0.025 0.05166666666666667
11 0.215625 0.45083333333333336 0.03125 0.03166666666666667
11 0.20125 0.5033333333333334 0.025 0.05
11 0.22375 0.49000000000000005 0.0325 0.043333333333333335
11 0.205625 0.5758333333333334 0.02875 0.04166666666666667
11 0.23625000000000002 0.5633333333333334 0.035 0.05333333333333334
11 0.32937500000000003 0.5225000000000001 0.02375 0.04833333333333334
11 0.375625 0.5725 0.03875 0.04833333333333334
11 0.323125 0.6025 0.02375 0.04166666666666667
11 0.3425 0.5991666666666667 0.0275 0.065
11 0.256875 0.6475000000000001 0.03625 0.04166666666666667
11 0.231875 0.6741666666666667 0.02125 0.05166666666666667
11 0.40125 0.6266666666666667 0.0225 0.05
11 0.435 0.655 0.0325 0.05666666666666667
11 0.34375 0.8208333333333334 0.0325 0.035
11 0.49 0.7758333333333334 0.04 0.028333333333333335
11 0.429375 0.5325000000000001 0.03125 0.055
11 0.465 0.5525 0.035 0.055
11 0.49625 0.555 0.0275 0.05666666666666667
11 0.49125 0.6141666666666667 0.03 0.05166666666666667
11 0.450625 0.5900000000000001 0.02875 0.05
11 0.51375 0.7000000000000001 0.0275 0.04666666666666667
11 0.489375 0.8791666666666668 0.04125 0.035
11 0.64625 0.7866666666666667 0.0325 0.03333333333333333
11 0.6950000000000001 0.7691666666666667 0.0325 0.03833333333333334
11 0.68625 0.8258333333333334 0.02 0.04166666666666667
11 0.723125 0.7050000000000001 0.01625 0.04
11 0.70125 0.7008333333333334 0.03 0.04833333333333334
11 0.5775 0.6808333333333334 0.035 0.03166666666666667
11 0.546875 0.6225 0.02625 0.045000000000000005
11 0.525625 0.5900000000000001 0.03625 0.03333333333333333
11 0.56 0.5808333333333334 0.04 0.025
11 0.59875 0.635 0.02 0.03666666666666667
11 0.5750000000000001 0.64 0.0275 0.043333333333333335
11 0.675625 0.63 0.03625 0.04666666666666667
11 0.708125 0.6583333333333333 0.02625 0.04666666666666667
11 0.730625 0.6366666666666667 0.03125 0.03333333333333333
11 0.74375 0.5975 0.0275 0.045000000000000005
11 0.7518750000000001 0.5708333333333334 0.03625 0.03166666666666667
11 0.6743750000000001 0.5858333333333333 0.02625 0.04833333333333334
11 0.64875 0.5766666666666667 0.0325 0.030000000000000002
11 0.625625 0.5950000000000001 0.03625 0.02666666666666667
11 0.609375 0.5716666666666667 0.03625 0.030000000000000002
11 0.581875 0.5608333333333334 0.02375 0.03833333333333334
11 0.544375 0.5108333333333334 0.043750000000000004 0.025
11 0.543125 0.5491666666666667 0.03875 0.03833333333333334
11 0.5700000000000001 0.5233333333333333 0.03 0.03666666666666667
11 0.600625 0.5316666666666667 0.02625 0.04666666666666667
11 0.624375 0.5383333333333333 0.03625 0.03333333333333333
11 0.654375 0.5458333333333334 0.03375 0.03833333333333334
11 0.678125 0.525 0.02375 0.05333333333333334
11 0.6950000000000001 0.5650000000000001 0.02 0.05333333333333334
11 0.725625 0.56 0.03375 0.05666666666666667
11 0.718125 0.5133333333333334 0.02375 0.04
11 0.74 0.5066666666666667 0.015 0.043333333333333335
11 0.725 0.4691666666666667 0.0225 0.045000000000000005
11 0.750625 0.4608333333333334 0.02375 0.025
11 0.7075 0.45 0.0325 0.02666666666666667
11 0.62375 0.4991666666666667 0.04 0.028333333333333335
11 0.591875 0.49833333333333335 0.02375 0.030000000000000002
11 0.5650000000000001 0.4816666666666667 0.0325 0.03333333333333333
11 0.5650000000000001 0.43583333333333335 0.04 0.04166666666666667
11 0.598125 0.45333333333333337 0.02125 0.04
11 0.62125 0.4675 0.0275 0.035
11 0.6125 0.43083333333333335 0.02 0.04166666666666667
11 0.638125 0.4341666666666667 0.03125 0.035
11 0.67125 0.4291666666666667 0.0275 0.04166666666666667
11 0.654375 0.39583333333333337 0.02875 0.035
11 0.681875 0.3875 0.03125 0.03166666666666667
11 0.7056250000000001 0.40166666666666667 0.03625 0.02666666666666667
11 0.70625 0.43000000000000005 0.035 0.03333333333333333
11 0.7468750000000001 0.43500000000000005 0.03625 0.030000000000000002
11 0.744375 0.39666666666666667 0.03125 0.043333333333333335
11 0.7212500000000001 0.37583333333333335 0.0225 0.035
11 0.714375 0.33416666666666667 0.02875 0.03166666666666667
11 0.70375 0.3641666666666667 0.0225 0.03833333333333334
11 0.55625 0.38333333333333336 0.04 0.03666666666666667
11 0.625 0.3983333333333334 0.035 0.043333333333333335
11 0.61875 0.3616666666666667 0.0425 0.03666666666666667
11 0.6637500000000001 0.3491666666666667 0.0225 0.045000000000000005
11 0.675 0.31583333333333335 0.0275 0.045000000000000005
11 0.691875 0.2791666666666667 0.03375 0.055
11 0.6325000000000001 0.33083333333333337 0.04 0.028333333333333335
11 0.596875 0.33333333333333337 0.02875 0.02666666666666667
11 0.6175 0.29500000000000004 0.035 0.03666666666666667
11 0.59375 0.30333333333333334 0.0325 0.030000000000000002
11 0.558125 0.34 0.02125 0.04
11 0.55875 0.30833333333333335 0.035 0.02666666666666667
11 0.54875 0.2891666666666667 0.03 0.035
11 0.505 0.34 0.04 0.04666666666666667
11 0.521875 0.37333333333333335 0.03625 0.03666666666666667
11 0.49125 0.41000000000000003 0.03 0.05
11 0.45437500000000003 0.37000000000000005 0.043750000000000004 0.03333333333333333
11 0.514375 0.28250000000000003 0.043750000000000004 0.04166666666666667
11 0.53625 0.24916666666666668 0.04 0.03833333333333334
11 0.5775 0.26416666666666666 0.04 0.045000000000000005
11 0.6125 0.25833333333333336 0.0375 0.04
11 0.625625 0.21166666666666667 0.03625 0.04
11 0.59 0.18000000000000002 0.045 0.023333333333333334
11 0.573125 0.20833333333333334 0.04125 0.03666666666666667
11 0.515625 0.2066666666666667 0.03875 0.03333333333333333
11 0.473125 0.1975 0.03125 0.045000000000000005
11 0.494375 0.1625 0.03625 0.03166666666666667
11 0.45687500000000003 0.16333333333333333 0.03125 0.05
11 0.440625 0.15000000000000002 0.01875 0.03666666666666667
11 0.42 0.19583333333333336 0.035 0.045000000000000005
11 0.398125 0.16333333333333333 0.03875 0.043333333333333335
22 0.46187500000000004 0.28 0.00875 0.02666666666666667
22 0.521875 0.41250000000000003 0.01875 0.028333333333333335
19 0.365 0.30250000000000005 0.0175 0.045000000000000005
