11 0.46 0.18666666666666668 0.065 0.05333333333333334
11 0.534375 0.27666666666666667 0.058750000000000004 0.09333333333333334
11 0.666875 0.22833333333333336 0.06625 0.05666666666666667
11 0.7075 0.18000000000000002 0.06 0.043333333333333335
11 0.694375 0.35083333333333333 0.051250000000000004 0.08833333333333333
11 0.42625 0.3175 0.0575 0.058333333333333334
11 0.421875 0.35833333333333334 0.05375 0.04
11 0.429375 0.4116666666666667 0.04625 0.06666666666666667
11 0.376875 0.3416666666666667 0.03625 0.09000000000000001
11 0.33187500000000003 0.30833333333333335 0.04875 0.07
11 0.785 0.5941666666666667 0.0375 0.09166666666666667
11 0.749375 0.6333333333333334 0.05625 0.05333333333333334
11 0.716875 0.7075 0.05625 0.06166666666666667
11 0.6475 0.5650000000000001 0.0475 0.09666666666666668
11 0.58375 0.5475 0.065 0.058333333333333334
11 0.5275 0.5725 0.065 0.07166666666666667
11 0.52 0.6233333333333334 0.0675 0.05333333333333334
11 0.534375 0.6966666666666667 0.06375 0.07666666666666667
11 0.598125 0.7483333333333334 0.051250000000000004 0.07333333333333333
11 0.634375 0.7758333333333334 0.043750000000000004 0.09166666666666667
11 0.47250000000000003 0.6841666666666667 0.06 0.058333333333333334
11 0.41875 0.6725000000000001 0.0475 0.07833333333333334
11 0.39375 0.4675 0.0725 0.06166666666666667
11 0.339375 0.44 0.04625 0.08333333333333334
11 0.29125 0.4466666666666667 0.04 0.07666666666666667
11 0.351875 0.5466666666666667 0.058750000000000004 0.09333333333333334
11 0.389375 0.53 0.06625 0.06666666666666667
11 0.38875 0.5983333333333334 0.0625 0.060000000000000005
11 0.410625 0.7733333333333334 0.06625 0.07333333333333333
11 0.504375 0.7533333333333334 0.06375 0.05666666666666667
11 0.498125 0.8075000000000001 0.04125 0.07833333333333334
11 0.575625 0.8508333333333334 0.04875 0.08833333333333333
11 0.654375 0.9341666666666667 0.06375 0.06166666666666667
11 0.501875 0.8691666666666668 0.07875 0.05166666666666667
11 0.449375 0.9033333333333334 0.06625 0.05333333333333334
11 0.24 0.8041666666666667 0.065 0.055
11 0.268125 0.6333333333333334 0.05625 0.09666666666666668
11 0.203125 0.5533333333333333 0.04125 0.08666666666666667
11 0.20500000000000002 0.6575000000000001 0.04 0.095
11 0.296875 0.9233333333333333 0.05625 0.07
11 0.565625 0.9650000000000001 0.043750000000000004 0.05666666666666667
11 0.51125 0.9766666666666667 0.05 0.043333333333333335
