2 0.547932 0.681215 0.041018 0.062044
2 0.135524 0.300489 0.047856 0.043241
2 0.146984 0.139975 0.053084 0.045595
2 0.423265 0.235391 0.060324 0.054995
2 0.489620 0.366059 0.046648 0.065336
2 0.403358 0.323052 0.055898 0.048883
2 0.359725 0.308714 0.036997 0.061575
2 0.362337 0.451604 0.039813 0.063456
2 0.505907 0.494613 0.048659 0.058283
2 0.596995 0.559713 0.048257 0.036195
2 0.493238 0.631862 0.036194 0.061106
2 0.521189 0.810004 0.067158 0.053583
2 0.454833 0.872284 0.054292 0.056872
2 0.715630 0.784858 0.057908 0.057814
2 0.676622 0.703307 0.053890 0.053583
2 0.796866 0.608596 0.049866 0.072856
2 0.813757 0.691792 0.045845 0.044653
2 0.795257 0.929627 0.056303 0.074736
2 0.684262 0.936442 0.057912 0.070506
2 0.585935 0.985848 0.055095 0.028305
2 0.319309 0.973812 0.062334 0.051233
2 0.239883 0.794729 0.059518 0.071917
2 0.148996 0.713649 0.061933 0.067683
2 0.186397 0.674636 0.061933 0.046064
2 0.738151 0.314356 0.070781 0.055937
2 0.808528 0.242676 0.049063 0.052641
2 0.875889 0.340442 0.053489 0.059225
2 0.660937 0.288505 0.061127 0.054995
2 0.606245 0.244556 0.038609 0.055464
2 0.648671 0.223640 0.065552 0.058752
2 0.663148 0.058894 0.056704 0.049822
2 0.607652 0.068529 0.056704 0.053114
2 0.587745 0.021055 0.057912 0.039011
2 0.983890 0.175695 0.032219 0.057814
2 0.643210 0.173030 0.043315 0.055555
1 0.215633 0.230078 0.068771 0.072386
