20 0.26625 0.12250000000000001 0.0375 0.06833333333333334
24 0.076875 0.4591666666666667 0.05625 0.07833333333333334
24 0.110625 0.5958333333333333 0.058750000000000004 0.095
20 0.18875 0.4633333333333334 0.05 0.05666666666666667
20 0.1925 0.5191666666666667 0.0425 0.06166666666666667
24 0.174375 0.6083333333333334 0.06875 0.060000000000000005
24 0.23750000000000002 0.6166666666666667 0.065 0.09000000000000001
24 0.18937500000000002 0.6675000000000001 0.07625 0.07500000000000001
20 0.1775 0.7333333333333334 0.0425 0.05333333333333334
18 0.19187500000000002 0.7116666666666667 0.03875 0.04666666666666667
24 0.3275 0.655 0.0725 0.09666666666666668
24 0.403125 0.685 0.06125 0.1
24 0.50375 0.6508333333333334 0.05 0.10166666666666667
24 0.30062500000000003 0.9400000000000001 0.06875 0.07666666666666667
24 0.441875 0.8833333333333334 0.06375 0.09000000000000001
20 0.489375 0.8691666666666668 0.04875 0.058333333333333334
20 0.550625 0.7766666666666667 0.04875 0.060000000000000005
24 0.595 0.9208333333333334 0.04 0.07833333333333334
24 0.599375 0.8633333333333334 0.07375 0.08
24 0.604375 0.8158333333333334 0.043750000000000004 0.08166666666666667
24 0.646875 0.7033333333333334 0.06125 0.09666666666666668
20 0.655625 0.7425 0.03625 0.055
24 0.63625 0.5666666666666667 0.075 0.09000000000000001
20 0.89375 0.6475000000000001 0.055 0.07500000000000001
20 0.780625 0.6191666666666668 0.04625 0.055
20 0.77125 0.53 0.025 0.06666666666666667
20 0.65625 0.6341666666666667 0.0375 0.045000000000000005
24 0.88 0.3816666666666667 0.09 0.08666666666666667
18 0.706875 0.3866666666666667 0.03875 0.05
24 0.605 0.21250000000000002 0.0675 0.10500000000000001
24 0.701875 0.22583333333333336 0.06625 0.10833333333333334
