19 0.264375 0.21000000000000002 0.05625 0.060000000000000005
23 0.551875 0.2041666666666667 0.043750000000000004 0.06166666666666667
19 0.26375 0.34833333333333333 0.0525 0.07333333333333333
19 0.42312500000000003 0.38083333333333336 0.043750000000000004 0.058333333333333334
18 0.45625 0.29500000000000004 0.02 0.04666666666666667
18 0.48 0.35083333333333333 0.035 0.028333333333333335
26 0.531875 0.36833333333333335 0.03625 0.043333333333333335
26 0.32937500000000003 0.3975 0.02625 0.04833333333333334
19 0.296875 0.41250000000000003 0.04625 0.06166666666666667
19 0.27375 0.465 0.0375 0.05666666666666667
19 0.249375 0.49000000000000005 0.04125 0.060000000000000005
19 0.341875 0.4525 0.04125 0.065
23 0.236875 0.5366666666666667 0.043750000000000004 0.05666666666666667
18 0.3375 0.49250000000000005 0.0375 0.03833333333333334
26 0.441875 0.4341666666666667 0.03125 0.03166666666666667
26 0.44375000000000003 0.46416666666666667 0.03 0.03166666666666667
19 0.4925 0.5525 0.05 0.07166666666666667
18 0.513125 0.6041666666666667 0.02625 0.04166666666666667
26 0.524375 0.6833333333333333 0.02625 0.05
19 0.326875 0.6633333333333333 0.04625 0.06333333333333334
24 0.39437500000000003 0.6900000000000001 0.043750000000000004 0.05
24 0.280625 0.6058333333333333 0.05375 0.055
24 0.595 0.7791666666666667 0.035 0.03833333333333334
19 0.711875 0.6733333333333333 0.04625 0.04
23 0.8462500000000001 0.4891666666666667 0.04 0.058333333333333334
19 0.785 0.47750000000000004 0.0375 0.065
11 0.756875 0.48333333333333334 0.04125 0.07
23 0.6687500000000001 0.34750000000000003 0.05 0.05166666666666667
19 0.58375 0.3425 0.0425 0.055
19 0.588125 0.395 0.051250000000000004 0.06666666666666667
19 0.64375 0.27083333333333337 0.045 0.06833333333333334
19 0.629375 0.19 0.051250000000000004 0.06666666666666667
