11 0.245625 0.2316666666666667 0.02625 0.06333333333333334
18 0.6431250000000001 0.11416666666666668 0.02625 0.025
18 0.675625 0.24250000000000002 0.03875 0.03833333333333334
28 0.740625 0.3175 0.04625 0.06166666666666667
25 0.62375 0.34 0.0575 0.06666666666666667
25 0.6575 0.4008333333333334 0.0425 0.09166666666666667
25 0.67625 0.35083333333333333 0.04 0.06833333333333334
25 0.70625 0.5141666666666667 0.045 0.065
25 0.75 0.5583333333333333 0.0425 0.08666666666666667
22 0.609375 0.6208333333333333 0.03375 0.021666666666666667
