19 0.28 0.24583333333333335 0.0425 0.045000000000000005
19 0.28500000000000003 0.2808333333333333 0.0225 0.03833333333333334
19 0.346875 0.2041666666666667 0.03625 0.058333333333333334
19 0.395625 0.15416666666666667 0.03375 0.04833333333333334
19 0.23 0.3641666666666667 0.0275 0.06166666666666667
19 0.283125 0.37833333333333335 0.03625 0.05666666666666667
19 0.26937500000000003 0.44583333333333336 0.06125 0.04833333333333334
19 0.481875 0.1625 0.03625 0.045000000000000005
19 0.48375 0.26333333333333336 0.05 0.05666666666666667
19 0.51625 0.28250000000000003 0.04 0.06166666666666667
19 0.568125 0.29333333333333333 0.04125 0.06333333333333334
19 0.539375 0.18083333333333335 0.03375 0.07500000000000001
19 0.728125 0.35333333333333333 0.03125 0.05666666666666667
19 0.69375 0.3416666666666667 0.0325 0.03666666666666667
19 0.64 0.4066666666666667 0.0375 0.05
19 0.61375 0.43333333333333335 0.04 0.05
19 0.675625 0.47750000000000004 0.03875 0.07500000000000001
19 0.708125 0.44 0.03125 0.060000000000000005
19 0.753125 0.43083333333333335 0.03375 0.055
19 0.734375 0.4525 0.02125 0.04833333333333334
19 0.716875 0.4816666666666667 0.03625 0.05
19 0.71375 0.5158333333333334 0.0275 0.035
19 0.7025 0.5491666666666667 0.0375 0.05166666666666667
19 0.63375 0.535 0.05 0.05666666666666667
19 0.5325 0.515 0.0525 0.05333333333333334
19 0.655 0.6416666666666667 0.0325 0.05
19 0.711875 0.6125 0.02625 0.045000000000000005
19 0.48812500000000003 0.6583333333333333 0.04125 0.04666666666666667
19 0.586875 0.7166666666666667 0.04125 0.04
19 0.61625 0.6941666666666667 0.035 0.055
19 0.72375 0.7216666666666667 0.03 0.04666666666666667
19 0.693125 0.7258333333333333 0.03125 0.045000000000000005
19 0.6625 0.7775000000000001 0.0425 0.045000000000000005
19 0.55625 0.8841666666666668 0.0375 0.03833333333333334
19 0.468125 0.7766666666666667 0.04125 0.03666666666666667
19 0.375 0.8158333333333334 0.0325 0.04833333333333334
19 0.345625 0.7783333333333334 0.03875 0.05333333333333334
19 0.305625 0.6216666666666667 0.03875 0.04666666666666667
19 0.235625 0.6950000000000001 0.03125 0.043333333333333335
19 0.20625000000000002 0.5883333333333334 0.045 0.05
19 0.31375000000000003 0.5 0.04 0.05333333333333334
11 0.498125 0.43083333333333335 0.03875 0.065
11 0.584375 0.2316666666666667 0.03125 0.05333333333333334
11 0.635 0.2016666666666667 0.03 0.04666666666666667
11 0.70125 0.29000000000000004 0.0325 0.043333333333333335
11 0.604375 0.3441666666666667 0.03375 0.05166666666666667
11 0.689375 0.6141666666666667 0.03625 0.04166666666666667
11 0.696875 0.5825 0.03375 0.03833333333333334
11 0.709375 0.65 0.03125 0.04666666666666667
11 0.506875 0.6683333333333333 0.02625 0.043333333333333335
27 0.676875 0.6933333333333334 0.03375 0.04
27 0.521875 0.7583333333333334 0.02625 0.04666666666666667
22 0.4925 0.6225 0.0325 0.03166666666666667
19 0.37875000000000003 0.5558333333333334 0.0375 0.04833333333333334
25 0.608125 0.5958333333333333 0.043750000000000004 0.06833333333333334
24 0.5700000000000001 0.625 0.05 0.05666666666666667
18 0.385 0.7141666666666667 0.0225 0.035
18 0.33 0.6916666666666668 0.0225 0.030000000000000002
18 0.531875 0.7216666666666667 0.02625 0.03666666666666667
18 0.5325 0.6708333333333334 0.025 0.028333333333333335
18 0.60875 0.7241666666666667 0.025 0.03166666666666667
18 0.70125 0.6891666666666667 0.025 0.028333333333333335
18 0.73875 0.5175000000000001 0.02 0.035
18 0.64375 0.47500000000000003 0.025 0.04
22 0.551875 0.7983333333333333 0.01875 0.04
19 0.31 0.25083333333333335 0.0275 0.03833333333333334
21 0.75 0.6841666666666667 0.0375 0.06166666666666667
27 0.67 0.2675 0.04 0.035
21 0.693125 0.24916666666666668 0.04625 0.05166666666666667
19 0.654375 0.2758333333333334 0.03125 0.04833333333333334
