18 0.1325 0.39916666666666667 0.045 0.05166666666666667
18 0.085 0.45 0.0275 0.04
18 0.178125 0.4191666666666667 0.02625 0.035
18 0.1575 0.45833333333333337 0.0375 0.04666666666666667
18 0.135625 0.5416666666666667 0.04125 0.043333333333333335
18 0.200625 0.5675 0.03375 0.04166666666666667
18 0.123125 0.6091666666666667 0.03125 0.03833333333333334
18 0.14250000000000002 0.5816666666666667 0.0375 0.03666666666666667
18 0.075625 0.61 0.03625 0.05
18 0.15625 0.6333333333333334 0.0425 0.04666666666666667
18 0.143125 0.6691666666666667 0.03375 0.04833333333333334
18 0.295 0.6583333333333333 0.03 0.05
18 0.195 0.6041666666666667 0.04 0.045000000000000005
18 0.231875 0.6233333333333334 0.03375 0.04666666666666667
20 0.26687500000000003 0.6441666666666667 0.02875 0.065
20 0.35125 0.7041666666666667 0.0475 0.04833333333333334
20 0.264375 0.7508333333333334 0.04125 0.055
19 0.110625 0.7358333333333333 0.043750000000000004 0.04833333333333334
18 0.17125 0.7733333333333334 0.025 0.04666666666666667
18 0.18625 0.8216666666666668 0.0325 0.04666666666666667
18 0.154375 0.7966666666666667 0.02625 0.03666666666666667
18 0.135 0.7783333333333334 0.035 0.05666666666666667
18 0.21375 0.7925000000000001 0.025 0.045000000000000005
18 0.23750000000000002 0.7958333333333334 0.03 0.055
18 0.30125 0.7741666666666667 0.045 0.055
18 0.250625 0.8916666666666667 0.04125 0.05
18 0.380625 0.9133333333333334 0.02625 0.043333333333333335
18 0.34750000000000003 0.9 0.0325 0.043333333333333335
18 0.30125 0.9133333333333334 0.0375 0.04666666666666667
18 0.34125 0.9400000000000001 0.04 0.043333333333333335
18 0.4825 0.8366666666666667 0.0375 0.03333333333333333
18 0.3875 0.7933333333333333 0.035 0.05
18 0.539375 0.8808333333333334 0.03375 0.055
18 0.55875 0.9025000000000001 0.03 0.05166666666666667
18 0.6125 0.8825000000000001 0.0375 0.04833333333333334
18 0.618125 0.92 0.03875 0.043333333333333335
18 0.531875 0.8283333333333334 0.02875 0.043333333333333335
18 0.58625 0.6316666666666667 0.0425 0.04666666666666667
18 0.474375 0.5916666666666667 0.04625 0.05333333333333334
18 0.5875 0.8441666666666667 0.0425 0.045000000000000005
18 0.470625 0.9391666666666667 0.03875 0.045000000000000005
18 0.79625 0.7133333333333334 0.0325 0.05333333333333334
18 0.8250000000000001 0.9125000000000001 0.0225 0.04833333333333334
18 0.18625 0.29583333333333334 0.0375 0.055
