11 0.43 0.15083333333333335 0.045 0.06833333333333334
11 0.130625 0.1691666666666667 0.05625 0.045000000000000005
11 0.404375 0.29750000000000004 0.07375 0.065
11 0.588125 0.1991666666666667 0.04875 0.08166666666666667
11 0.65375 0.275 0.0625 0.06666666666666667
11 0.67875 0.058333333333333334 0.045 0.08666666666666667
11 0.474375 0.48000000000000004 0.05375 0.09000000000000001
11 0.32937500000000003 0.48500000000000004 0.06625 0.060000000000000005
11 0.25125000000000003 0.5983333333333334 0.055 0.07333333333333333
11 0.203125 0.64 0.06625 0.06666666666666667
11 0.47375 0.6241666666666668 0.05 0.08166666666666667
11 0.53125 0.6475000000000001 0.0425 0.085
11 0.47250000000000003 0.7475 0.06 0.06166666666666667
11 0.735625 0.9033333333333334 0.058750000000000004 0.05333333333333334
11 0.9 0.7816666666666667 0.0475 0.07
11 0.978125 0.5091666666666667 0.03125 0.055
