16 0.397655 0.758087 0.086240 0.140720
16 0.330626 0.481641 0.081973 0.138720
16 0.294334 0.316471 0.084535 0.097803
16 0.309706 0.217170 0.050380 0.112776
16 0.372465 0.210682 0.070016 0.117763
16 0.453157 0.315473 0.070871 0.125751
16 0.396374 0.331941 0.052941 0.122754
16 0.635033 0.275551 0.079409 0.107785
16 0.828010 0.252099 0.098198 0.120757
12 0.668570 0.393938 0.031569 0.039305
12 0.681267 0.436451 0.026766 0.043314
15 0.735142 0.272210 0.097454 0.102274
14 0.560476 0.332172 0.058338 0.061768
