11 0.30125 0.35583333333333333 0.055 0.11166666666666668
18 0.180625 0.34833333333333333 0.03125 0.043333333333333335
18 0.07062500000000001 0.45083333333333336 0.03375 0.04833333333333334
18 0.224375 0.5233333333333333 0.03875 0.06333333333333334
18 0.14125000000000001 0.49583333333333335 0.0325 0.04833333333333334
18 0.12125 0.5291666666666667 0.035 0.045000000000000005
18 0.054375 0.5933333333333334 0.02375 0.06666666666666667
18 0.316875 0.8575 0.03125 0.05166666666666667
18 0.27625 0.9125000000000001 0.0375 0.04833333333333334
18 0.388125 0.7975000000000001 0.03875 0.045000000000000005
11 0.6175 0.3166666666666667 0.0475 0.09666666666666668
