19 0.585 0.28 0.0325 0.05333333333333334
11 0.256875 0.24583333333333335 0.03625 0.03833333333333334
11 0.30875 0.18166666666666667 0.0325 0.03666666666666667
11 0.32375 0.2341666666666667 0.0375 0.045000000000000005
11 0.3675 0.21250000000000002 0.035 0.03833333333333334
11 0.375 0.25 0.0375 0.03333333333333333
11 0.403125 0.2225 0.03375 0.045000000000000005
11 0.38875 0.14833333333333334 0.0325 0.03333333333333333
11 0.398125 0.18000000000000002 0.03125 0.043333333333333335
11 0.42 0.16083333333333336 0.0225 0.045000000000000005
11 0.445 0.17500000000000002 0.0275 0.04666666666666667
11 0.419375 0.2675 0.03875 0.04166666666666667
11 0.193125 0.4266666666666667 0.03125 0.043333333333333335
11 0.216875 0.45583333333333337 0.03375 0.06166666666666667
11 0.243125 0.5225000000000001 0.03125 0.05166666666666667
11 0.34750000000000003 0.51 0.035 0.05
11 0.23750000000000002 0.6408333333333334 0.03 0.05166666666666667
11 0.3075 0.6166666666666667 0.03 0.05
11 0.26375 0.7575000000000001 0.03 0.055
11 0.375 0.6525000000000001 0.0325 0.035
11 0.365 0.68 0.04 0.03666666666666667
11 0.479375 0.9058333333333334 0.04125 0.028333333333333335
11 0.56625 0.7575000000000001 0.03 0.05166666666666667
11 0.6 0.8008333333333334 0.035 0.035
11 0.626875 0.8483333333333334 0.03625 0.03666666666666667
11 0.631875 0.7666666666666667 0.02625 0.05
11 0.65625 0.7250000000000001 0.0375 0.04
11 0.69125 0.7366666666666667 0.035 0.04
11 0.7025 0.7675000000000001 0.03 0.03833333333333334
11 0.73 0.7191666666666667 0.035 0.05166666666666667
11 0.7518750000000001 0.6458333333333334 0.03125 0.045000000000000005
11 0.734375 0.6108333333333333 0.03375 0.04166666666666667
11 0.72875 0.6475000000000001 0.035 0.04833333333333334
11 0.676875 0.6491666666666667 0.03375 0.05166666666666667
11 0.6531250000000001 0.6766666666666667 0.03625 0.03666666666666667
11 0.623125 0.6825 0.03625 0.058333333333333334
11 0.635625 0.645 0.03375 0.03666666666666667
27 0.480625 0.6050000000000001 0.043750000000000004 0.043333333333333335
11 0.5075000000000001 0.6333333333333334 0.0375 0.04666666666666667
11 0.5181250000000001 0.68 0.03625 0.043333333333333335
11 0.535625 0.6241666666666668 0.02625 0.05166666666666667
11 0.55375 0.66 0.0325 0.043333333333333335
11 0.560625 0.6316666666666667 0.02875 0.043333333333333335
11 0.58875 0.6575000000000001 0.0225 0.05166666666666667
11 0.5906250000000001 0.6225 0.03875 0.035
11 0.62625 0.6191666666666668 0.025 0.045000000000000005
11 0.654375 0.6066666666666667 0.03125 0.05333333333333334
11 0.620625 0.5925 0.03125 0.035
11 0.598125 0.5950000000000001 0.02375 0.043333333333333335
11 0.5625 0.5925 0.0325 0.055
11 0.466875 0.5308333333333334 0.02875 0.05166666666666667
11 0.48875 0.555 0.03 0.04666666666666667
11 0.499375 0.5158333333333334 0.03625 0.03833333333333334
11 0.46375 0.4683333333333334 0.045 0.04
11 0.5175 0.5383333333333333 0.0375 0.04
11 0.5181250000000001 0.48500000000000004 0.02625 0.05666666666666667
11 0.538125 0.5075000000000001 0.02625 0.055
11 0.556875 0.5408333333333334 0.03625 0.045000000000000005
11 0.56125 0.5966666666666667 0.0225 0.043333333333333335
11 0.583125 0.5725 0.03375 0.035
11 0.605 0.5558333333333334 0.03 0.045000000000000005
11 0.585 0.5516666666666667 0.0325 0.03666666666666667
11 0.59375 0.5216666666666667 0.03 0.03666666666666667
11 0.668125 0.5666666666666667 0.03625 0.05
11 0.74125 0.56 0.0275 0.06333333333333334
11 0.70625 0.5508333333333334 0.03 0.058333333333333334
11 0.675625 0.5166666666666667 0.03375 0.05
11 0.665625 0.4991666666666667 0.03125 0.04166666666666667
11 0.630625 0.555 0.02625 0.03333333333333333
11 0.61375 0.5008333333333334 0.02 0.045000000000000005
11 0.623125 0.5241666666666667 0.02125 0.04166666666666667
11 0.6431250000000001 0.525 0.03625 0.04
11 0.63875 0.49500000000000005 0.0275 0.03333333333333333
11 0.625 0.4758333333333334 0.0325 0.035
11 0.594375 0.4841666666666667 0.03625 0.028333333333333335
11 0.560625 0.49750000000000005 0.03625 0.04166666666666667
11 0.556875 0.4633333333333334 0.04125 0.03666666666666667
11 0.58375 0.4633333333333334 0.04 0.03666666666666667
11 0.65625 0.47250000000000003 0.03 0.035
11 0.68375 0.46166666666666667 0.0325 0.04
11 0.553125 0.42583333333333334 0.03375 0.035
11 0.43375 0.38583333333333336 0.0275 0.045000000000000005
11 0.45437500000000003 0.39583333333333337 0.02625 0.04833333333333334
11 0.476875 0.4166666666666667 0.02875 0.043333333333333335
11 0.494375 0.4033333333333334 0.03125 0.043333333333333335
11 0.521875 0.41500000000000004 0.02625 0.05333333333333334
11 0.5181250000000001 0.37833333333333335 0.03375 0.04
11 0.536875 0.3925 0.01875 0.04166666666666667
11 0.55625 0.3766666666666667 0.03 0.03666666666666667
11 0.53625 0.34500000000000003 0.0325 0.03666666666666667
11 0.468125 0.3641666666666667 0.04125 0.03833333333333334
11 0.455625 0.33083333333333337 0.03625 0.04166666666666667
11 0.438125 0.30583333333333335 0.03125 0.05166666666666667
11 0.46875 0.2783333333333334 0.035 0.03666666666666667
11 0.5337500000000001 0.27083333333333337 0.03 0.05166666666666667
11 0.5337500000000001 0.31 0.0325 0.03333333333333333
11 0.49875 0.29083333333333333 0.0325 0.055
11 0.51125 0.25083333333333335 0.0325 0.028333333333333335
11 0.50625 0.22833333333333336 0.035 0.03333333333333333
27 0.47125 0.21583333333333335 0.0375 0.03833333333333334
11 0.484375 0.1925 0.03125 0.04166666666666667
11 0.538125 0.21416666666666667 0.02625 0.045000000000000005
23 0.74375 0.505 0.0425 0.05666666666666667
11 0.76625 0.47250000000000003 0.025 0.055
11 0.774375 0.42583333333333334 0.02625 0.04166666666666667
11 0.74625 0.4491666666666667 0.03 0.04166666666666667
11 0.738125 0.4291666666666667 0.03125 0.03833333333333334
11 0.755 0.3825 0.0275 0.045000000000000005
11 0.730625 0.39083333333333337 0.02375 0.045000000000000005
11 0.70875 0.4425 0.0275 0.03833333333333334
11 0.708125 0.41500000000000004 0.03125 0.03333333333333333
11 0.66 0.44 0.03 0.03333333333333333
11 0.68625 0.4291666666666667 0.0275 0.04166666666666667
11 0.6425 0.4291666666666667 0.0275 0.045000000000000005
11 0.620625 0.4266666666666667 0.02375 0.04666666666666667
11 0.5775 0.4266666666666667 0.0275 0.04666666666666667
11 0.586875 0.37833333333333335 0.03875 0.03666666666666667
11 0.59875 0.41000000000000003 0.025 0.04666666666666667
11 0.705 0.385 0.03 0.03333333333333333
11 0.724375 0.35333333333333333 0.02875 0.03666666666666667
11 0.755625 0.34 0.03125 0.03666666666666667
11 0.733125 0.32083333333333336 0.02875 0.045000000000000005
11 0.703125 0.3466666666666667 0.02375 0.04
11 0.68125 0.3641666666666667 0.0275 0.03166666666666667
11 0.680625 0.3916666666666667 0.02875 0.03333333333333333
11 0.665625 0.4083333333333334 0.02625 0.030000000000000002
11 0.63875 0.38833333333333336 0.025 0.04
11 0.61625 0.36583333333333334 0.0325 0.03166666666666667
11 0.5925 0.33166666666666667 0.0275 0.043333333333333335
11 0.5725 0.34833333333333333 0.025 0.04666666666666667
11 0.5593750000000001 0.3225 0.02875 0.05166666666666667
11 0.61 0.33166666666666667 0.025 0.043333333333333335
11 0.505 0.16416666666666668 0.0225 0.035
11 0.519375 0.1875 0.03375 0.035
11 0.566875 0.18500000000000003 0.03125 0.043333333333333335
11 0.56875 0.2025 0.025 0.035
11 0.5856250000000001 0.19833333333333333 0.02125 0.043333333333333335
11 0.624375 0.20500000000000002 0.02625 0.03666666666666667
11 0.60375 0.18833333333333335 0.025 0.03333333333333333
11 0.56375 0.2325 0.0325 0.028333333333333335
11 0.578125 0.24333333333333335 0.03125 0.04
11 0.62 0.23333333333333334 0.035 0.03666666666666667
11 0.65125 0.24666666666666667 0.0275 0.03333333333333333
11 0.624375 0.27083333333333337 0.03125 0.035
11 0.644375 0.2816666666666667 0.02125 0.043333333333333335
11 0.67625 0.1991666666666667 0.03 0.028333333333333335
11 0.669375 0.22833333333333336 0.02625 0.023333333333333334
11 0.693125 0.24000000000000002 0.02875 0.04
11 0.70625 0.26 0.03 0.023333333333333334
11 0.70875 0.28750000000000003 0.0325 0.035
11 0.731875 0.2675 0.02875 0.03833333333333334
11 0.65375 0.3383333333333334 0.0325 0.04
11 0.67125 0.3241666666666667 0.0225 0.045000000000000005
11 0.6275000000000001 0.3408333333333334 0.025 0.03833333333333334
27 0.670625 0.2783333333333334 0.03375 0.043333333333333335
11 0.64625 0.2016666666666667 0.0225 0.05
