18 0.478125 0.17333333333333334 0.03375 0.07333333333333333
18 0.413125 0.23833333333333334 0.03375 0.043333333333333335
18 0.409375 0.33333333333333337 0.03625 0.04666666666666667
18 0.230625 0.56 0.03625 0.060000000000000005
18 0.416875 0.7333333333333334 0.043750000000000004 0.05
20 0.265 0.7425 0.0475 0.06833333333333334
18 0.69125 0.8941666666666668 0.035 0.035
18 0.70625 0.6475000000000001 0.035 0.03833333333333334
18 0.6 0.20583333333333334 0.035 0.045000000000000005
18 0.61375 0.24833333333333335 0.0325 0.043333333333333335
18 0.7175 0.19583333333333336 0.04 0.04833333333333334
20 0.65375 0.11583333333333334 0.045 0.055
