11 0.296875 0.39416666666666667 0.02125 0.04166666666666667
11 0.23125 0.44083333333333335 0.0275 0.03833333333333334
11 0.208125 0.3725 0.03125 0.03166666666666667
11 0.263125 0.5391666666666667 0.02875 0.04166666666666667
11 0.224375 0.5875 0.03125 0.04166666666666667
11 0.241875 0.625 0.03375 0.02666666666666667
11 0.3325 0.6025 0.03 0.025
11 0.211875 0.6675000000000001 0.01625 0.03833333333333334
11 0.420625 0.6175 0.03375 0.04166666666666667
11 0.405625 0.7383333333333334 0.02875 0.05
11 0.3875 0.7516666666666667 0.025 0.03666666666666667
11 0.466875 0.7108333333333334 0.03125 0.028333333333333335
11 0.563125 0.7441666666666668 0.02625 0.03833333333333334
11 0.546875 0.8458333333333334 0.03125 0.028333333333333335
11 0.7075 0.7141666666666667 0.0325 0.025
11 0.675 0.6433333333333334 0.0325 0.03333333333333333
11 0.70375 0.6066666666666667 0.0375 0.03333333333333333
