11 0.328125 0.16 0.02375 0.04666666666666667
11 0.311875 0.21166666666666667 0.03875 0.04
11 0.343125 0.21083333333333334 0.03125 0.05166666666666667
11 0.259375 0.23833333333333334 0.02125 0.04
11 0.258125 0.27083333333333337 0.03375 0.035
11 0.22875 0.2758333333333334 0.025 0.045000000000000005
11 0.2425 0.3091666666666667 0.0375 0.04166666666666667
11 0.19062500000000002 0.36583333333333334 0.01875 0.045000000000000005
11 0.206875 0.38333333333333336 0.03125 0.043333333333333335
11 0.23500000000000001 0.37000000000000005 0.025 0.03666666666666667
11 0.251875 0.38583333333333336 0.02375 0.04166666666666667
11 0.274375 0.38583333333333336 0.02875 0.03166666666666667
11 0.32 0.4166666666666667 0.0225 0.060000000000000005
11 0.345625 0.44083333333333335 0.03875 0.035
11 0.38125000000000003 0.40750000000000003 0.05 0.04166666666666667
11 0.37875000000000003 0.14333333333333334 0.03 0.05333333333333334
11 0.4325 0.2316666666666667 0.0375 0.043333333333333335
11 0.45687500000000003 0.21416666666666667 0.04125 0.035
11 0.44875 0.16666666666666669 0.04 0.04666666666666667
11 0.455 0.4058333333333334 0.0375 0.045000000000000005
11 0.478125 0.3875 0.03375 0.06166666666666667
11 0.44875 0.4566666666666667 0.0325 0.05
11 0.43 0.49333333333333335 0.035 0.04
11 0.3925 0.5125000000000001 0.0425 0.045000000000000005
11 0.40750000000000003 0.5483333333333333 0.03 0.05
11 0.37875000000000003 0.5883333333333334 0.025 0.05333333333333334
11 0.401875 0.6141666666666667 0.02875 0.055
11 0.421875 0.5925 0.02875 0.055
11 0.444375 0.5783333333333334 0.03375 0.04
11 0.501875 0.54 0.03375 0.060000000000000005
11 0.47250000000000003 0.49750000000000005 0.0325 0.05166666666666667
11 0.384375 0.7133333333333334 0.03375 0.043333333333333335
11 0.27187500000000003 0.6808333333333334 0.04125 0.04166666666666667
11 0.275625 0.7216666666666667 0.03875 0.043333333333333335
11 0.200625 0.4941666666666667 0.03625 0.045000000000000005
11 0.4175 0.8925000000000001 0.0375 0.03833333333333334
11 0.566875 0.81 0.03375 0.03333333333333333
11 0.5425 0.7591666666666668 0.03 0.05166666666666667
11 0.55125 0.7175 0.0275 0.05166666666666667
11 0.578125 0.6958333333333334 0.03625 0.045000000000000005
11 0.59375 0.75 0.04 0.043333333333333335
11 0.665625 0.7716666666666667 0.043750000000000004 0.03666666666666667
11 0.70625 0.7375 0.04 0.03166666666666667
11 0.5275 0.6658333333333334 0.04 0.028333333333333335
11 0.52875 0.6333333333333334 0.04 0.030000000000000002
11 0.583125 0.5933333333333334 0.04125 0.030000000000000002
11 0.61625 0.5625 0.04 0.04166666666666667
11 0.615 0.6525000000000001 0.0275 0.055
11 0.665625 0.635 0.03625 0.03666666666666667
11 0.678125 0.6716666666666667 0.03375 0.030000000000000002
11 0.703125 0.6825 0.03625 0.045000000000000005
11 0.748125 0.6733333333333333 0.02375 0.04666666666666667
11 0.75375 0.625 0.025 0.043333333333333335
11 0.769375 0.5666666666666667 0.02375 0.04666666666666667
11 0.7775 0.5233333333333333 0.0225 0.05
11 0.7518750000000001 0.5608333333333334 0.02375 0.055
11 0.729375 0.5341666666666667 0.02875 0.058333333333333334
11 0.701875 0.6275000000000001 0.03375 0.04166666666666667
11 0.70375 0.5816666666666667 0.0275 0.05
11 0.671875 0.5900000000000001 0.02875 0.05333333333333334
11 0.691875 0.5491666666666667 0.03375 0.03833333333333334
11 0.673125 0.5425 0.02625 0.04833333333333334
11 0.655 0.5216666666666667 0.025 0.05
11 0.594375 0.5275000000000001 0.03875 0.03833333333333334
11 0.548125 0.5191666666666667 0.02625 0.06166666666666667
11 0.593125 0.4966666666666667 0.03875 0.03333333333333333
11 0.62625 0.5166666666666667 0.0325 0.04666666666666667
11 0.68 0.4783333333333334 0.0375 0.04
11 0.658125 0.44333333333333336 0.03875 0.03666666666666667
11 0.6425 0.42333333333333334 0.0325 0.04666666666666667
11 0.618125 0.4658333333333334 0.03625 0.045000000000000005
11 0.59375 0.4566666666666667 0.025 0.03666666666666667
11 0.571875 0.4366666666666667 0.02875 0.04666666666666667
11 0.544375 0.4575 0.02625 0.05166666666666667
11 0.5275 0.39333333333333337 0.045 0.043333333333333335
11 0.504375 0.45583333333333337 0.02125 0.055
11 0.48562500000000003 0.47000000000000003 0.02375 0.04666666666666667
11 0.52375 0.47750000000000004 0.025 0.055
11 0.5700000000000001 0.25333333333333335 0.0325 0.05
11 0.565625 0.315 0.02875 0.05333333333333334
11 0.615 0.29500000000000004 0.03 0.05333333333333334
11 0.651875 0.3441666666666667 0.02875 0.055
11 0.63625 0.385 0.035 0.05
11 0.615 0.39916666666666667 0.03 0.058333333333333334
11 0.585 0.41500000000000004 0.0325 0.04666666666666667
11 0.6725 0.30833333333333335 0.0375 0.04
11 0.635 0.26833333333333337 0.04 0.05
11 0.665625 0.23583333333333334 0.03375 0.03166666666666667
11 0.67875 0.27 0.03 0.043333333333333335
11 0.68875 0.22166666666666668 0.035 0.03333333333333333
11 0.7056250000000001 0.265 0.02125 0.04666666666666667
11 0.7212500000000001 0.2758333333333334 0.025 0.03833333333333334
11 0.733125 0.3041666666666667 0.03375 0.028333333333333335
11 0.7225 0.32333333333333336 0.0375 0.03666666666666667
11 0.756875 0.3816666666666667 0.03625 0.04
11 0.745625 0.42083333333333334 0.02875 0.055
11 0.504375 0.2541666666666667 0.04125 0.035
11 0.5387500000000001 0.1975 0.0375 0.045000000000000005
11 0.499375 0.21583333333333335 0.04125 0.03833333333333334
11 0.500625 0.17833333333333334 0.03125 0.043333333333333335
11 0.51875 0.15083333333333335 0.0325 0.03166666666666667
11 0.546875 0.16 0.02375 0.04666666666666667
