11 0.58 0.14750000000000002 0.045 0.085
11 0.52625 0.29500000000000004 0.0575 0.08333333333333334
11 0.415625 0.14250000000000002 0.07375 0.06833333333333334
11 0.383125 0.12416666666666668 0.05625 0.07500000000000001
11 0.3775 0.255 0.0475 0.08333333333333334
11 0.3925 0.35083333333333333 0.065 0.058333333333333334
11 0.34500000000000003 0.3066666666666667 0.0475 0.07666666666666667
11 0.25 0.32 0.0625 0.06333333333333334
11 0.39375 0.4116666666666667 0.0575 0.05
11 0.5075000000000001 0.4783333333333334 0.06 0.08
11 0.46125 0.5033333333333334 0.05 0.1
11 0.4225 0.4791666666666667 0.045 0.095
11 0.384375 0.4716666666666667 0.04875 0.08
11 0.36 0.5075000000000001 0.0475 0.065
11 0.326875 0.4541666666666667 0.06625 0.06166666666666667
11 0.3175 0.39916666666666667 0.0675 0.055
11 0.17125 0.4066666666666667 0.0575 0.09333333333333334
11 0.224375 0.4841666666666667 0.04625 0.08166666666666667
11 0.289375 0.49083333333333334 0.06125 0.058333333333333334
11 0.275625 0.5441666666666667 0.06875 0.055
11 0.2 0.56 0.0625 0.07666666666666667
11 0.169375 0.5983333333333334 0.058750000000000004 0.060000000000000005
11 0.475625 0.5816666666666667 0.06375 0.05666666666666667
11 0.52125 0.5775 0.0575 0.065
11 0.5725 0.6475000000000001 0.0625 0.07500000000000001
11 0.62 0.6733333333333333 0.0525 0.08
11 0.73375 0.7316666666666667 0.05 0.07333333333333333
11 0.6900000000000001 0.6775 0.055 0.055
11 0.714375 0.6158333333333333 0.06625 0.05166666666666667
11 0.755625 0.5475 0.06375 0.058333333333333334
11 0.491875 0.6908333333333334 0.03625 0.07500000000000001
11 0.58875 0.7183333333333334 0.04 0.07666666666666667
11 0.67125 0.7308333333333333 0.0625 0.07166666666666667
11 0.714375 0.7833333333333334 0.06125 0.06666666666666667
11 0.68125 0.8450000000000001 0.06 0.05666666666666667
11 0.64125 0.8141666666666667 0.03 0.09166666666666667
11 0.61 0.775 0.06 0.05333333333333334
11 0.540625 0.7408333333333333 0.06125 0.08833333333333333
11 0.55625 0.8141666666666667 0.0475 0.085
11 0.539375 0.8616666666666667 0.06875 0.05666666666666667
11 0.646875 0.9308333333333334 0.06625 0.04833333333333334
11 0.7262500000000001 0.9441666666666667 0.0675 0.05166666666666667
11 0.55625 0.9400000000000001 0.0575 0.05333333333333334
11 0.52 0.91 0.04 0.07
11 0.495 0.8858333333333334 0.0575 0.05166666666666667
11 0.50125 0.8191666666666667 0.07 0.055
11 0.495 0.7666666666666667 0.0725 0.06333333333333334
11 0.44375000000000003 0.7758333333333334 0.0675 0.065
11 0.46375 0.7050000000000001 0.0525 0.09000000000000001
11 0.40875 0.7458333333333333 0.0625 0.06166666666666667
11 0.379375 0.6991666666666667 0.07375 0.08833333333333333
11 0.323125 0.6383333333333334 0.06625 0.05666666666666667
11 0.290625 0.7175 0.058750000000000004 0.055
11 0.25625 0.7858333333333334 0.05 0.055
11 0.24125 0.8508333333333334 0.0625 0.05166666666666667
11 0.41875 0.8791666666666668 0.0675 0.065
11 0.483125 0.925 0.06375 0.07
11 0.405625 0.9683333333333334 0.07375 0.060000000000000005
11 0.341875 0.9383333333333334 0.03625 0.08666666666666667
11 0.889375 0.8825000000000001 0.04625 0.05166666666666667
11 0.969375 0.6183333333333334 0.043750000000000004 0.09333333333333334
11 0.95875 0.47750000000000004 0.0425 0.07833333333333334
11 0.9225 0.35500000000000004 0.055 0.06333333333333334
11 0.806875 0.4608333333333334 0.06125 0.05166666666666667
11 0.926875 0.18333333333333335 0.03875 0.07333333333333333
