25 0.321875 0.18833333333333335 0.06125 0.08333333333333334
23 0.314375 0.2783333333333334 0.04125 0.07333333333333333
23 0.3575 0.3716666666666667 0.075 0.07
19 0.21375 0.44833333333333336 0.0525 0.09000000000000001
26 0.42 0.20916666666666667 0.0225 0.058333333333333334
26 0.626875 0.2325 0.03875 0.028333333333333335
23 0.553125 0.13833333333333334 0.03875 0.07
23 0.603125 0.12583333333333335 0.04625 0.04833333333333334
25 0.603125 0.06916666666666667 0.07375 0.07500000000000001
30 0.48625 0.20916666666666667 0.04 0.07833333333333334
