26 0.30125 0.1325 0.035 0.028333333333333335
26 0.46875 0.17333333333333334 0.03 0.05
26 0.28750000000000003 0.4516666666666667 0.0325 0.04
26 0.37625000000000003 0.46 0.02 0.05
18 0.279375 0.3875 0.02625 0.035
18 0.34125 0.36083333333333334 0.0275 0.045000000000000005
18 0.444375 0.33166666666666667 0.02625 0.04
23 0.41125 0.39083333333333337 0.0425 0.06166666666666667
26 0.35625 0.4716666666666667 0.02 0.04666666666666667
26 0.444375 0.5225000000000001 0.03875 0.035
26 0.410625 0.5483333333333333 0.03125 0.04
26 0.351875 0.6066666666666667 0.03125 0.04666666666666667
24 0.32625 0.515 0.06 0.07333333333333333
18 0.249375 0.6316666666666667 0.03375 0.03333333333333333
19 0.406875 0.7100000000000001 0.04625 0.07333333333333333
26 0.4425 0.7691666666666667 0.03 0.04166666666666667
26 0.449375 0.9075000000000001 0.03375 0.025
18 0.409375 0.8258333333333334 0.02875 0.04166666666666667
25 0.628125 0.9058333333333334 0.06125 0.07166666666666667
19 0.68 0.8316666666666667 0.0425 0.06333333333333334
19 0.760625 0.6725000000000001 0.04875 0.06166666666666667
19 0.8025 0.6516666666666667 0.0475 0.06333333333333334
18 0.6975 0.7083333333333334 0.03 0.04
18 0.52 0.6966666666666667 0.03 0.04666666666666667
26 0.546875 0.6075 0.03625 0.03166666666666667
26 0.609375 0.5408333333333334 0.04125 0.04833333333333334
26 0.7725 0.4425 0.025 0.04166666666666667
26 0.820625 0.4941666666666667 0.02375 0.045000000000000005
26 0.689375 0.30583333333333335 0.02875 0.045000000000000005
26 0.5375 0.28833333333333333 0.0425 0.023333333333333334
19 0.628125 0.35250000000000004 0.043750000000000004 0.055
26 0.640625 0.16333333333333333 0.02375 0.05666666666666667
25 0.5125 0.19833333333333333 0.05 0.10333333333333335
24 0.671875 0.11083333333333334 0.06125 0.065
