28 0.59125 0.1625 0.05 0.065
19 0.613125 0.22833333333333336 0.03875 0.08
19 0.60875 0.3216666666666667 0.045 0.05333333333333334
20 0.64125 0.17916666666666667 0.0425 0.05166666666666667
23 0.656875 0.22 0.04125 0.05333333333333334
23 0.619375 0.37000000000000005 0.03625 0.05
23 0.793125 0.28500000000000003 0.03875 0.05666666666666667
19 0.7175 0.38333333333333336 0.035 0.07333333333333333
21 0.68875 0.5075000000000001 0.055 0.10166666666666667
23 0.69375 0.645 0.04 0.05666666666666667
22 0.5525 0.5700000000000001 0.025 0.043333333333333335
23 0.481875 0.4466666666666667 0.04125 0.05
19 0.481875 0.5308333333333334 0.03375 0.065
