19 0.6425 0.37583333333333335 0.0425 0.04833333333333334
19 0.52875 0.4216666666666667 0.05 0.04666666666666667
19 0.6425 0.55 0.0375 0.05
19 0.6175 0.7191666666666667 0.03 0.058333333333333334
19 0.451875 0.775 0.043750000000000004 0.04
19 0.36062500000000003 0.7641666666666667 0.03625 0.058333333333333334
19 0.3775 0.8266666666666668 0.0425 0.04666666666666667
19 0.379375 0.8691666666666668 0.03125 0.035
19 0.37125 0.6225 0.04 0.045000000000000005
19 0.32375 0.6208333333333333 0.035 0.04166666666666667
