11 0.366875 0.19083333333333335 0.04875 0.09166666666666667
11 0.465 0.2775 0.055 0.10166666666666667
11 0.636875 0.32916666666666666 0.06875 0.058333333333333334
11 0.378125 0.49500000000000005 0.07125000000000001 0.07
11 0.339375 0.5583333333333333 0.051250000000000004 0.08
11 0.41250000000000003 0.6766666666666667 0.06 0.07
11 0.51875 0.7183333333333334 0.0625 0.07333333333333333
27 0.258125 0.42000000000000004 0.05625 0.10666666666666667
18 0.175625 0.1991666666666667 0.03125 0.045000000000000005
18 0.28375 0.2025 0.04 0.05166666666666667
18 0.2025 0.2966666666666667 0.035 0.04666666666666667
18 0.06625 0.265 0.035 0.03333333333333333
18 0.288125 0.3466666666666667 0.03625 0.05333333333333334
18 0.318125 0.445 0.03875 0.043333333333333335
18 0.065625 0.4033333333333334 0.02125 0.04666666666666667
18 0.175625 0.4058333333333334 0.02625 0.045000000000000005
18 0.0725 0.49000000000000005 0.0275 0.043333333333333335
18 0.17375000000000002 0.49250000000000005 0.0325 0.04166666666666667
18 0.258125 0.5433333333333333 0.03375 0.03666666666666667
18 0.06875 0.6016666666666667 0.0225 0.043333333333333335
18 0.08375 0.5775 0.0275 0.05166666666666667
18 0.14 0.5408333333333334 0.0275 0.04833333333333334
18 0.16375 0.5750000000000001 0.03 0.05
18 0.184375 0.5916666666666667 0.02875 0.05
18 0.131875 0.5916666666666667 0.02625 0.05
18 0.14625 0.6316666666666667 0.0275 0.04666666666666667
18 0.143125 0.7041666666666667 0.03375 0.06166666666666667
18 0.18125 0.7025 0.035 0.045000000000000005
18 0.204375 0.7516666666666667 0.02625 0.04666666666666667
18 0.21375 0.7291666666666667 0.025 0.04833333333333334
18 0.24 0.7416666666666667 0.035 0.043333333333333335
18 0.24875 0.7616666666666667 0.035 0.043333333333333335
18 0.210625 0.8158333333333334 0.02375 0.04833333333333334
18 0.229375 0.8025000000000001 0.02625 0.058333333333333334
18 0.23 0.8616666666666667 0.03 0.043333333333333335
18 0.26625 0.8475 0.0475 0.04166666666666667
18 0.27375 0.7733333333333334 0.0325 0.043333333333333335
18 0.29812500000000003 0.7666666666666667 0.03875 0.05
18 0.418125 0.9116666666666667 0.03625 0.043333333333333335
18 0.469375 0.8208333333333334 0.02625 0.045000000000000005
18 0.436875 0.8075000000000001 0.03125 0.05166666666666667
18 0.56875 0.7183333333333334 0.0375 0.05333333333333334
18 0.595625 0.6991666666666667 0.03375 0.05166666666666667
18 0.615625 0.6458333333333334 0.03125 0.055
18 0.6425 0.6825 0.04 0.065
18 0.70125 0.785 0.0375 0.05
18 0.73625 0.6908333333333334 0.03 0.05166666666666667
18 0.7681250000000001 0.7058333333333334 0.03625 0.04166666666666667
19 0.6118750000000001 0.30333333333333334 0.06125 0.05666666666666667
