19 0.3925 0.14500000000000002 0.0375 0.03333333333333333
19 0.37 0.18083333333333335 0.035 0.045000000000000005
19 0.3775 0.24666666666666667 0.035 0.05333333333333334
19 0.314375 0.31083333333333335 0.03375 0.05166666666666667
18 0.308125 0.2783333333333334 0.02375 0.023333333333333334
19 0.31625000000000003 0.3775 0.04 0.058333333333333334
20 0.25 0.3458333333333334 0.0225 0.035
19 0.21 0.3491666666666667 0.0375 0.05166666666666667
18 0.2175 0.5016666666666667 0.02 0.030000000000000002
18 0.41625 0.5316666666666667 0.0225 0.03333333333333333
19 0.30375 0.5858333333333333 0.0375 0.058333333333333334
19 0.34625 0.5891666666666667 0.04 0.045000000000000005
19 0.384375 0.5958333333333333 0.03625 0.045000000000000005
19 0.39 0.6275000000000001 0.0425 0.04833333333333334
19 0.2325 0.6383333333333334 0.035 0.05
19 0.451875 0.5950000000000001 0.03375 0.043333333333333335
19 0.49625 0.635 0.035 0.05666666666666667
19 0.479375 0.6608333333333334 0.03625 0.04833333333333334
19 0.473125 0.6883333333333334 0.04125 0.043333333333333335
19 0.43875000000000003 0.675 0.035 0.07333333333333333
19 0.52 0.7325 0.04 0.03833333333333334
21 0.42625 0.7191666666666667 0.0575 0.06166666666666667
19 0.406875 0.8033333333333333 0.03875 0.05
19 0.351875 0.7725000000000001 0.03875 0.045000000000000005
24 0.335625 0.8433333333333334 0.04625 0.05
18 0.27 0.7216666666666667 0.0225 0.023333333333333334
18 0.464375 0.7150000000000001 0.02625 0.023333333333333334
19 0.55625 0.7966666666666667 0.0325 0.04
19 0.52875 0.8600000000000001 0.0325 0.03666666666666667
19 0.58375 0.8650000000000001 0.02 0.04666666666666667
19 0.6062500000000001 0.8700000000000001 0.035 0.030000000000000002
19 0.63375 0.8033333333333333 0.035 0.05333333333333334
19 0.6062500000000001 0.7941666666666667 0.0275 0.035
19 0.579375 0.7508333333333334 0.03875 0.058333333333333334
19 0.6775 0.8108333333333334 0.0325 0.04166666666666667
18 0.655625 0.8175 0.01875 0.028333333333333335
19 0.6481250000000001 0.75 0.02625 0.05
19 0.654375 0.7733333333333334 0.03625 0.043333333333333335
19 0.6793750000000001 0.7033333333333334 0.04125 0.060000000000000005
19 0.713125 0.7141666666666667 0.03125 0.035
19 0.718125 0.7466666666666667 0.02875 0.043333333333333335
19 0.754375 0.6233333333333334 0.03375 0.06333333333333334
19 0.68125 0.6291666666666667 0.0425 0.05166666666666667
18 0.709375 0.6591666666666667 0.02375 0.035
19 0.596875 0.6941666666666667 0.043750000000000004 0.05166666666666667
19 0.754375 0.5791666666666667 0.02625 0.05166666666666667
19 0.73375 0.5266666666666667 0.0375 0.04666666666666667
21 0.769375 0.5175000000000001 0.051250000000000004 0.06166666666666667
19 0.721875 0.5025000000000001 0.03125 0.07833333333333334
19 0.67625 0.5275000000000001 0.03 0.05166666666666667
19 0.655 0.5700000000000001 0.0525 0.05333333333333334
19 0.60875 0.5666666666666667 0.035 0.05666666666666667
19 0.5543750000000001 0.5133333333333334 0.04625 0.05333333333333334
11 0.57625 0.5733333333333334 0.0375 0.05
19 0.6950000000000001 0.5566666666666668 0.035 0.043333333333333335
19 0.71875 0.4166666666666667 0.05 0.05
19 0.6843750000000001 0.4425 0.04625 0.055
19 0.63875 0.3975 0.0525 0.05166666666666667
19 0.65 0.4425 0.04 0.055
18 0.70125 0.40166666666666667 0.0175 0.030000000000000002
19 0.67375 0.38833333333333336 0.0375 0.05333333333333334
13 0.681875 0.37000000000000005 0.03125 0.05
19 0.725625 0.32666666666666666 0.03375 0.04666666666666667
19 0.71 0.29833333333333334 0.0375 0.04
19 0.696875 0.32083333333333336 0.03625 0.045000000000000005
28 0.68 0.32666666666666666 0.04 0.05666666666666667
19 0.624375 0.2966666666666667 0.04875 0.043333333333333335
19 0.59 0.2916666666666667 0.035 0.04666666666666667
19 0.574375 0.2733333333333334 0.043750000000000004 0.04666666666666667
19 0.6225 0.23750000000000002 0.0275 0.05166666666666667
24 0.64875 0.21416666666666667 0.04 0.04166666666666667
19 0.584375 0.22333333333333336 0.03875 0.05
19 0.599375 0.17833333333333334 0.043750000000000004 0.043333333333333335
19 0.5525 0.17 0.04 0.043333333333333335
19 0.539375 0.2525 0.03625 0.06166666666666667
19 0.52625 0.2225 0.0375 0.06166666666666667
19 0.4675 0.18583333333333335 0.0225 0.03833333333333334
11 0.49375 0.21916666666666668 0.04 0.04166666666666667
19 0.52125 0.33 0.035 0.08333333333333334
18 0.496875 0.40166666666666667 0.02375 0.030000000000000002
11 0.45625 0.22333333333333336 0.0425 0.03333333333333333
19 0.45375 0.2625 0.035 0.07500000000000001
13 0.59375 0.3458333333333334 0.04 0.028333333333333335
19 0.51 0.5341666666666667 0.0425 0.058333333333333334
19 0.5325 0.6083333333333334 0.0325 0.043333333333333335
24 0.515625 0.5650000000000001 0.03625 0.06333333333333334
19 0.495 0.5808333333333334 0.03 0.05166666666666667
18 0.615625 0.505 0.02375 0.030000000000000002
