18 0.39375 0.25 0.0525 0.05333333333333334
18 0.388125 0.12166666666666667 0.03875 0.060000000000000005
18 0.51625 0.33 0.04 0.060000000000000005
18 0.561875 0.25333333333333335 0.04875 0.060000000000000005
18 0.63 0.1716666666666667 0.045 0.060000000000000005
18 0.6843750000000001 0.13083333333333333 0.02625 0.05166666666666667
18 0.62625 0.05166666666666667 0.0375 0.04666666666666667
18 0.56875 0.09250000000000001 0.035 0.058333333333333334
18 0.555 0.11 0.0375 0.05666666666666667
18 0.5625 0.16083333333333336 0.0475 0.058333333333333334
