24 0.12875 0.4866666666666667 0.06 0.08
24 0.211875 0.6366666666666667 0.051250000000000004 0.10333333333333335
21 0.270625 0.5258333333333334 0.07125000000000001 0.08166666666666667
21 0.20125 0.5566666666666668 0.075 0.07666666666666667
21 0.28875 0.6316666666666667 0.0825 0.11333333333333334
21 0.40625 0.6075 0.08 0.08833333333333333
21 0.371875 0.6958333333333334 0.08875 0.09166666666666667
19 0.14875 0.6000000000000001 0.04 0.06333333333333334
24 0.23 0.7816666666666667 0.065 0.08
24 0.315625 0.7616666666666667 0.07375 0.08666666666666667
18 0.201875 0.8458333333333334 0.03125 0.04166666666666667
21 0.479375 0.9083333333333334 0.08375 0.09000000000000001
21 0.534375 0.8075000000000001 0.06875 0.08833333333333333
21 0.593125 0.8458333333333334 0.04125 0.085
21 0.6025 0.7925000000000001 0.05 0.08166666666666667
21 0.474375 0.7125 0.08375 0.07500000000000001
24 0.5625 0.6625000000000001 0.0575 0.09166666666666667
24 0.540625 0.6950000000000001 0.05375 0.1
24 0.473125 0.6000000000000001 0.08125 0.08
24 0.40125 0.8325 0.06 0.085
24 0.68375 0.7583333333333334 0.065 0.09333333333333334
24 0.6431250000000001 0.63 0.06125 0.060000000000000005
24 0.726875 0.6716666666666667 0.051250000000000004 0.09000000000000001
24 0.744375 0.6025 0.07125000000000001 0.07833333333333334
24 0.705 0.6083333333333334 0.045 0.05333333333333334
24 0.81 0.5750000000000001 0.05 0.08
21 0.661875 0.5008333333333334 0.08125 0.08166666666666667
21 0.739375 0.525 0.08125 0.08333333333333334
21 0.7825 0.5308333333333334 0.0475 0.09166666666666667
21 0.71 0.3325 0.05 0.09166666666666667
24 0.54875 0.3516666666666667 0.0675 0.07
19 0.701875 0.18416666666666667 0.03875 0.07833333333333334
21 0.57375 0.08583333333333334 0.085 0.09833333333333334
18 0.789375 0.11333333333333334 0.03625 0.03666666666666667
24 0.8406250000000001 0.3641666666666667 0.05625 0.07500000000000001
19 0.573125 0.755 0.03875 0.060000000000000005
18 0.45125 0.7933333333333333 0.0325 0.05
18 0.259375 0.6666666666666667 0.02875 0.04666666666666667
