15 0.349073 0.659977 0.085929 0.141382
15 0.460781 0.516930 0.074288 0.126417
15 0.619059 0.718193 0.075951 0.134729
15 0.631255 0.611324 0.088147 0.123919
15 0.741855 0.573899 0.054330 0.133899
15 0.619335 0.339368 0.083159 0.092313
15 0.582746 0.254954 0.063198 0.113106
15 0.330223 0.407981 0.091474 0.114771
18 0.521764 0.481168 0.044352 0.099803
17 0.349905 0.242063 0.063200 0.069029
17 0.343529 0.293210 0.049340 0.066532
17 0.377901 0.331882 0.054885 0.088990
17 0.531465 0.241647 0.040469 0.094811
12 0.894311 0.504455 0.031044 0.063205
12 0.809490 0.247052 0.054330 0.042415
12 0.591894 0.391347 0.022731 0.054890
