1 0.823810 0.335178 0.044239 0.066748
1 0.096796 0.323239 0.058715 0.061102
1 0.044798 0.586315 0.043433 0.113278
1 0.010134 0.557174 0.020268 0.082255
1 0.037157 0.393368 0.032975 0.102466
1 0.140109 0.338376 0.065148 0.042303
1 0.170068 0.366577 0.057510 0.079905
1 0.054852 0.109704 0.077211 0.055937
1 0.013350 0.132736 0.026701 0.124562
1 0.128245 0.114171 0.051074 0.073325
1 0.092454 0.213345 0.063943 0.068625
1 0.213704 0.038259 0.037803 0.071913
1 0.268797 0.210995 0.043433 0.063925
1 0.303987 0.205120 0.040616 0.087897
1 0.343999 0.226742 0.045845 0.080375
1 0.457407 0.280091 0.042627 0.071444
1 0.294133 0.407470 0.084451 0.033841
1 0.232804 0.368927 0.058313 0.035722
1 0.289711 0.374802 0.067563 0.046533
1 0.371950 0.371042 0.065549 0.040891
1 0.187561 0.458232 0.085257 0.049822
1 0.204655 0.549418 0.046246 0.084605
1 0.228382 0.506646 0.069574 0.058283
1 0.289911 0.576681 0.065549 0.077086
1 0.298557 0.469984 0.028954 0.072386
1 0.328115 0.491135 0.043028 0.089305
1 0.090845 0.546130 0.049465 0.092128
1 0.038766 0.701944 0.038609 0.080375
1 0.027507 0.763048 0.045845 0.093539
1 0.147146 0.959287 0.063137 0.056406
1 0.304589 0.932261 0.033778 0.085075
1 0.329723 0.929674 0.032574 0.095886
1 0.329725 0.771275 0.033380 0.074263
1 0.241050 0.659171 0.028151 0.077555
1 0.283878 0.669513 0.077616 0.049356
1 0.280661 0.635435 0.059119 0.035722
1 0.079181 0.658467 0.059116 0.040426
1 0.330931 0.633085 0.055898 0.033845
1 0.407540 0.576681 0.050672 0.054525
1 0.497221 0.522157 0.057908 0.041360
1 0.553321 0.498421 0.059116 0.082255
1 0.525372 0.740016 0.068366 0.045591
1 0.502249 0.863399 0.072789 0.037603
1 0.498629 0.908525 0.037401 0.073325
1 0.449364 0.831204 0.036194 0.064394
1 0.431268 0.628150 0.046651 0.080375
1 0.614046 0.908992 0.081637 0.039483
1 0.690454 0.947066 0.059116 0.048887
1 0.697896 0.685964 0.045042 0.102936
1 0.803461 0.724271 0.047856 0.085544
1 0.834225 0.745187 0.031369 0.078494
1 0.880110 0.972876 0.069975 0.054249
1 0.901424 0.751628 0.069975 0.033841
1 0.961772 0.382417 0.076455 0.039014
1 0.932591 0.333063 0.063943 0.035249
1 0.804522 0.429580 0.052599 0.050196
2 0.605842 0.301430 0.049225 0.057534
2 0.767846 0.305040 0.057908 0.060353
2 0.205154 0.760782 0.053084 0.068250
2 0.946402 0.968523 0.055014 0.062954
2 0.483122 0.965529 0.055979 0.049072
2 0.357166 0.807033 0.041503 0.062608
2 0.423764 0.369060 0.048257 0.051892
2 0.326041 0.327319 0.080591 0.046250
2 0.390465 0.405722 0.054052 0.039483
2 0.715678 0.146490 0.049222 0.059789
1 0.943942 0.086419 0.065630 0.034409
1 0.965657 0.196688 0.068525 0.047381
1 0.831983 0.093750 0.071422 0.044562
1 0.876379 0.075420 0.040538 0.081222
1 0.780344 0.066113 0.046327 0.086297
1 0.882653 0.178358 0.025095 0.077275
2 0.913298 0.125056 0.036194 0.041739
1 0.675142 0.085178 0.038220 0.074453
1 0.174220 0.633085 0.068335 0.042641
1 0.202305 0.601950 0.045749 0.069713
18 0.158584 0.672004 0.096128 0.079869
2 0.685565 0.906191 0.053277 0.043318
2 0.071430 0.396866 0.045749 0.067010
