24 0.353125 0.155 0.03875 0.04666666666666667
19 0.373125 0.17833333333333334 0.03875 0.03666666666666667
19 0.37375 0.20916666666666667 0.0375 0.058333333333333334
19 0.356875 0.24083333333333334 0.03375 0.04166666666666667
19 0.293125 0.20333333333333334 0.05625 0.05
11 0.415625 0.16833333333333333 0.02625 0.04
11 0.441875 0.17916666666666667 0.03125 0.03166666666666667
11 0.471875 0.18916666666666668 0.02125 0.05166666666666667
11 0.39875 0.18833333333333335 0.0275 0.043333333333333335
19 0.293125 0.2625 0.03375 0.045000000000000005
19 0.3025 0.2833333333333333 0.045 0.04
19 0.29 0.32 0.035 0.05
19 0.24375 0.2833333333333333 0.0325 0.060000000000000005
11 0.333125 0.3383333333333334 0.02125 0.05333333333333334
21 0.306875 0.35250000000000004 0.03875 0.085
19 0.224375 0.45 0.03875 0.05666666666666667
27 0.23125 0.5183333333333333 0.0275 0.03666666666666667
28 0.18812500000000001 0.5725 0.03875 0.055
11 0.4225 0.6575000000000001 0.0375 0.04166666666666667
26 0.37875000000000003 0.7316666666666667 0.0225 0.03666666666666667
19 0.4625 0.7483333333333334 0.0325 0.06333333333333334
28 0.498125 0.755 0.03625 0.05333333333333334
19 0.41250000000000003 0.8700000000000001 0.0275 0.03666666666666667
19 0.290625 0.8116666666666668 0.03375 0.03333333333333333
11 0.33125 0.8600000000000001 0.03 0.030000000000000002
11 0.49625 0.8766666666666667 0.03 0.03666666666666667
19 0.635625 0.8158333333333334 0.03625 0.04833333333333334
19 0.666875 0.77 0.03125 0.04
11 0.691875 0.7666666666666667 0.02375 0.04666666666666667
19 0.5750000000000001 0.7008333333333334 0.0375 0.05166666666666667
19 0.609375 0.6625000000000001 0.03375 0.058333333333333334
24 0.685625 0.6525000000000001 0.043750000000000004 0.05166666666666667
19 0.696875 0.7058333333333334 0.03375 0.03833333333333334
19 0.603125 0.7575000000000001 0.02125 0.03833333333333334
19 0.5575 0.7775000000000001 0.0325 0.04166666666666667
23 0.535625 0.7458333333333333 0.02875 0.045000000000000005
28 0.6637500000000001 0.7233333333333334 0.04 0.05666666666666667
21 0.5700000000000001 0.5508333333333334 0.0375 0.065
19 0.545 0.5900000000000001 0.035 0.04666666666666667
19 0.5337500000000001 0.5475 0.0475 0.04833333333333334
11 0.735 0.5691666666666667 0.0325 0.028333333333333335
19 0.71375 0.5066666666666667 0.0275 0.05
11 0.671875 0.48750000000000004 0.03125 0.045000000000000005
19 0.59125 0.43000000000000005 0.0525 0.05333333333333334
19 0.624375 0.36833333333333335 0.03375 0.05333333333333334
19 0.649375 0.32916666666666666 0.03375 0.04166666666666667
28 0.6900000000000001 0.3216666666666667 0.045 0.05666666666666667
28 0.521875 0.36083333333333334 0.04125 0.06166666666666667
19 0.5725 0.2941666666666667 0.03 0.05166666666666667
19 0.615625 0.26666666666666666 0.05375 0.05
24 0.6793750000000001 0.2841666666666667 0.043750000000000004 0.04166666666666667
19 0.59875 0.37000000000000005 0.0225 0.05
19 0.68 0.2016666666666667 0.035 0.04666666666666667
19 0.566875 0.20750000000000002 0.03875 0.065
11 0.6481250000000001 0.2041666666666667 0.03625 0.03833333333333334
26 0.52 0.25333333333333335 0.0225 0.02666666666666667
11 0.591875 0.32333333333333336 0.03125 0.04
24 0.444375 0.33083333333333337 0.04125 0.05166666666666667
11 0.4925 0.4425 0.0225 0.04166666666666667
24 0.76625 0.4041666666666667 0.0325 0.04833333333333334
