11 0.11125 0.2516666666666667 0.0475 0.07
11 0.279375 0.22 0.07125000000000001 0.07666666666666667
11 0.346875 0.14500000000000002 0.06375 0.06666666666666667
11 0.32625 0.3825 0.055 0.07833333333333334
11 0.4175 0.28583333333333333 0.05 0.08833333333333333
11 0.49312500000000004 0.2891666666666667 0.05375 0.085
11 0.530625 0.3275 0.05375 0.08166666666666667
11 0.5575 0.22333333333333336 0.0625 0.08666666666666667
11 0.61 0.1525 0.06 0.07500000000000001
11 0.155625 0.5858333333333333 0.04875 0.07500000000000001
11 0.22625 0.7433333333333334 0.0425 0.09666666666666668
11 0.270625 0.6425000000000001 0.05625 0.06833333333333334
11 0.295 0.7041666666666667 0.0525 0.07166666666666667
11 0.35000000000000003 0.5750000000000001 0.07 0.05666666666666667
11 0.361875 0.62 0.06125 0.07
11 0.439375 0.645 0.06375 0.08
11 0.340625 0.7341666666666667 0.058750000000000004 0.07166666666666667
11 0.305625 0.7975000000000001 0.06125 0.055
11 0.3675 0.7758333333333334 0.055 0.07166666666666667
11 0.27625 0.9716666666666667 0.05 0.05333333333333334
11 0.369375 0.9475 0.06625 0.07833333333333334
11 0.550625 0.9466666666666668 0.06125 0.04666666666666667
11 0.545625 0.8166666666666668 0.06375 0.06666666666666667
11 0.5962500000000001 0.8058333333333334 0.0625 0.06833333333333334
11 0.79125 0.8025000000000001 0.045 0.085
11 0.726875 0.7808333333333334 0.06375 0.06166666666666667
11 0.7106250000000001 0.7183333333333334 0.06375 0.07666666666666667
11 0.634375 0.5891666666666667 0.06875 0.07500000000000001
11 0.42875 0.4991666666666667 0.0725 0.06833333333333334
11 0.501875 0.5025000000000001 0.043750000000000004 0.08833333333333333
11 0.513125 0.4441666666666667 0.07625 0.06833333333333334
11 0.7225 0.4108333333333334 0.055 0.085
11 0.8143750000000001 0.43500000000000005 0.06125 0.09666666666666668
11 0.7987500000000001 0.26666666666666666 0.055 0.07
11 0.92625 0.2325 0.055 0.08166666666666667
11 0.975 0.4441666666666667 0.04 0.085
