15 0.387952 0.215917 0.119004 0.105402
15 0.368392 0.062144 0.079885 0.116475
15 0.523017 0.404101 0.109122 0.107330
15 0.624728 0.666166 0.101712 0.144387
15 0.274916 0.635604 0.151538 0.083263
15 0.203061 0.499156 0.103358 0.100109
15 0.121734 0.523461 0.088945 0.117916
12 0.714704 0.579291 0.042001 0.035133
12 0.613405 0.295089 0.020591 0.051015
12 0.536402 0.150702 0.051061 0.035613
12 0.293447 0.016180 0.045294 0.028396
15 0.527960 0.248403 0.116536 0.097221
1 0.268697 0.172601 0.046944 0.076042
