11 0.373125 0.1875 0.058750000000000004 0.09166666666666667
11 0.6743750000000001 0.39666666666666667 0.04625 0.09000000000000001
11 0.570625 0.7333333333333334 0.05625 0.08666666666666667
11 0.27187500000000003 0.6233333333333334 0.04875 0.09000000000000001
11 0.32625 0.5650000000000001 0.0675 0.06666666666666667
11 0.314375 0.4741666666666667 0.06375 0.06166666666666667
18 0.0575 0.3275 0.0375 0.03833333333333334
18 0.1675 0.2625 0.0375 0.045000000000000005
18 0.20500000000000002 0.33916666666666667 0.0325 0.045000000000000005
18 0.3975 0.39416666666666667 0.04 0.045000000000000005
18 0.110625 0.4466666666666667 0.03625 0.043333333333333335
18 0.131875 0.4633333333333334 0.02875 0.05
18 0.166875 0.4525 0.02875 0.05166666666666667
18 0.028125 0.5608333333333334 0.03125 0.055
18 0.07625 0.5683333333333334 0.035 0.04
18 0.20125 0.5716666666666667 0.025 0.05
18 0.18625 0.5375000000000001 0.02 0.055
18 0.193125 0.48500000000000004 0.03625 0.05333333333333334
18 0.170625 0.49083333333333334 0.03625 0.03833333333333334
18 0.17 0.5216666666666667 0.0225 0.03666666666666667
18 0.28125 0.4708333333333334 0.0275 0.058333333333333334
18 0.299375 0.5275000000000001 0.02875 0.058333333333333334
18 0.369375 0.6658333333333334 0.02875 0.06166666666666667
18 0.39 0.6716666666666667 0.025 0.05333333333333334
18 0.09625 0.6575000000000001 0.0225 0.058333333333333334
18 0.15937500000000002 0.6541666666666667 0.04125 0.03166666666666667
18 0.15 0.7258333333333333 0.0325 0.04833333333333334
18 0.21375 0.685 0.03 0.04666666666666667
18 0.2325 0.6933333333333334 0.0275 0.05333333333333334
18 0.23750000000000002 0.7383333333333334 0.035 0.04
18 0.335 0.7708333333333334 0.0375 0.045000000000000005
18 0.376875 0.785 0.03625 0.05333333333333334
18 0.224375 0.8208333333333334 0.03375 0.045000000000000005
18 0.26625 0.88 0.025 0.05333333333333334
18 0.23125 0.8658333333333333 0.0325 0.045000000000000005
18 0.24375 0.8550000000000001 0.0325 0.043333333333333335
18 0.31375000000000003 0.935 0.035 0.04666666666666667
18 0.350625 0.9158333333333334 0.03625 0.04833333333333334
18 0.36375 0.9441666666666667 0.0275 0.04166666666666667
18 0.416875 0.8658333333333333 0.03875 0.058333333333333334
18 0.44375000000000003 0.9758333333333334 0.0325 0.035
18 0.638125 0.46 0.02625 0.05333333333333334
