11 0.281875 0.21416666666666667 0.02875 0.058333333333333334
11 0.386875 0.2041666666666667 0.02125 0.04833333333333334
11 0.3725 0.2941666666666667 0.0325 0.045000000000000005
11 0.364375 0.32916666666666666 0.04625 0.035
11 0.308125 0.36250000000000004 0.03125 0.05166666666666667
11 0.30062500000000003 0.43000000000000005 0.043750000000000004 0.05
11 0.40375 0.3041666666666667 0.0275 0.04833333333333334
11 0.22625 0.2966666666666667 0.02 0.04666666666666667
11 0.19125 0.3616666666666667 0.0175 0.05
11 0.49562500000000004 0.19166666666666668 0.03375 0.043333333333333335
11 0.471875 0.2733333333333334 0.03375 0.03666666666666667
11 0.519375 0.255 0.04125 0.03333333333333333
11 0.52 0.29333333333333333 0.0425 0.03666666666666667
11 0.4825 0.34 0.035 0.06333333333333334
11 0.506875 0.1525 0.02875 0.045000000000000005
11 0.5875 0.17583333333333334 0.0325 0.045000000000000005
11 0.680625 0.24166666666666667 0.03625 0.05
11 0.665 0.26916666666666667 0.0275 0.04833333333333334
11 0.696875 0.28250000000000003 0.01875 0.05166666666666667
11 0.678125 0.3216666666666667 0.02625 0.05
11 0.71 0.3325 0.0275 0.055
11 0.704375 0.3816666666666667 0.03375 0.043333333333333335
11 0.704375 0.4266666666666667 0.02875 0.04666666666666667
11 0.733125 0.4741666666666667 0.02375 0.04833333333333334
11 0.7275 0.5408333333333334 0.0375 0.04166666666666667
11 0.763125 0.62 0.02375 0.04666666666666667
11 0.706875 0.6641666666666667 0.03375 0.03833333333333334
11 0.604375 0.5525 0.03375 0.04833333333333334
11 0.619375 0.5908333333333333 0.03125 0.05166666666666667
11 0.6025 0.4658333333333334 0.03 0.055
11 0.550625 0.49500000000000005 0.04125 0.04666666666666667
11 0.43 0.5358333333333334 0.035 0.045000000000000005
11 0.38125000000000003 0.535 0.0275 0.05333333333333334
11 0.32875 0.6316666666666667 0.0275 0.04666666666666667
11 0.22875 0.6933333333333334 0.035 0.043333333333333335
11 0.34875 0.7283333333333334 0.0275 0.05
11 0.30062500000000003 0.7933333333333333 0.03625 0.03666666666666667
11 0.43062500000000004 0.6608333333333334 0.043750000000000004 0.03833333333333334
11 0.44375000000000003 0.7158333333333334 0.0375 0.03166666666666667
11 0.4475 0.63 0.0175 0.04666666666666667
11 0.46625 0.6616666666666667 0.025 0.05
11 0.5875 0.6900000000000001 0.04 0.04
11 0.6525 0.7025 0.035 0.03833333333333334
11 0.521875 0.79 0.03625 0.04
11 0.42375 0.8666666666666667 0.0325 0.04
11 0.446875 0.8716666666666667 0.02125 0.05666666666666667
11 0.55625 0.8433333333333334 0.0325 0.03333333333333333
11 0.59 0.7908333333333334 0.0275 0.045000000000000005
11 0.659375 0.8025000000000001 0.01625 0.04166666666666667
11 0.6825 0.7975000000000001 0.0325 0.025
11 0.689375 0.7250000000000001 0.01625 0.03666666666666667
11 0.704375 0.7516666666666667 0.02375 0.04
11 0.67125 0.4791666666666667 0.025 0.045000000000000005
18 0.35125 0.21500000000000002 0.0225 0.02666666666666667
18 0.309375 0.255 0.02625 0.02666666666666667
18 0.3525 0.26 0.0225 0.030000000000000002
18 0.31 0.29583333333333334 0.0225 0.018333333333333333
18 0.410625 0.22083333333333335 0.02125 0.03166666666666667
18 0.404375 0.335 0.01375 0.03333333333333333
18 0.39375 0.395 0.02 0.02
18 0.385625 0.4266666666666667 0.01875 0.023333333333333334
18 0.2425 0.3616666666666667 0.0275 0.023333333333333334
18 0.1975 0.4216666666666667 0.0225 0.03333333333333333
18 0.18375 0.47500000000000003 0.015 0.03666666666666667
18 0.29 0.5516666666666667 0.0225 0.03333333333333333
18 0.22 0.5716666666666667 0.0225 0.02666666666666667
18 0.301875 0.6883333333333334 0.01875 0.030000000000000002
18 0.35375 0.6683333333333333 0.02 0.02666666666666667
18 0.52125 0.43833333333333335 0.0275 0.023333333333333334
18 0.520625 0.5766666666666667 0.02875 0.02
18 0.5493750000000001 0.6016666666666667 0.02625 0.02666666666666667
18 0.59375 0.6091666666666667 0.02 0.03833333333333334
18 0.504375 0.5625 0.02125 0.025
18 0.42875 0.5683333333333334 0.0325 0.016666666666666666
18 0.496875 0.63 0.02125 0.03333333333333333
18 0.381875 0.6966666666666667 0.02125 0.023333333333333334
18 0.375625 0.7183333333333334 0.02375 0.016666666666666666
18 0.3125 0.6541666666666667 0.0275 0.025
18 0.204375 0.6466666666666667 0.01625 0.02666666666666667
18 0.299375 0.7141666666666667 0.02375 0.021666666666666667
19 0.279375 0.7100000000000001 0.03125 0.060000000000000005
19 0.24625 0.7358333333333333 0.035 0.05166666666666667
20 0.374375 0.8025000000000001 0.02375 0.035
18 0.658125 0.66 0.02125 0.030000000000000002
18 0.681875 0.6916666666666668 0.01625 0.03333333333333333
18 0.615625 0.8391666666666667 0.02125 0.018333333333333333
18 0.595625 0.8633333333333334 0.02125 0.023333333333333334
18 0.51125 0.8625 0.015 0.028333333333333335
18 0.483125 0.885 0.02375 0.023333333333333334
18 0.46625 0.8358333333333334 0.0225 0.021666666666666667
18 0.5650000000000001 0.8091666666666667 0.0225 0.021666666666666667
18 0.65375 0.6383333333333334 0.0225 0.02666666666666667
18 0.68625 0.5141666666666667 0.025 0.035
18 0.6587500000000001 0.39666666666666667 0.0125 0.030000000000000002
18 0.758125 0.37583333333333335 0.02125 0.03166666666666667
18 0.59 0.24916666666666668 0.02 0.028333333333333335
18 0.568125 0.2341666666666667 0.02875 0.018333333333333333
19 0.54625 0.31583333333333335 0.0325 0.06166666666666667
19 0.585 0.51 0.04 0.04666666666666667
19 0.740625 0.6625000000000001 0.03625 0.04166666666666667
19 0.46187500000000004 0.5716666666666667 0.04125 0.030000000000000002
19 0.39625 0.26583333333333337 0.03 0.04833333333333334
27 0.433125 0.27416666666666667 0.03625 0.04833333333333334
27 0.529375 0.3666666666666667 0.03875 0.04
27 0.560625 0.45083333333333336 0.03375 0.055
27 0.413125 0.5975 0.03625 0.05166666666666667
27 0.510625 0.7275 0.03625 0.05166666666666667
27 0.388125 0.8841666666666668 0.03375 0.028333333333333335
27 0.635 0.7775000000000001 0.035 0.065
27 0.68125 0.755 0.0325 0.04
27 0.72375 0.7141666666666667 0.03 0.04166666666666667
27 0.6625 0.4466666666666667 0.04 0.03666666666666667
27 0.7025 0.465 0.035 0.04666666666666667
27 0.6531250000000001 0.3216666666666667 0.03375 0.03666666666666667
19 0.655 0.21250000000000002 0.02 0.045000000000000005
18 0.6225 0.21750000000000003 0.0225 0.025
18 0.6275000000000001 0.1875 0.0175 0.03166666666666667
