20 0.2925 0.04416666666666667 0.0475 0.03833333333333334
24 0.15687500000000001 0.3433333333333334 0.06375 0.08333333333333334
24 0.019375 0.2816666666666667 0.04125 0.08
24 0.079375 0.4516666666666667 0.05375 0.09666666666666668
24 0.16375 0.5108333333333334 0.055 0.06833333333333334
21 0.128125 0.4608333333333334 0.043750000000000004 0.06833333333333334
21 0.315625 0.5533333333333333 0.06125 0.1
21 0.259375 0.5975 0.07625 0.10500000000000001
18 0.13625 0.5658333333333334 0.0375 0.035
18 0.120625 0.5366666666666667 0.04125 0.04666666666666667
24 0.2475 0.7108333333333334 0.0675 0.07500000000000001
24 0.33625 0.7308333333333333 0.045 0.08833333333333333
24 0.43875000000000003 0.6816666666666668 0.0575 0.09666666666666668
24 0.326875 0.6516666666666667 0.07125000000000001 0.12000000000000001
24 0.318125 0.88 0.05375 0.08666666666666667
18 0.36875 0.795 0.0325 0.05
18 0.27187500000000003 0.8700000000000001 0.03375 0.04666666666666667
18 0.255 0.9191666666666667 0.04 0.03166666666666667
20 0.2775 0.9533333333333334 0.045 0.05
24 0.443125 0.8108333333333334 0.06375 0.045000000000000005
24 0.510625 0.8150000000000001 0.058750000000000004 0.09000000000000001
24 0.598125 0.7733333333333334 0.05375 0.09000000000000001
24 0.591875 0.7166666666666667 0.06875 0.04666666666666667
24 0.548125 0.7683333333333334 0.04875 0.07666666666666667
24 0.50125 0.9700000000000001 0.055 0.05666666666666667
24 0.60875 0.9491666666666667 0.0725 0.08833333333333333
24 0.65 0.8133333333333334 0.05 0.07333333333333333
24 0.7225 0.7883333333333333 0.075 0.07666666666666667
21 0.689375 0.7166666666666667 0.10625 0.08
24 0.7525000000000001 0.7200000000000001 0.0475 0.060000000000000005
20 0.66625 0.6741666666666667 0.05 0.07500000000000001
20 0.760625 0.6833333333333333 0.04125 0.030000000000000002
24 0.831875 0.6466666666666667 0.04625 0.09333333333333334
24 0.7056250000000001 0.6408333333333334 0.06125 0.07500000000000001
24 0.678125 0.5966666666666667 0.05625 0.06666666666666667
24 0.605625 0.5866666666666667 0.07875 0.09666666666666668
24 0.75625 0.6241666666666668 0.05 0.085
24 0.828125 0.5333333333333333 0.05625 0.08666666666666667
24 0.775 0.4716666666666667 0.0675 0.10666666666666667
21 0.6843750000000001 0.5216666666666667 0.06125 0.11666666666666667
24 0.624375 0.3775 0.058750000000000004 0.08166666666666667
24 0.67125 0.39416666666666667 0.0525 0.085
24 0.75625 0.32833333333333337 0.0425 0.09333333333333334
21 0.698125 0.26916666666666667 0.08375 0.10166666666666667
21 0.7925 0.4091666666666667 0.0625 0.10500000000000001
24 0.8406250000000001 0.3916666666666667 0.04125 0.10666666666666667
21 0.750625 0.15083333333333335 0.07125000000000001 0.08166666666666667
23 0.805 0.15000000000000002 0.0625 0.07666666666666667
24 0.61375 0.14666666666666667 0.07 0.09333333333333334
24 0.409375 0.24500000000000002 0.07375 0.08
24 0.699375 0.165 0.043750000000000004 0.09333333333333334
21 0.74625 0.06333333333333334 0.0725 0.09000000000000001
24 0.883125 0.52 0.06375 0.1
18 0.843125 0.5700000000000001 0.02875 0.05
20 0.81875 0.7325 0.035 0.055
24 0.586875 0.49750000000000005 0.051250000000000004 0.09833333333333334
