20 0.203125 0.52 0.04125 0.060000000000000005
18 0.24125 0.5275000000000001 0.0425 0.05166666666666667
18 0.183125 0.5658333333333334 0.03875 0.055
18 0.10625 0.6858333333333334 0.0325 0.04833333333333334
18 0.15812500000000002 0.7191666666666667 0.04125 0.045000000000000005
18 0.148125 0.8025000000000001 0.02875 0.055
18 0.2925 0.9291666666666667 0.035 0.05166666666666667
18 0.33875 0.9791666666666667 0.035 0.03833333333333334
18 0.696875 0.9116666666666667 0.043750000000000004 0.04666666666666667
11 0.666875 0.4133333333333334 0.03875 0.08
18 0.78 0.5975 0.0425 0.045000000000000005
