11 0.250625 0.275 0.02375 0.04666666666666667
11 0.253125 0.3125 0.02125 0.04833333333333334
11 0.351875 0.29250000000000004 0.04125 0.04166666666666667
27 0.23625000000000002 0.31583333333333335 0.025 0.04833333333333334
18 0.27 0.385 0.02 0.03333333333333333
11 0.268125 0.43250000000000005 0.02625 0.04833333333333334
11 0.230625 0.42250000000000004 0.02125 0.065
11 0.245 0.4475 0.03 0.03166666666666667
11 0.22312500000000002 0.4791666666666667 0.02875 0.04833333333333334
11 0.178125 0.5391666666666667 0.02875 0.04833333333333334
11 0.27375 0.5666666666666667 0.025 0.05333333333333334
18 0.28375 0.4891666666666667 0.025 0.04166666666666667
11 0.216875 0.6008333333333333 0.03125 0.03166666666666667
18 0.24 0.5883333333333334 0.0225 0.030000000000000002
18 0.25 0.5641666666666667 0.02 0.021666666666666667
18 0.355 0.6108333333333333 0.0175 0.035
11 0.24625 0.6658333333333334 0.035 0.03166666666666667
18 0.325625 0.6991666666666667 0.02375 0.03166666666666667
18 0.3075 0.6950000000000001 0.0225 0.02666666666666667
18 0.245 0.6866666666666668 0.02 0.030000000000000002
18 0.375625 0.5608333333333334 0.01875 0.035
27 0.395625 0.5475 0.03625 0.03166666666666667
27 0.45875 0.5483333333333333 0.0425 0.04
11 0.483125 0.5808333333333334 0.04125 0.045000000000000005
11 0.514375 0.6091666666666667 0.03375 0.03833333333333334
18 0.47375 0.7158333333333334 0.0225 0.018333333333333333
18 0.534375 0.6991666666666667 0.02875 0.03166666666666667
18 0.5750000000000001 0.6491666666666667 0.025 0.028333333333333335
18 0.58375 0.6775 0.02 0.03166666666666667
18 0.615625 0.6783333333333333 0.02375 0.03333333333333333
11 0.568125 0.5608333333333334 0.03375 0.04833333333333334
11 0.509375 0.41500000000000004 0.02625 0.05666666666666667
11 0.530625 0.47250000000000003 0.043750000000000004 0.03833333333333334
11 0.5175 0.5033333333333334 0.025 0.05333333333333334
11 0.54 0.505 0.0275 0.05333333333333334
11 0.5725 0.5075000000000001 0.0425 0.045000000000000005
18 0.48812500000000003 0.4808333333333334 0.02125 0.025
18 0.42 0.525 0.025 0.03666666666666667
11 0.698125 0.44333333333333336 0.03125 0.05
11 0.77 0.5291666666666667 0.02 0.04833333333333334
11 0.740625 0.3775 0.03875 0.03833333333333334
27 0.745625 0.325 0.01875 0.04666666666666667
18 0.72375 0.3016666666666667 0.0225 0.03333333333333333
18 0.7175 0.27416666666666667 0.0225 0.03166666666666667
18 0.583125 0.33083333333333337 0.02625 0.04166666666666667
11 0.5856250000000001 0.21916666666666668 0.02625 0.055
11 0.449375 0.225 0.04625 0.06666666666666667
11 0.3975 0.29833333333333334 0.0425 0.03666666666666667
11 0.398125 0.4766666666666667 0.03875 0.03333333333333333
18 0.47625 0.61 0.025 0.030000000000000002
18 0.638125 0.43333333333333335 0.02625 0.02
18 0.62125 0.455 0.02 0.03333333333333333
18 0.6375000000000001 0.465 0.0275 0.03666666666666667
18 0.665 0.4891666666666667 0.025 0.03166666666666667
18 0.7518750000000001 0.4966666666666667 0.02375 0.03333333333333333
18 0.63 0.5116666666666667 0.0225 0.04
18 0.640625 0.5425 0.02125 0.035
11 0.7525000000000001 0.6433333333333334 0.0225 0.05
21 0.6725 0.6066666666666667 0.045 0.05666666666666667
11 0.5856250000000001 0.7691666666666667 0.03625 0.03166666666666667
11 0.604375 0.8075000000000001 0.02375 0.055
11 0.5700000000000001 0.8291666666666667 0.04 0.035
18 0.55625 0.7575000000000001 0.0225 0.04166666666666667
18 0.678125 0.7358333333333333 0.01625 0.028333333333333335
18 0.733125 0.7783333333333334 0.01875 0.03666666666666667
27 0.7156250000000001 0.8058333333333334 0.03625 0.03833333333333334
18 0.39375 0.8133333333333334 0.0175 0.030000000000000002
18 0.345625 0.7933333333333333 0.02125 0.030000000000000002
18 0.3 0.7766666666666667 0.02 0.02666666666666667
18 0.275625 0.32583333333333336 0.01875 0.025
18 0.516875 0.8833333333333334 0.02125 0.03333333333333333
18 0.539375 0.8633333333333334 0.02125 0.02
11 0.5375 0.8875000000000001 0.0275 0.045000000000000005
11 0.539375 0.3766666666666667 0.03625 0.04666666666666667
18 0.7175 0.7416666666666667 0.02 0.02666666666666667
24 0.669375 0.6966666666666667 0.04125 0.05
18 0.7075 0.36083333333333334 0.02 0.035
