11 0.435625 0.1525 0.06375 0.04833333333333334
11 0.366875 0.1991666666666667 0.07875 0.055
11 0.36125 0.2541666666666667 0.07 0.065
11 0.374375 0.3016666666666667 0.07625 0.05333333333333334
11 0.18937500000000002 0.30083333333333334 0.043750000000000004 0.07166666666666667
11 0.14 0.3325 0.035 0.08166666666666667
11 0.23 0.47250000000000003 0.0375 0.095
11 0.36125 0.395 0.0575 0.06666666666666667
11 0.42812500000000003 0.445 0.07125000000000001 0.06666666666666667
11 0.41000000000000003 0.36583333333333334 0.0525 0.07833333333333334
11 0.443125 0.32083333333333336 0.04625 0.085
11 0.469375 0.25916666666666666 0.04875 0.10500000000000001
11 0.308125 0.5325000000000001 0.051250000000000004 0.055
11 0.3625 0.6033333333333334 0.065 0.05333333333333334
11 0.305625 0.6016666666666667 0.051250000000000004 0.08333333333333334
11 0.420625 0.63 0.04875 0.07333333333333333
11 0.458125 0.6191666666666668 0.051250000000000004 0.07500000000000001
11 0.433125 0.6891666666666667 0.07125000000000001 0.055
11 0.378125 0.6666666666666667 0.04875 0.06666666666666667
11 0.34125 0.7058333333333334 0.0575 0.085
11 0.26375 0.76 0.0625 0.07
11 0.18937500000000002 0.7383333333333334 0.058750000000000004 0.07333333333333333
11 0.46 0.7408333333333333 0.0675 0.058333333333333334
11 0.458125 0.785 0.06125 0.07
11 0.48125 0.8766666666666667 0.0575 0.08666666666666667
11 0.429375 0.885 0.06625 0.06333333333333334
11 0.49375 0.9833333333333334 0.0425 0.030000000000000002
11 0.565625 0.8758333333333334 0.05625 0.09166666666666667
11 0.6225 0.8558333333333333 0.055 0.07500000000000001
11 0.5775 0.7716666666666667 0.0575 0.06666666666666667
11 0.5725 0.6333333333333334 0.0525 0.060000000000000005
11 0.564375 0.6908333333333334 0.06875 0.058333333333333334
11 0.626875 0.6091666666666667 0.06625 0.06833333333333334
11 0.6825 0.6408333333333334 0.035 0.09166666666666667
11 0.595 0.5266666666666667 0.0675 0.060000000000000005
11 0.5625 0.4766666666666667 0.075 0.05333333333333334
11 0.6325000000000001 0.4783333333333334 0.0675 0.06666666666666667
11 0.509375 0.3433333333333334 0.06375 0.07333333333333333
11 0.6118750000000001 0.23 0.05625 0.06333333333333334
11 0.65 0.18916666666666668 0.04 0.08833333333333333
11 0.600625 0.15000000000000002 0.03625 0.07333333333333333
11 0.7075 0.14750000000000002 0.065 0.06166666666666667
11 0.718125 0.2391666666666667 0.04125 0.07166666666666667
11 0.68875 0.27083333333333337 0.065 0.05166666666666667
11 0.84125 0.24416666666666667 0.0375 0.08166666666666667
11 0.70375 0.3425 0.05 0.08833333333333333
11 0.7518750000000001 0.4716666666666667 0.06875 0.06333333333333334
11 0.7625000000000001 0.5333333333333333 0.0575 0.07
11 0.714375 0.5800000000000001 0.06625 0.06666666666666667
