1 0.699837 0.477751 0.037344 0.058332
18 0.380072 0.633723 0.060983 0.097029
1 0.561427 0.299771 0.034970 0.041872
1 0.594151 0.316614 0.027271 0.058236
1 0.622383 0.303621 0.032404 0.034172
18 0.437107 0.422259 0.035933 0.074120
18 0.401014 0.399878 0.038177 0.072675
18 0.572495 0.735097 0.044916 0.066417
18 0.429086 0.545469 0.039142 0.061606
1 0.467745 0.524773 0.045878 0.027914
18 0.651418 0.442231 0.032084 0.090964
18 0.317157 0.436168 0.041965 0.076811
15 0.379718 0.533195 0.069298 0.090675
1 0.690405 0.294380 0.037730 0.053136
1 0.536024 0.539549 0.036190 0.046779
1 0.430151 0.617229 0.036188 0.033498
1 0.332748 0.677006 0.020790 0.061797
1 0.371055 0.679316 0.031954 0.076815
1 0.544301 0.216700 0.031182 0.067575
1 0.597430 0.255397 0.022713 0.050247
1 0.621685 0.226807 0.027335 0.043893
1 0.623416 0.184646 0.045429 0.031188
1 0.598585 0.219011 0.025795 0.051402
1 0.499066 0.227962 0.043119 0.034653
1 0.416677 0.345494 0.025409 0.056022
1 0.448246 0.318638 0.045429 0.033498
1 0.449979 0.368305 0.021946 0.053136
1 0.468458 0.434436 0.021943 0.064107
1 0.559701 0.394584 0.032724 0.041007
1 0.577796 0.368307 0.036574 0.039273
1 0.529864 0.284850 0.027721 0.066417
1 0.530780 0.359411 0.025727 0.094064
1 0.493675 0.327878 0.027719 0.062376
1 0.462298 0.267236 0.038884 0.060066
1 0.364511 0.214390 0.040423 0.037539
1 0.344877 0.331632 0.028105 0.045627
1 0.324664 0.290048 0.043117 0.031764
1 0.394925 0.327878 0.024253 0.064686
1 0.311767 0.356178 0.035804 0.045051
1 0.483473 0.567272 0.043503 0.035229
1 0.575485 0.590951 0.034264 0.066996
1 0.594928 0.543302 0.042349 0.030033
1 0.616487 0.462157 0.038497 0.068730
1 0.620915 0.387654 0.045045 0.054867
1 0.624764 0.342604 0.045813 0.039852
1 0.715815 0.254819 0.035420 0.056022
1 0.679818 0.237781 0.031954 0.054291
1 0.652483 0.239223 0.031954 0.073346
1 0.671348 0.381589 0.031184 0.062376
1 0.512155 0.421441 0.029259 0.076236
1 0.357389 0.407868 0.051588 0.062955
1 0.299447 0.521935 0.045813 0.053136
1 0.325434 0.607989 0.033878 0.071616
1 0.441509 0.595283 0.045045 0.034653
1 0.397428 0.712526 0.042349 0.036963
1 0.411864 0.787030 0.052744 0.034653
1 0.604230 0.684995 0.042349 0.045627
1 0.617642 0.744579 0.036960 0.067572
1 0.591271 0.798291 0.032724 0.051402
1 0.591463 0.885212 0.044659 0.050826
1 0.629000 0.880304 0.052744 0.053712
1 0.370294 0.873067 0.039250 0.053893
