11 0.278125 0.22083333333333335 0.03625 0.028333333333333335
11 0.4225 0.14916666666666667 0.02 0.03833333333333334
11 0.44375000000000003 0.14500000000000002 0.0175 0.02666666666666667
11 0.46187500000000004 0.16333333333333333 0.02375 0.03333333333333333
11 0.44375000000000003 0.1675 0.0175 0.025
11 0.47375 0.14666666666666667 0.02 0.03333333333333333
11 0.499375 0.15166666666666667 0.02625 0.03666666666666667
11 0.525625 0.1575 0.02625 0.03166666666666667
11 0.5525 0.17833333333333334 0.025 0.030000000000000002
11 0.58 0.19583333333333336 0.0175 0.03166666666666667
11 0.55875 0.2066666666666667 0.0375 0.03333333333333333
11 0.5275 0.21166666666666667 0.0325 0.02666666666666667
11 0.5125 0.19666666666666668 0.0175 0.03333333333333333
11 0.5 0.17916666666666667 0.0325 0.028333333333333335
11 0.48625 0.19666666666666668 0.0275 0.03666666666666667
11 0.45937500000000003 0.1925 0.03125 0.028333333333333335
11 0.44125000000000003 0.2041666666666667 0.025 0.04833333333333334
11 0.455 0.23333333333333334 0.035 0.023333333333333334
11 0.481875 0.23333333333333334 0.02375 0.043333333333333335
11 0.5125 0.23 0.035 0.030000000000000002
11 0.5231250000000001 0.2566666666666667 0.02625 0.03666666666666667
11 0.5387500000000001 0.25 0.015 0.04666666666666667
11 0.55 0.2275 0.0225 0.025
11 0.5700000000000001 0.24083333333333334 0.0325 0.028333333333333335
11 0.555625 0.2675 0.02375 0.035
11 0.5775 0.26916666666666667 0.0275 0.03166666666666667
11 0.59875 0.26333333333333336 0.0325 0.030000000000000002
11 0.52875 0.28750000000000003 0.02 0.03166666666666667
11 0.55125 0.2991666666666667 0.0225 0.03166666666666667
11 0.56875 0.30333333333333334 0.035 0.03666666666666667
11 0.50625 0.26583333333333337 0.025 0.045000000000000005
11 0.47625 0.29000000000000004 0.025 0.043333333333333335
11 0.450625 0.26083333333333336 0.02875 0.03833333333333334
11 0.45 0.2966666666666667 0.0275 0.030000000000000002
11 0.421875 0.2783333333333334 0.02875 0.043333333333333335
11 0.424375 0.31833333333333336 0.03625 0.043333333333333335
11 0.46125 0.3408333333333334 0.0375 0.028333333333333335
11 0.483125 0.33166666666666667 0.02375 0.043333333333333335
11 0.505 0.31833333333333336 0.03 0.043333333333333335
11 0.513125 0.34 0.02125 0.03666666666666667
11 0.5425 0.3691666666666667 0.025 0.045000000000000005
11 0.561875 0.36250000000000004 0.01875 0.03166666666666667
11 0.5700000000000001 0.3325 0.025 0.035
11 0.545625 0.32666666666666666 0.03375 0.023333333333333334
11 0.47000000000000003 0.36833333333333335 0.0375 0.030000000000000002
11 0.45937500000000003 0.39416666666666667 0.03875 0.028333333333333335
11 0.42 0.3775 0.04 0.03166666666666667
11 0.426875 0.43833333333333335 0.02375 0.05
11 0.46125 0.43750000000000006 0.025 0.04166666666666667
11 0.498125 0.41750000000000004 0.04125 0.035
11 0.500625 0.445 0.03875 0.030000000000000002
11 0.541875 0.41583333333333333 0.03375 0.04166666666666667
11 0.571875 0.4133333333333334 0.03625 0.030000000000000002
11 0.58 0.43833333333333335 0.0325 0.023333333333333334
11 0.55125 0.4591666666666667 0.0375 0.028333333333333335
11 0.568125 0.4791666666666667 0.03125 0.025
11 0.59 0.46166666666666667 0.0325 0.03333333333333333
11 0.53125 0.4916666666666667 0.04 0.03666666666666667
11 0.56375 0.5058333333333334 0.035 0.03166666666666667
11 0.59 0.5133333333333334 0.0225 0.043333333333333335
11 0.61 0.5058333333333334 0.0225 0.04166666666666667
11 0.6025 0.5375000000000001 0.03 0.03166666666666667
11 0.571875 0.5366666666666667 0.03375 0.030000000000000002
11 0.54 0.5316666666666667 0.04 0.030000000000000002
11 0.553125 0.5650000000000001 0.02875 0.03333333333333333
11 0.499375 0.55 0.03375 0.043333333333333335
11 0.52 0.5816666666666667 0.0325 0.02666666666666667
11 0.476875 0.5816666666666667 0.03125 0.03333333333333333
11 0.46625 0.55 0.0275 0.05
11 0.519375 0.6108333333333333 0.03375 0.03833333333333334
11 0.551875 0.6050000000000001 0.03875 0.03666666666666667
11 0.49 0.6183333333333334 0.04 0.03333333333333333
11 0.45437500000000003 0.6258333333333334 0.03625 0.03166666666666667
11 0.49875 0.665 0.0225 0.043333333333333335
11 0.3975 0.6266666666666667 0.035 0.02666666666666667
11 0.364375 0.675 0.03125 0.03666666666666667
11 0.49562500000000004 0.7275 0.03125 0.028333333333333335
11 0.45437500000000003 0.7316666666666667 0.03375 0.030000000000000002
11 0.479375 0.8066666666666668 0.02875 0.043333333333333335
11 0.42812500000000003 0.7658333333333334 0.03375 0.035
11 0.40750000000000003 0.8458333333333334 0.035 0.025
11 0.384375 0.8733333333333334 0.03125 0.030000000000000002
11 0.26625 0.7458333333333333 0.0325 0.03166666666666667
11 0.36375 0.5325000000000001 0.025 0.05166666666666667
11 0.30625 0.5733333333333334 0.0375 0.03333333333333333
11 0.341875 0.46166666666666667 0.03875 0.030000000000000002
11 0.2925 0.5175000000000001 0.03 0.035
11 0.288125 0.42083333333333334 0.03625 0.025
11 0.265625 0.4525 0.02375 0.045000000000000005
11 0.626875 0.4841666666666667 0.02625 0.045000000000000005
11 0.6525 0.5025000000000001 0.0225 0.05166666666666667
11 0.666875 0.5133333333333334 0.02125 0.04666666666666667
11 0.69125 0.4733333333333334 0.0325 0.03666666666666667
11 0.660625 0.4441666666666667 0.03375 0.028333333333333335
11 0.635625 0.43583333333333335 0.01875 0.04166666666666667
11 0.61875 0.41833333333333333 0.0225 0.03333333333333333
11 0.59875 0.4216666666666667 0.02 0.043333333333333335
11 0.698125 0.5175000000000001 0.03625 0.03166666666666667
11 0.6168750000000001 0.1875 0.01625 0.028333333333333335
11 0.63375 0.19166666666666668 0.0175 0.03333333333333333
11 0.654375 0.18916666666666668 0.02375 0.03166666666666667
11 0.68 0.19333333333333336 0.02 0.03333333333333333
11 0.668125 0.21500000000000002 0.02375 0.02666666666666667
11 0.68875 0.21833333333333335 0.0275 0.030000000000000002
11 0.6975 0.255 0.02 0.03666666666666667
11 0.659375 0.24000000000000002 0.02875 0.03333333333333333
11 0.6531250000000001 0.26083333333333336 0.02375 0.028333333333333335
11 0.62125 0.23833333333333334 0.025 0.03666666666666667
11 0.63875 0.2225 0.025 0.025
11 0.61375 0.21166666666666667 0.0225 0.023333333333333334
11 0.594375 0.24416666666666667 0.03125 0.021666666666666667
11 0.7106250000000001 0.29750000000000004 0.03375 0.035
11 0.639375 0.2833333333333333 0.02875 0.023333333333333334
11 0.60375 0.2916666666666667 0.025 0.023333333333333334
11 0.619375 0.31083333333333335 0.02625 0.03833333333333334
11 0.656875 0.3191666666666667 0.01625 0.03833333333333334
11 0.686875 0.34500000000000003 0.03375 0.030000000000000002
11 0.6575 0.3566666666666667 0.0225 0.03666666666666667
11 0.638125 0.35750000000000004 0.02625 0.04166666666666667
11 0.6125 0.35500000000000004 0.025 0.04666666666666667
11 0.595625 0.36750000000000005 0.02625 0.04833333333333334
11 0.578125 0.3716666666666667 0.02625 0.03666666666666667
11 0.584375 0.3875 0.01875 0.035
11 0.6125 0.38333333333333336 0.0175 0.02666666666666667
11 0.628125 0.38583333333333336 0.01875 0.03166666666666667
11 0.639375 0.4008333333333334 0.03125 0.028333333333333335
11 0.664375 0.4116666666666667 0.01875 0.043333333333333335
11 0.689375 0.405 0.03625 0.030000000000000002
11 0.700625 0.36750000000000005 0.01625 0.035
11 0.683125 0.36500000000000005 0.02875 0.023333333333333334
11 0.67 0.3791666666666667 0.0175 0.028333333333333335
11 0.730625 0.38083333333333336 0.02875 0.04166666666666667
11 0.730625 0.4133333333333334 0.02875 0.03333333333333333
11 0.7212500000000001 0.4475 0.0225 0.04833333333333334
11 0.73875 0.4733333333333334 0.02 0.04666666666666667
11 0.7518750000000001 0.5066666666666667 0.03625 0.02666666666666667
11 0.7225 0.49750000000000005 0.0325 0.03166666666666667
11 0.728125 0.5466666666666667 0.02375 0.03666666666666667
11 0.7681250000000001 0.5558333333333334 0.02125 0.03833333333333334
11 0.789375 0.5583333333333333 0.02125 0.04
11 0.743125 0.5775 0.02125 0.04166666666666667
11 0.7625000000000001 0.62 0.02 0.043333333333333335
11 0.74125 0.6141666666666667 0.03 0.03833333333333334
11 0.726875 0.6016666666666667 0.02125 0.043333333333333335
11 0.74625 0.6491666666666667 0.035 0.028333333333333335
11 0.75375 0.6691666666666667 0.03 0.025
11 0.725 0.6833333333333333 0.0325 0.030000000000000002
11 0.695625 0.7008333333333334 0.02125 0.04166666666666667
11 0.72375 0.7283333333333334 0.03 0.03666666666666667
11 0.713125 0.7616666666666667 0.01875 0.03666666666666667
11 0.6900000000000001 0.7891666666666667 0.02 0.045000000000000005
11 0.638125 0.7441666666666668 0.02375 0.03833333333333334
11 0.61 0.7575000000000001 0.0375 0.03833333333333334
11 0.6118750000000001 0.8016666666666667 0.02125 0.04
11 0.588125 0.7933333333333333 0.03125 0.030000000000000002
11 0.5543750000000001 0.7558333333333334 0.03375 0.035
11 0.605625 0.7266666666666667 0.03125 0.030000000000000002
28 0.55 0.8133333333333334 0.0375 0.04666666666666667
28 0.6775 0.5633333333333334 0.025 0.04666666666666667
28 0.68875 0.5891666666666667 0.0275 0.035
28 0.65 0.55 0.0325 0.030000000000000002
28 0.605625 0.5708333333333334 0.03625 0.035
28 0.651875 0.5825 0.02375 0.035
28 0.635625 0.5975 0.03625 0.028333333333333335
28 0.6675 0.6241666666666668 0.0325 0.03166666666666667
28 0.675 0.6516666666666667 0.0325 0.03333333333333333
28 0.62625 0.6508333333333334 0.0375 0.03833333333333334
28 0.635625 0.6208333333333333 0.03125 0.028333333333333335
28 0.6125 0.6125 0.0225 0.04166666666666667
28 0.5975 0.6075 0.025 0.03833333333333334
28 0.58375 0.5900000000000001 0.025 0.04
28 0.62625 0.6875 0.035 0.03166666666666667
28 0.5975 0.7016666666666667 0.03 0.04
28 0.595 0.6583333333333333 0.0175 0.043333333333333335
28 0.57125 0.6925 0.0325 0.028333333333333335
28 0.583125 0.6358333333333334 0.02125 0.045000000000000005
28 0.55875 0.6466666666666667 0.025 0.05333333333333334
