18 0.24375 0.11750000000000001 0.0275 0.04833333333333334
18 0.33437500000000003 0.17500000000000002 0.043750000000000004 0.05333333333333334
21 0.30875 0.05166666666666667 0.0575 0.09666666666666668
18 0.055625 0.31583333333333335 0.03375 0.04833333333333334
24 0.351875 0.4316666666666667 0.05375 0.09666666666666668
24 0.2 0.43583333333333335 0.06 0.085
24 0.241875 0.4741666666666667 0.06875 0.058333333333333334
24 0.14125000000000001 0.4783333333333334 0.045 0.10333333333333335
28 0.3825 0.5408333333333334 0.0675 0.09833333333333334
21 0.301875 0.5991666666666667 0.06375 0.115
24 0.25 0.5583333333333333 0.0525 0.06333333333333334
18 0.21375 0.5583333333333333 0.0225 0.05
18 0.2025 0.5225000000000001 0.03 0.045000000000000005
24 0.113125 0.5875 0.03875 0.10166666666666667
18 0.15625 0.6441666666666667 0.0325 0.045000000000000005
18 0.11625 0.6616666666666667 0.0325 0.03333333333333333
21 0.23125 0.7675000000000001 0.06 0.095
18 0.179375 0.7966666666666667 0.03125 0.04
24 0.293125 0.7408333333333333 0.06875 0.09166666666666667
21 0.346875 0.7133333333333334 0.051250000000000004 0.09666666666666668
21 0.409375 0.7566666666666667 0.07375 0.09666666666666668
21 0.4275 0.8241666666666667 0.0725 0.06833333333333334
20 0.375 0.8183333333333334 0.0325 0.06333333333333334
20 0.373125 0.765 0.03625 0.05
18 0.28375 0.8025000000000001 0.0375 0.04833333333333334
18 0.259375 0.8450000000000001 0.02375 0.05333333333333334
18 0.276875 0.8633333333333334 0.02625 0.03666666666666667
18 0.340625 0.8841666666666668 0.03125 0.04833333333333334
18 0.375 0.8975000000000001 0.04 0.045000000000000005
18 0.42125 0.9041666666666667 0.0375 0.04166666666666667
24 0.48812500000000003 0.8441666666666667 0.058750000000000004 0.08833333333333333
18 0.53625 0.7208333333333333 0.0225 0.055
18 0.5875 0.8150000000000001 0.03 0.05
18 0.589375 0.775 0.04125 0.03666666666666667
18 0.408125 0.6616666666666667 0.03625 0.05
24 0.4375 0.7108333333333334 0.0725 0.09166666666666667
24 0.463125 0.6741666666666667 0.05375 0.09833333333333334
24 0.5 0.6491666666666667 0.05 0.09166666666666667
19 0.519375 0.5950000000000001 0.05625 0.05666666666666667
11 0.535 0.6325000000000001 0.0525 0.045000000000000005
21 0.5925 0.7100000000000001 0.065 0.11666666666666667
21 0.618125 0.49500000000000005 0.06875 0.08
27 0.494375 0.38 0.06875 0.08333333333333334
21 0.55875 0.3016666666666667 0.06 0.10333333333333335
21 0.625625 0.26 0.07125000000000001 0.10333333333333335
24 0.6637500000000001 0.035 0.0725 0.07
21 0.728125 0.09250000000000001 0.06875 0.08833333333333333
18 0.8043750000000001 0.0675 0.03625 0.06166666666666667
21 0.6793750000000001 0.14083333333333334 0.04625 0.10500000000000001
21 0.718125 0.18000000000000002 0.08125 0.07666666666666667
18 0.704375 0.22916666666666669 0.043750000000000004 0.035
24 0.6775 0.3766666666666667 0.045 0.09000000000000001
21 0.699375 0.4808333333333334 0.06375 0.09166666666666667
21 0.785 0.48583333333333334 0.0775 0.07833333333333334
18 0.84125 0.455 0.035 0.04666666666666667
19 0.794375 0.5583333333333333 0.03875 0.06666666666666667
19 0.75875 0.5583333333333333 0.045 0.07333333333333333
19 0.66125 0.5575 0.0375 0.05166666666666667
21 0.7937500000000001 0.6216666666666667 0.065 0.08333333333333334
24 0.7212500000000001 0.7066666666666667 0.06 0.07666666666666667
21 0.84 0.7158333333333334 0.06 0.07500000000000001
24 0.7825 0.7200000000000001 0.0575 0.060000000000000005
19 0.67875 0.6675000000000001 0.045 0.095
18 0.77 0.6625000000000001 0.0225 0.04833333333333334
18 0.7156250000000001 0.7525000000000001 0.04125 0.04166666666666667
21 0.645625 0.795 0.08125 0.1
21 0.67 0.8816666666666667 0.06 0.09000000000000001
24 0.5806250000000001 0.88 0.07875 0.060000000000000005
24 0.605625 0.9308333333333334 0.06875 0.065
20 0.703125 0.5533333333333333 0.04125 0.04
18 0.259375 0.905 0.03375 0.043333333333333335
