23 0.59125 0.12833333333333335 0.04 0.04666666666666667
19 0.56875 0.2808333333333333 0.0475 0.045000000000000005
23 0.575625 0.32833333333333337 0.04875 0.05
19 0.64 0.29250000000000004 0.0375 0.035
19 0.6481250000000001 0.33416666666666667 0.03875 0.07500000000000001
19 0.680625 0.40166666666666667 0.04875 0.060000000000000005
19 0.7312500000000001 0.4166666666666667 0.045 0.05
19 0.77375 0.4525 0.0475 0.05166666666666667
19 0.74125 0.46166666666666667 0.0375 0.04666666666666667
19 0.69375 0.515 0.0475 0.05
19 0.789375 0.35250000000000004 0.03125 0.058333333333333334
23 0.734375 0.4041666666666667 0.04125 0.03166666666666667
25 0.69375 0.26083333333333336 0.0325 0.045000000000000005
25 0.725625 0.30250000000000005 0.04875 0.07166666666666667
25 0.6687500000000001 0.29083333333333333 0.0375 0.055
25 0.68875 0.32083333333333336 0.0375 0.055
25 0.700625 0.38083333333333336 0.05625 0.06166666666666667
25 0.721875 0.465 0.04875 0.05666666666666667
25 0.655625 0.45833333333333337 0.051250000000000004 0.08
19 0.441875 0.15000000000000002 0.043750000000000004 0.05333333333333334
19 0.530625 0.5283333333333333 0.043750000000000004 0.05333333333333334
