26 0.5231250000000001 0.32583333333333336 0.02625 0.05166666666666667
26 0.5962500000000001 0.2575 0.0275 0.055
26 0.38125000000000003 0.28500000000000003 0.03 0.04666666666666667
26 0.286875 0.30000000000000004 0.03125 0.05
26 0.37 0.38333333333333336 0.025 0.043333333333333335
26 0.48562500000000003 0.43500000000000005 0.03875 0.030000000000000002
26 0.24875 0.39 0.0325 0.030000000000000002
26 0.32 0.3925 0.0325 0.045000000000000005
26 0.31875000000000003 0.5750000000000001 0.035 0.043333333333333335
26 0.6125 0.5991666666666667 0.0375 0.035
26 0.519375 0.5891666666666667 0.02375 0.055
26 0.618125 0.7108333333333334 0.02875 0.04833333333333334
26 0.335 0.7675000000000001 0.0375 0.03833333333333334
11 0.7468750000000001 0.2833333333333333 0.05625 0.060000000000000005
11 0.370625 0.6825 0.043750000000000004 0.065
11 0.436875 0.9208333333333334 0.04875 0.06166666666666667
11 0.6975 0.7683333333333334 0.05 0.05666666666666667
20 0.335625 0.29750000000000004 0.04125 0.04833333333333334
24 0.38125000000000003 0.3458333333333334 0.055 0.07500000000000001
28 0.546875 0.8066666666666668 0.051250000000000004 0.09000000000000001
