11 0.7837500000000001 0.20333333333333334 0.0575 0.07
11 0.171875 0.6566666666666667 0.06625 0.07666666666666667
18 0.208125 0.34750000000000003 0.03375 0.04166666666666667
18 0.14625 0.39083333333333337 0.0375 0.04833333333333334
18 0.1475 0.54 0.035 0.05
18 0.215 0.6041666666666667 0.0325 0.05166666666666667
18 0.258125 0.68 0.03875 0.04666666666666667
18 0.276875 0.7291666666666667 0.03625 0.055
18 0.32125 0.7433333333333334 0.035 0.04666666666666667
18 0.121875 0.7391666666666667 0.03375 0.03833333333333334
18 0.140625 0.7675000000000001 0.03125 0.04166666666666667
18 0.18375 0.7933333333333333 0.0325 0.043333333333333335
18 0.19375 0.7725000000000001 0.035 0.04166666666666667
18 0.34625 0.8166666666666668 0.05 0.05
18 0.3025 0.8758333333333334 0.0325 0.045000000000000005
20 0.079375 0.6900000000000001 0.03625 0.06333333333333334
18 0.663125 0.9 0.043750000000000004 0.04666666666666667
18 0.52625 0.8308333333333334 0.0375 0.045000000000000005
18 0.550625 0.6891666666666667 0.05625 0.05166666666666667
18 0.699375 0.6575000000000001 0.03625 0.05166666666666667
