24 0.353125 0.12833333333333335 0.05625 0.07333333333333333
24 0.42875 0.1366666666666667 0.055 0.07333333333333333
24 0.464375 0.02666666666666667 0.04875 0.05333333333333334
24 0.390625 0.2275 0.06375 0.06833333333333334
24 0.2775 0.33333333333333337 0.0475 0.08
24 0.308125 0.3541666666666667 0.04625 0.07166666666666667
24 0.35625 0.3375 0.06 0.065
24 0.34875 0.39333333333333337 0.055 0.07
24 0.421875 0.35583333333333333 0.058750000000000004 0.06833333333333334
24 0.43375 0.2991666666666667 0.05 0.09833333333333334
24 0.47750000000000004 0.325 0.06 0.07333333333333333
24 0.4475 0.4608333333333334 0.0575 0.06833333333333334
24 0.510625 0.5583333333333333 0.05625 0.07333333333333333
24 0.528125 0.62 0.06375 0.08666666666666667
24 0.47750000000000004 0.6266666666666667 0.06 0.08333333333333334
24 0.408125 0.6333333333333334 0.06125 0.07
24 0.4925 0.7366666666666667 0.055 0.08333333333333334
24 0.3675 0.8983333333333334 0.055 0.06666666666666667
24 0.598125 0.5800000000000001 0.04875 0.07333333333333333
24 0.633125 0.5716666666666667 0.051250000000000004 0.07
24 0.663125 0.5258333333333334 0.07875 0.095
22 0.6843750000000001 0.3875 0.03875 0.035
21 0.55 0.5700000000000001 0.05 0.07333333333333333
11 0.76875 0.8175 0.035 0.055
18 0.2925 0.5800000000000001 0.0325 0.05
18 0.21375 0.6325000000000001 0.0275 0.03833333333333334
