11 0.251875 0.4066666666666667 0.051250000000000004 0.043333333333333335
11 0.59375 0.4866666666666667 0.0525 0.05333333333333334
11 0.723125 0.3983333333333334 0.04125 0.07
11 0.669375 0.07833333333333334 0.058750000000000004 0.05
11 0.6925 0.20750000000000002 0.045 0.055
11 0.730625 0.265 0.04875 0.05
11 0.82375 0.36333333333333334 0.04 0.060000000000000005
11 0.779375 0.42250000000000004 0.05375 0.04166666666666667
11 0.815625 0.7383333333333334 0.03875 0.05
11 0.7575000000000001 0.7433333333333334 0.035 0.05666666666666667
11 0.711875 0.7808333333333334 0.043750000000000004 0.065
11 0.619375 0.8525 0.06125 0.05166666666666667
11 0.439375 0.9433333333333334 0.051250000000000004 0.04666666666666667
11 0.39 0.7058333333333334 0.0525 0.045000000000000005
11 0.170625 0.6975 0.04875 0.055
18 0.40750000000000003 0.1 0.0325 0.02666666666666667
18 0.39187500000000003 0.14166666666666666 0.03375 0.02666666666666667
18 0.34125 0.15833333333333335 0.0325 0.03666666666666667
18 0.335 0.19583333333333336 0.0375 0.03833333333333334
18 0.320625 0.23583333333333334 0.03375 0.03833333333333334
18 0.235625 0.26083333333333336 0.03625 0.028333333333333335
18 0.19125 0.3441666666666667 0.0425 0.04166666666666667
18 0.47375 0.29833333333333334 0.0375 0.03333333333333333
18 0.55625 0.32666666666666666 0.0325 0.05
18 0.480625 0.40166666666666667 0.03875 0.05333333333333334
18 0.418125 0.465 0.02875 0.043333333333333335
18 0.353125 0.4425 0.03625 0.035
18 0.275625 0.4733333333333334 0.03875 0.043333333333333335
18 0.18625 0.44333333333333336 0.035 0.03666666666666667
18 0.245625 0.5591666666666667 0.03375 0.04166666666666667
18 0.386875 0.5975 0.03125 0.03166666666666667
18 0.340625 0.6166666666666667 0.03125 0.043333333333333335
18 0.33 0.665 0.035 0.05666666666666667
18 0.2725 0.5950000000000001 0.0425 0.04
18 0.210625 0.5841666666666667 0.03375 0.03833333333333334
18 0.2525 0.6216666666666667 0.0275 0.043333333333333335
18 0.273125 0.7308333333333333 0.03625 0.055
18 0.2225 0.7116666666666667 0.035 0.04666666666666667
18 0.17625 0.6308333333333334 0.0275 0.028333333333333335
18 0.164375 0.6558333333333334 0.03375 0.035
18 0.18875 0.6658333333333334 0.035 0.05166666666666667
18 0.410625 0.7691666666666667 0.03125 0.045000000000000005
18 0.421875 0.7391666666666667 0.02625 0.03833333333333334
18 0.384375 0.7383333333333334 0.03625 0.03666666666666667
18 0.496875 0.8066666666666668 0.02875 0.043333333333333335
18 0.535 0.7566666666666667 0.025 0.03333333333333333
18 0.553125 0.6675000000000001 0.03875 0.045000000000000005
18 0.5493750000000001 0.5766666666666667 0.03625 0.03333333333333333
18 0.32375 0.4066666666666667 0.035 0.030000000000000002
18 0.701875 0.35500000000000004 0.02125 0.05
26 0.49312500000000004 0.18666666666666668 0.04125 0.05
26 0.631875 0.23333333333333334 0.03125 0.04666666666666667
24 0.448125 0.21916666666666668 0.06125 0.055
26 0.418125 0.21333333333333335 0.02875 0.023333333333333334
19 0.7937500000000001 0.4716666666666667 0.0475 0.060000000000000005
18 0.468125 0.785 0.03125 0.05333333333333334
