20 0.478125 0.17333333333333334 0.03125 0.03666666666666667
18 0.4675 0.21083333333333334 0.0275 0.035
11 0.424375 0.21000000000000002 0.02625 0.060000000000000005
11 0.3525 0.33166666666666667 0.04 0.03666666666666667
11 0.320625 0.35750000000000004 0.03875 0.04833333333333334
11 0.535625 0.5491666666666667 0.03125 0.05166666666666667
11 0.408125 0.5975 0.02875 0.05166666666666667
11 0.364375 0.675 0.03625 0.04666666666666667
25 0.296875 0.5083333333333334 0.05375 0.05666666666666667
24 0.325625 0.5266666666666667 0.043750000000000004 0.05333333333333334
24 0.51125 0.5025000000000001 0.0425 0.055
24 0.5700000000000001 0.5308333333333334 0.0425 0.04833333333333334
23 0.4325 0.61 0.03 0.05666666666666667
11 0.19875 0.5725 0.03 0.04833333333333334
18 0.319375 0.6291666666666667 0.02375 0.03833333333333334
23 0.290625 0.7200000000000001 0.03125 0.043333333333333335
23 0.285625 0.78 0.03375 0.04
18 0.27 0.7558333333333334 0.0225 0.03166666666666667
19 0.3525 0.7633333333333334 0.0425 0.043333333333333335
24 0.36 0.8058333333333334 0.045 0.04833333333333334
23 0.431875 0.8133333333333334 0.03625 0.03666666666666667
19 0.50625 0.8650000000000001 0.04 0.04666666666666667
19 0.574375 0.8266666666666668 0.03625 0.04
19 0.581875 0.8750000000000001 0.03375 0.043333333333333335
23 0.720625 0.7175 0.04875 0.04833333333333334
19 0.733125 0.6766666666666667 0.03625 0.04
19 0.776875 0.5291666666666667 0.03375 0.07166666666666667
24 0.63125 0.5608333333333334 0.0425 0.058333333333333334
11 0.7106250000000001 0.4108333333333334 0.02625 0.055
11 0.671875 0.42500000000000004 0.02625 0.06333333333333334
31 0.676875 0.39583333333333337 0.01375 0.021666666666666667
24 0.67375 0.2575 0.04 0.04833333333333334
