23 0.17 0.18250000000000002 0.0525 0.08833333333333333
18 0.0825 0.445 0.0425 0.043333333333333335
23 0.145 0.4841666666666667 0.0475 0.06833333333333334
18 0.13375 0.5458333333333334 0.035 0.045000000000000005
25 0.25875 0.5583333333333333 0.0725 0.09333333333333334
18 0.2675 0.5141666666666667 0.035 0.04833333333333334
18 0.10187500000000001 0.68 0.04625 0.05666666666666667
23 0.17375000000000002 0.6941666666666667 0.0575 0.065
18 0.154375 0.7683333333333334 0.03375 0.04
23 0.268125 0.7683333333333334 0.043750000000000004 0.06666666666666667
18 0.28500000000000003 0.8350000000000001 0.0325 0.05333333333333334
23 0.29375 0.8933333333333334 0.0475 0.06666666666666667
21 0.418125 0.905 0.058750000000000004 0.08333333333333334
18 0.309375 0.7533333333333334 0.03625 0.05
21 0.4975 0.7308333333333333 0.08750000000000001 0.12166666666666667
18 0.6425 0.8308333333333334 0.035 0.04166666666666667
18 0.6637500000000001 0.11666666666666667 0.035 0.05666666666666667
