16 0.482188 0.785733 0.093072 0.090818
16 0.521894 0.428947 0.102468 0.111775
16 0.348556 0.369065 0.083679 0.095809
16 0.548364 0.172459 0.112714 0.105791
16 0.429248 0.187430 0.060626 0.115769
17 0.363926 0.575153 0.080265 0.078840
17 0.368623 0.139523 0.058920 0.095809
17 0.485605 0.063178 0.082826 0.078840
18 0.550926 0.057688 0.039281 0.091819
18 0.420283 0.095613 0.044401 0.069858
18 0.462977 0.252299 0.035864 0.077846
17 0.342152 0.288725 0.093075 0.058883
15 0.727678 0.435433 0.112711 0.112772
15 0.842098 0.225853 0.078556 0.136726
15 0.372891 0.464376 0.111858 0.112776
15 0.428822 0.398505 0.095633 0.090818
15 0.224317 0.411981 0.113564 0.115769
15 0.302448 0.197907 0.085387 0.104791
15 0.618808 0.087628 0.111858 0.125748
