11 0.13875 0.2808333333333333 0.0625 0.07166666666666667
11 0.368125 0.3075 0.058750000000000004 0.06166666666666667
11 0.116875 0.4691666666666667 0.04875 0.07166666666666667
11 0.24875 0.5491666666666667 0.0625 0.07166666666666667
11 0.286875 0.65 0.06875 0.08
11 0.36125 0.8866666666666667 0.0675 0.06333333333333334
11 0.390625 0.9183333333333334 0.043750000000000004 0.06666666666666667
11 0.979375 0.48250000000000004 0.03875 0.085
18 0.5387500000000001 0.1366666666666667 0.0325 0.05666666666666667
18 0.355625 0.2625 0.03875 0.04833333333333334
