20 0.07625 0.6000000000000001 0.0325 0.05333333333333334
25 0.18625 0.6291666666666667 0.0675 0.095
25 0.25625 0.7441666666666668 0.0675 0.09166666666666667
24 0.198125 0.7716666666666667 0.058750000000000004 0.08333333333333334
25 0.31375000000000003 0.9158333333333334 0.065 0.08833333333333333
25 0.50625 0.8875000000000001 0.0725 0.08166666666666667
21 0.439375 0.7933333333333333 0.07375 0.07
19 0.555 0.8400000000000001 0.05 0.06333333333333334
19 0.54625 0.6933333333333334 0.0725 0.07
25 0.76 0.35250000000000004 0.0675 0.10166666666666667
19 0.675 0.5966666666666667 0.0575 0.07
25 0.76 0.7408333333333333 0.0425 0.09166666666666667
