11 0.325625 0.27666666666666667 0.03375 0.10666666666666667
18 0.21937500000000001 0.39333333333333337 0.04125 0.060000000000000005
18 0.105 0.39416666666666667 0.0275 0.045000000000000005
18 0.07062500000000001 0.4291666666666667 0.03125 0.055
18 0.26625 0.4808333333333334 0.0375 0.04833333333333334
18 0.218125 0.5508333333333334 0.03375 0.055
18 0.235625 0.63 0.03625 0.05666666666666667
18 0.13875 0.6316666666666667 0.0325 0.05666666666666667
18 0.153125 0.6883333333333334 0.03875 0.043333333333333335
18 0.20625000000000002 0.7866666666666667 0.0425 0.05333333333333334
18 0.229375 0.8700000000000001 0.04125 0.043333333333333335
11 0.791875 0.4441666666666667 0.04125 0.08833333333333333
18 0.6525 0.08583333333333334 0.0375 0.04166666666666667
18 0.940625 0.3066666666666667 0.02875 0.03666666666666667
