11 0.526875 0.8650000000000001 0.03625 0.04666666666666667
11 0.545 0.8183333333333334 0.04 0.04
11 0.581875 0.77 0.02375 0.043333333333333335
11 0.475625 0.6891666666666667 0.03625 0.03833333333333334
11 0.32875 0.7791666666666667 0.035 0.03833333333333334
11 0.27625 0.8075000000000001 0.0275 0.03833333333333334
11 0.36062500000000003 0.6958333333333334 0.03375 0.04833333333333334
11 0.2925 0.6933333333333334 0.025 0.043333333333333335
11 0.309375 0.6641666666666667 0.02625 0.045000000000000005
11 0.281875 0.6558333333333334 0.02875 0.05166666666666667
11 0.40125 0.535 0.0375 0.043333333333333335
11 0.435625 0.5633333333333334 0.02625 0.04666666666666667
11 0.44375000000000003 0.51 0.025 0.05
11 0.418125 0.49500000000000005 0.02625 0.05666666666666667
11 0.349375 0.49750000000000005 0.03875 0.03833333333333334
11 0.32125 0.5225000000000001 0.025 0.058333333333333334
11 0.183125 0.5116666666666667 0.02625 0.05333333333333334
11 0.2425 0.48833333333333334 0.025 0.05
11 0.30125 0.4425 0.0275 0.058333333333333334
11 0.33 0.4216666666666667 0.0325 0.04666666666666667
11 0.18875 0.43833333333333335 0.0325 0.04666666666666667
11 0.199375 0.3433333333333334 0.02375 0.04666666666666667
11 0.231875 0.37833333333333335 0.03625 0.04
11 0.41625 0.43583333333333335 0.0375 0.04166666666666667
11 0.37375 0.41500000000000004 0.0325 0.04666666666666667
11 0.41375 0.4008333333333334 0.04 0.04166666666666667
11 0.429375 0.3666666666666667 0.03375 0.05
11 0.379375 0.38083333333333336 0.03125 0.04166666666666667
11 0.354375 0.3466666666666667 0.02625 0.04666666666666667
11 0.381875 0.34750000000000003 0.03625 0.04166666666666667
11 0.411875 0.33166666666666667 0.02375 0.05666666666666667
11 0.395 0.3141666666666667 0.0275 0.05166666666666667
11 0.3775 0.30083333333333334 0.035 0.045000000000000005
11 0.366875 0.275 0.03125 0.043333333333333335
11 0.23875000000000002 0.25583333333333336 0.0325 0.03833333333333334
11 0.319375 0.24666666666666667 0.02875 0.05
11 0.274375 0.2 0.02375 0.04666666666666667
11 0.319375 0.2 0.03125 0.04666666666666667
11 0.33625 0.2225 0.0275 0.05166666666666667
11 0.3525 0.2525 0.0325 0.03166666666666667
11 0.364375 0.2316666666666667 0.03375 0.03333333333333333
11 0.35375 0.17916666666666667 0.0275 0.04166666666666667
11 0.671875 0.7916666666666667 0.03375 0.04
11 0.7225 0.7050000000000001 0.0275 0.05333333333333334
11 0.64875 0.7175 0.035 0.055
19 0.61875 0.7341666666666667 0.0375 0.045000000000000005
11 0.75875 0.6458333333333334 0.0275 0.045000000000000005
11 0.7725 0.5933333333333334 0.0275 0.043333333333333335
11 0.71375 0.5916666666666667 0.03 0.043333333333333335
11 0.7781250000000001 0.5375000000000001 0.02125 0.05166666666666667
11 0.63375 0.6683333333333333 0.0375 0.04666666666666667
11 0.579375 0.6775 0.03625 0.035
11 0.595 0.6433333333333334 0.0325 0.043333333333333335
11 0.5475 0.6483333333333334 0.045 0.04
11 0.51 0.6483333333333334 0.025 0.05
11 0.531875 0.6308333333333334 0.02875 0.05166666666666667
11 0.4675 0.6175 0.0275 0.045000000000000005
11 0.491875 0.6216666666666667 0.03875 0.04
11 0.625625 0.6208333333333333 0.02625 0.04833333333333334
11 0.5806250000000001 0.6083333333333334 0.03125 0.04666666666666667
11 0.656875 0.62 0.03375 0.04
11 0.68 0.5808333333333334 0.03 0.04166666666666667
11 0.644375 0.5841666666666667 0.03375 0.045000000000000005
11 0.74875 0.5558333333333334 0.0325 0.05166666666666667
11 0.726875 0.5458333333333334 0.02625 0.045000000000000005
11 0.73375 0.5025000000000001 0.0325 0.04166666666666667
11 0.7275 0.4683333333333334 0.025 0.04666666666666667
11 0.75625 0.4683333333333334 0.0225 0.04666666666666667
11 0.7781250000000001 0.4566666666666667 0.02375 0.04666666666666667
11 0.745 0.42000000000000004 0.0225 0.043333333333333335
11 0.764375 0.42500000000000004 0.02625 0.04666666666666667
11 0.72 0.3925 0.0275 0.045000000000000005
11 0.514375 0.5916666666666667 0.02125 0.04666666666666667
11 0.491875 0.5841666666666667 0.02875 0.04833333333333334
11 0.534375 0.5750000000000001 0.02625 0.05333333333333334
11 0.480625 0.5416666666666667 0.02875 0.04
11 0.505 0.5433333333333333 0.025 0.04666666666666667
11 0.536875 0.5341666666666667 0.03375 0.03833333333333334
11 0.561875 0.5516666666666667 0.02625 0.04
11 0.58875 0.5566666666666668 0.0275 0.03666666666666667
11 0.6525 0.555 0.0275 0.03666666666666667
11 0.686875 0.5508333333333334 0.02625 0.045000000000000005
11 0.705 0.5391666666666667 0.025 0.045000000000000005
11 0.705 0.5025000000000001 0.0325 0.03166666666666667
11 0.68 0.4991666666666667 0.025 0.045000000000000005
11 0.6525 0.5241666666666667 0.03 0.04166666666666667
11 0.654375 0.5033333333333334 0.02625 0.03666666666666667
11 0.6525 0.4691666666666667 0.025 0.045000000000000005
11 0.6925 0.455 0.03 0.043333333333333335
11 0.669375 0.44333333333333336 0.03375 0.04
11 0.6950000000000001 0.4041666666666667 0.0325 0.045000000000000005
11 0.668125 0.4066666666666667 0.02875 0.043333333333333335
11 0.64875 0.3875 0.03 0.04166666666666667
11 0.690625 0.36083333333333334 0.03625 0.03833333333333334
19 0.676875 0.3433333333333334 0.03375 0.04
11 0.636875 0.4575 0.02625 0.03833333333333334
11 0.573125 0.5108333333333334 0.02875 0.055
11 0.604375 0.5341666666666667 0.02625 0.04166666666666667
11 0.5962500000000001 0.4741666666666667 0.0275 0.04833333333333334
11 0.62 0.48750000000000004 0.0325 0.035
11 0.600625 0.40166666666666667 0.02125 0.043333333333333335
11 0.6175 0.38083333333333336 0.0325 0.03833333333333334
11 0.57375 0.3983333333333334 0.035 0.02666666666666667
11 0.48375 0.1691666666666667 0.0175 0.035
11 0.49125 0.19666666666666668 0.0275 0.016666666666666666
11 0.5181250000000001 0.19333333333333336 0.01125 0.030000000000000002
11 0.5275 0.2016666666666667 0.0175 0.03333333333333333
11 0.54875 0.20500000000000002 0.0225 0.04
11 0.565625 0.20750000000000002 0.01625 0.04166666666666667
11 0.540625 0.24250000000000002 0.01875 0.03166666666666667
11 0.521875 0.255 0.01875 0.04
11 0.50875 0.22666666666666668 0.03 0.016666666666666666
11 0.4825 0.21250000000000002 0.03 0.021666666666666667
11 0.45125 0.17083333333333334 0.0275 0.021666666666666667
11 0.4625 0.19583333333333336 0.02 0.025
11 0.43625 0.2 0.025 0.03333333333333333
11 0.426875 0.21750000000000003 0.02375 0.018333333333333333
11 0.44 0.24000000000000002 0.03 0.03333333333333333
11 0.465625 0.23083333333333333 0.02625 0.028333333333333335
11 0.421875 0.24500000000000002 0.02375 0.02
11 0.400625 0.23583333333333334 0.02125 0.03833333333333334
11 0.39 0.21500000000000002 0.03 0.02666666666666667
11 0.415625 0.15666666666666668 0.02125 0.023333333333333334
11 0.40750000000000003 0.14083333333333334 0.0175 0.03166666666666667
11 0.3825 0.15166666666666667 0.03 0.02666666666666667
11 0.37875000000000003 0.18666666666666668 0.0125 0.030000000000000002
11 0.43875000000000003 0.15000000000000002 0.025 0.023333333333333334
11 0.48375 0.26416666666666666 0.02 0.035
11 0.4975 0.29250000000000004 0.025 0.021666666666666667
11 0.5075000000000001 0.27416666666666667 0.0175 0.028333333333333335
11 0.45875 0.28 0.02 0.04
11 0.436875 0.2758333333333334 0.02375 0.035
11 0.45625 0.32583333333333336 0.02 0.035
11 0.478125 0.3141666666666667 0.02625 0.035
11 0.506875 0.3358333333333334 0.02625 0.028333333333333335
11 0.5181250000000001 0.31 0.02625 0.030000000000000002
11 0.54875 0.2841666666666667 0.0275 0.03166666666666667
11 0.483125 0.3516666666666667 0.01875 0.043333333333333335
11 0.5 0.37583333333333335 0.02 0.03833333333333334
11 0.519375 0.37583333333333335 0.02125 0.045000000000000005
11 0.540625 0.39416666666666667 0.02375 0.04166666666666667
11 0.545 0.335 0.0225 0.043333333333333335
11 0.5025000000000001 0.41750000000000004 0.03 0.035
11 0.494375 0.4441666666666667 0.03875 0.028333333333333335
11 0.544375 0.4475 0.03625 0.025
11 0.52875 0.42000000000000004 0.0175 0.04
11 0.531875 0.47750000000000004 0.02125 0.04833333333333334
11 0.5475 0.4966666666666667 0.03 0.04
11 0.510625 0.48500000000000004 0.02125 0.04
11 0.491875 0.4691666666666667 0.03625 0.025
11 0.468125 0.4566666666666667 0.01375 0.043333333333333335
19 0.579375 0.4516666666666667 0.03625 0.04
11 0.56875 0.42250000000000004 0.035 0.025
11 0.69875 0.2566666666666667 0.0275 0.03666666666666667
11 0.6775 0.24583333333333335 0.0225 0.045000000000000005
11 0.67 0.28250000000000003 0.0325 0.025
11 0.6687500000000001 0.3091666666666667 0.0325 0.03166666666666667
11 0.65375 0.33083333333333337 0.0225 0.045000000000000005
11 0.640625 0.35750000000000004 0.03125 0.025
11 0.625 0.31833333333333336 0.0325 0.030000000000000002
11 0.635 0.2966666666666667 0.0275 0.030000000000000002
11 0.6012500000000001 0.2725 0.0225 0.04166666666666667
11 0.575625 0.3116666666666667 0.03625 0.02666666666666667
11 0.591875 0.3375 0.03375 0.035
11 0.5675 0.34833333333333333 0.02 0.030000000000000002
11 0.584375 0.36583333333333334 0.02875 0.03833333333333334
11 0.654375 0.20916666666666667 0.03375 0.025
11 0.625 0.19416666666666668 0.02 0.028333333333333335
11 0.61 0.195 0.0175 0.03333333333333333
11 0.601875 0.2041666666666667 0.02625 0.03833333333333334
11 0.570625 0.17583333333333334 0.02875 0.03166666666666667
11 0.58875 0.17250000000000001 0.0175 0.025
11 0.581875 0.21833333333333335 0.02375 0.04
11 0.626875 0.2225 0.02125 0.021666666666666667
11 0.62625 0.24500000000000002 0.0175 0.04
27 0.645625 0.23833333333333334 0.02625 0.03666666666666667
11 0.583125 0.2541666666666667 0.02625 0.028333333333333335
11 0.55875 0.2541666666666667 0.0325 0.03833333333333334
27 0.57625 0.2783333333333334 0.03 0.02666666666666667
19 0.7262500000000001 0.29500000000000004 0.0375 0.03666666666666667
