11 0.749255 0.392874 0.052452 0.123748
7 0.392618 0.135288 0.109390 0.094156
7 0.716751 0.110740 0.073525 0.158052
7 0.626863 0.303763 0.062316 0.186295
7 0.652193 0.565385 0.045729 0.182261
7 0.564323 0.454413 0.038557 0.163429
7 0.497841 0.427767 0.094597 0.061234
7 0.369305 0.510908 0.055591 0.162086
7 0.443053 0.541844 0.077561 0.136528
7 0.433639 0.781946 0.117013 0.071961
7 0.682006 0.753363 0.056936 0.149306
5 0.432967 0.678373 0.050211 0.115008
5 0.580688 0.683082 0.068592 0.105591
5 0.650177 0.890898 0.052452 0.121731
11 0.516802 0.587578 0.074420 0.086759
