11 0.705 0.0775 0.0625 0.06166666666666667
11 0.31375000000000003 0.19833333333333333 0.0525 0.07666666666666667
11 0.2575 0.21333333333333335 0.055 0.08
11 0.46187500000000004 0.30250000000000005 0.06375 0.06833333333333334
11 0.26687500000000003 0.3616666666666667 0.06625 0.05333333333333334
11 0.359375 0.38583333333333336 0.07125000000000001 0.07166666666666667
11 0.378125 0.42333333333333334 0.07375 0.07
11 0.323125 0.47500000000000003 0.06125 0.06666666666666667
11 0.38375000000000004 0.5091666666666667 0.055 0.07833333333333334
11 0.29 0.5658333333333334 0.05 0.06833333333333334
11 0.32875 0.6116666666666667 0.055 0.07666666666666667
11 0.33625 0.68 0.065 0.08
11 0.595625 0.6158333333333333 0.05375 0.095
11 0.40750000000000003 0.7333333333333334 0.0525 0.08666666666666667
11 0.368125 0.76 0.043750000000000004 0.09000000000000001
11 0.45687500000000003 0.7825000000000001 0.04625 0.08166666666666667
11 0.5225 0.7375 0.0425 0.07833333333333334
11 0.51 0.7883333333333333 0.0725 0.06666666666666667
11 0.513125 0.8266666666666668 0.06875 0.04666666666666667
11 0.42375 0.8250000000000001 0.0425 0.07666666666666667
11 0.439375 0.8825000000000001 0.051250000000000004 0.07500000000000001
11 0.395625 0.9033333333333334 0.051250000000000004 0.08
11 0.494375 0.8758333333333334 0.07375 0.07166666666666667
11 0.49625 0.9308333333333334 0.0575 0.07500000000000001
11 0.716875 0.7358333333333333 0.05375 0.085
11 0.676875 0.7875000000000001 0.06375 0.065
11 0.7975 0.8233333333333334 0.0625 0.07666666666666667
11 0.85375 0.7591666666666668 0.04 0.07833333333333334
11 0.946875 0.7066666666666667 0.03875 0.09000000000000001
11 0.97375 0.5700000000000001 0.05 0.08666666666666667
