20 0.224375 0.2816666666666667 0.051250000000000004 0.09333333333333334
20 0.305625 0.28750000000000003 0.051250000000000004 0.06833333333333334
20 0.41000000000000003 0.36750000000000005 0.0575 0.07833333333333334
20 0.270625 0.4341666666666667 0.04625 0.065
20 0.29375 0.3891666666666667 0.05 0.04833333333333334
20 0.46625 0.23750000000000002 0.05 0.06166666666666667
20 0.50125 0.0825 0.0475 0.055
20 0.5475 0.08833333333333333 0.0475 0.05666666666666667
20 0.208125 0.6416666666666667 0.04625 0.05333333333333334
20 0.650625 0.9416666666666668 0.051250000000000004 0.05666666666666667
20 0.615 0.9783333333333334 0.055 0.03333333333333333
20 0.943125 0.2775 0.03875 0.06166666666666667
18 0.489375 0.18416666666666667 0.04125 0.055
11 0.4025 0.27666666666666667 0.0725 0.06333333333333334
20 0.69125 0.14750000000000002 0.0525 0.06166666666666667
18 0.3525 0.40750000000000003 0.03 0.058333333333333334
18 0.371875 0.5508333333333334 0.03625 0.055
