19 0.61125 0.0675 0.0475 0.04166666666666667
19 0.67625 0.15083333333333335 0.05 0.055
24 0.63375 0.10666666666666667 0.045 0.06333333333333334
24 0.531875 0.195 0.051250000000000004 0.060000000000000005
24 0.501875 0.21916666666666668 0.03875 0.07833333333333334
18 0.558125 0.19333333333333336 0.02375 0.03666666666666667
24 0.4975 0.3925 0.055 0.055
21 0.515625 0.36500000000000005 0.06125 0.05
24 0.573125 0.35083333333333333 0.03625 0.065
24 0.6375000000000001 0.3566666666666667 0.0375 0.06333333333333334
24 0.60875 0.4566666666666667 0.0375 0.06333333333333334
24 0.626875 0.4625 0.05625 0.07166666666666667
19 0.574375 0.4716666666666667 0.03625 0.043333333333333335
19 0.5975 0.5066666666666667 0.04 0.043333333333333335
23 0.6325000000000001 0.5416666666666667 0.05 0.06333333333333334
24 0.42625 0.555 0.0325 0.07
24 0.770625 0.5033333333333334 0.05375 0.06333333333333334
24 0.715 0.4575 0.0525 0.06166666666666667
19 0.73 0.405 0.0425 0.05666666666666667
19 0.758125 0.3925 0.051250000000000004 0.055
19 0.8225 0.33416666666666667 0.03 0.058333333333333334
24 0.764375 0.31333333333333335 0.043750000000000004 0.060000000000000005
24 0.836875 0.24833333333333335 0.03125 0.060000000000000005
24 0.745625 0.22166666666666668 0.051250000000000004 0.05
24 0.69125 0.29500000000000004 0.0525 0.05333333333333334
24 0.6481250000000001 0.28250000000000003 0.051250000000000004 0.05166666666666667
24 0.6075 0.22916666666666669 0.045 0.055
19 0.584375 0.27083333333333337 0.04125 0.05166666666666667
22 0.424375 0.26333333333333336 0.03375 0.04
24 0.5543750000000001 0.7408333333333333 0.05625 0.058333333333333334
24 0.68625 0.38333333333333336 0.035 0.06333333333333334
