20 0.38 0.035 0.0375 0.05
20 0.340625 0.07333333333333333 0.03625 0.05
20 0.43875000000000003 0.08583333333333334 0.0475 0.06166666666666667
20 0.4925 0.10416666666666667 0.04 0.058333333333333334
20 0.48562500000000003 0.1525 0.04125 0.05166666666666667
20 0.564375 0.25 0.051250000000000004 0.05666666666666667
20 0.483125 0.21000000000000002 0.04875 0.05333333333333334
20 0.4675 0.2516666666666667 0.04 0.04666666666666667
20 0.420625 0.25083333333333335 0.043750000000000004 0.055
20 0.4375 0.16416666666666668 0.0375 0.05166666666666667
20 0.444375 0.11750000000000001 0.03625 0.04833333333333334
20 0.409375 0.12666666666666668 0.03625 0.05333333333333334
20 0.38875 0.13 0.035 0.043333333333333335
20 0.35375 0.11333333333333334 0.0375 0.043333333333333335
20 0.36 0.165 0.04 0.05
20 0.4025 0.18000000000000002 0.04 0.043333333333333335
20 0.395 0.2 0.04 0.04
20 0.315 0.1575 0.0425 0.04833333333333334
20 0.338125 0.19166666666666668 0.03875 0.04666666666666667
20 0.35000000000000003 0.23333333333333334 0.0425 0.05666666666666667
20 0.36 0.28750000000000003 0.0425 0.06166666666666667
20 0.326875 0.2758333333333334 0.02625 0.05166666666666667
20 0.27875 0.31 0.0425 0.060000000000000005
20 0.29 0.26166666666666666 0.0425 0.06333333333333334
20 0.259375 0.2391666666666667 0.03375 0.05166666666666667
20 0.25125000000000003 0.28750000000000003 0.0375 0.058333333333333334
20 0.226875 0.3175 0.03875 0.065
20 0.20750000000000002 0.23333333333333334 0.035 0.05333333333333334
20 0.134375 0.25583333333333336 0.03125 0.03833333333333334
20 0.17625 0.2941666666666667 0.035 0.05166666666666667
20 0.15 0.29000000000000004 0.03 0.05
18 0.564375 0.16333333333333333 0.02875 0.05
18 0.51375 0.1925 0.03 0.04166666666666667
20 0.38625 0.43500000000000005 0.05 0.06333333333333334
20 0.28500000000000003 0.35250000000000004 0.0425 0.03166666666666667
20 0.270625 0.3891666666666667 0.04125 0.055
20 0.2575 0.42000000000000004 0.035 0.060000000000000005
20 0.26375 0.5366666666666667 0.0425 0.05
20 0.225625 0.5966666666666667 0.03125 0.060000000000000005
20 0.23875000000000002 0.7733333333333334 0.04 0.05
20 0.558125 0.92 0.03875 0.060000000000000005
20 0.561875 0.9725 0.04625 0.045000000000000005
20 0.848125 0.9766666666666667 0.03875 0.043333333333333335
20 0.8356250000000001 0.8 0.03625 0.05666666666666667
20 0.868125 0.5983333333333334 0.03875 0.06333333333333334
20 0.724375 0.3241666666666667 0.04625 0.065
20 0.666875 0.305 0.04625 0.07
20 0.675 0.36000000000000004 0.0425 0.07
20 0.628125 0.09416666666666668 0.04875 0.08833333333333333
