18 0.171875 0.275 0.02125 0.04
18 0.215 0.27666666666666667 0.025 0.03666666666666667
18 0.32375 0.2341666666666667 0.03 0.035
18 0.320625 0.26916666666666667 0.02625 0.03166666666666667
18 0.31 0.28250000000000003 0.0275 0.028333333333333335
18 0.31125 0.3091666666666667 0.03 0.028333333333333335
18 0.268125 0.30833333333333335 0.01875 0.03666666666666667
18 0.379375 0.20833333333333334 0.03125 0.030000000000000002
18 0.36875 0.15083333333333335 0.025 0.04166666666666667
18 0.4375 0.1391666666666667 0.03 0.035
18 0.320625 0.15833333333333335 0.02125 0.043333333333333335
18 0.335 0.3641666666666667 0.0175 0.045000000000000005
18 0.370625 0.3741666666666667 0.03125 0.028333333333333335
18 0.410625 0.3766666666666667 0.03125 0.03333333333333333
18 0.31 0.3716666666666667 0.0275 0.02666666666666667
18 0.295 0.38583333333333336 0.03 0.025
18 0.28750000000000003 0.4025 0.0325 0.028333333333333335
18 0.289375 0.47500000000000003 0.01875 0.04
18 0.273125 0.4766666666666667 0.02375 0.023333333333333334
18 0.253125 0.48750000000000004 0.02875 0.035
18 0.263125 0.505 0.03125 0.023333333333333334
18 0.289375 0.5258333333333334 0.02375 0.04166666666666667
18 0.1375 0.4758333333333334 0.03 0.03166666666666667
18 0.321875 0.5366666666666667 0.03125 0.03666666666666667
18 0.22312500000000002 0.7608333333333334 0.02875 0.04166666666666667
18 0.19 0.7883333333333333 0.0325 0.03333333333333333
18 0.349375 0.6991666666666667 0.03375 0.03166666666666667
18 0.41625 0.7133333333333334 0.0275 0.02666666666666667
18 0.416875 0.7383333333333334 0.03125 0.03333333333333333
18 0.3675 0.7658333333333334 0.025 0.03833333333333334
18 0.361875 0.8191666666666667 0.03625 0.028333333333333335
18 0.36062500000000003 0.5883333333333334 0.03375 0.030000000000000002
18 0.379375 0.6216666666666667 0.01375 0.04666666666666667
18 0.381875 0.5808333333333334 0.03125 0.03166666666666667
18 0.4025 0.5166666666666667 0.035 0.03666666666666667
18 0.4625 0.7216666666666667 0.0175 0.043333333333333335
18 0.359375 0.9325000000000001 0.03125 0.03166666666666667
18 0.42562500000000003 0.9308333333333334 0.02625 0.04166666666666667
18 0.471875 0.9416666666666668 0.02625 0.03333333333333333
18 0.514375 0.9333333333333333 0.02125 0.043333333333333335
18 0.56125 0.8608333333333333 0.015 0.035
18 0.605625 0.9016666666666667 0.02625 0.02666666666666667
18 0.57875 0.8975000000000001 0.0225 0.025
18 0.67125 0.8633333333333334 0.02 0.03333333333333333
18 0.723125 0.7933333333333333 0.02875 0.02
18 0.719375 0.8125 0.02875 0.025
18 0.50125 0.7633333333333334 0.0375 0.03333333333333333
18 0.520625 0.7241666666666667 0.03125 0.025
18 0.49875 0.7025 0.04 0.028333333333333335
18 0.49312500000000004 0.6716666666666667 0.03125 0.030000000000000002
18 0.505625 0.6316666666666667 0.02125 0.03333333333333333
18 0.529375 0.6725000000000001 0.02125 0.04166666666666667
18 0.598125 0.6008333333333333 0.02375 0.045000000000000005
18 0.480625 0.5691666666666667 0.02125 0.045000000000000005
18 0.499375 0.5633333333333334 0.02375 0.043333333333333335
18 0.535625 0.5458333333333334 0.02125 0.03833333333333334
18 0.524375 0.5216666666666667 0.02875 0.023333333333333334
18 0.455625 0.4675 0.02625 0.04166666666666667
18 0.5650000000000001 0.42333333333333334 0.0325 0.04
18 0.65 0.325 0.03 0.04
18 0.55625 0.21500000000000002 0.0325 0.030000000000000002
18 0.57875 0.11916666666666667 0.02 0.035
18 0.7368750000000001 0.10583333333333333 0.03125 0.025
18 0.671875 0.1275 0.02875 0.035
18 0.694375 0.08083333333333334 0.03125 0.03166666666666667
18 0.6637500000000001 0.09666666666666668 0.0325 0.02666666666666667
18 0.52375 0.0275 0.0325 0.028333333333333335
18 0.471875 0.02 0.02625 0.03666666666666667
18 0.44 0.025 0.03 0.03666666666666667
18 0.380625 0.08666666666666667 0.02375 0.030000000000000002
18 0.64625 0.17 0.025 0.04
18 0.6637500000000001 0.19416666666666668 0.0275 0.035
18 0.78 0.18083333333333335 0.0275 0.028333333333333335
18 0.726875 0.14916666666666667 0.02875 0.035
18 0.53625 0.07250000000000001 0.0225 0.04166666666666667
24 0.206875 0.8525 0.06875 0.06833333333333334
11 0.19 0.6991666666666667 0.0525 0.045000000000000005
11 0.22187500000000002 0.6233333333333334 0.06125 0.04666666666666667
11 0.484375 0.6291666666666667 0.051250000000000004 0.045000000000000005
11 0.389375 0.915 0.04125 0.04666666666666667
11 0.440625 0.8608333333333333 0.043750000000000004 0.058333333333333334
11 0.5231250000000001 0.8383333333333334 0.05375 0.05
11 0.526875 0.8925000000000001 0.04875 0.04833333333333334
11 0.45875 0.9616666666666668 0.05 0.03333333333333333
11 0.54125 0.9441666666666667 0.0375 0.055
11 0.58 0.9208333333333334 0.045 0.03166666666666667
11 0.618125 0.8716666666666667 0.03375 0.06333333333333334
11 0.646875 0.8791666666666668 0.02625 0.065
11 0.683125 0.8183333333333334 0.04875 0.043333333333333335
11 0.686875 0.8716666666666667 0.02875 0.06333333333333334
11 0.7156250000000001 0.8633333333333334 0.02625 0.06333333333333334
11 0.754375 0.7933333333333333 0.02375 0.05666666666666667
11 0.7775 0.7533333333333334 0.035 0.060000000000000005
11 0.73875 0.7558333333333334 0.0275 0.06166666666666667
11 0.720625 0.7383333333333334 0.03875 0.04
11 0.77375 0.7008333333333334 0.0375 0.03833333333333334
11 0.784375 0.6675000000000001 0.03875 0.055
11 0.8025 0.6233333333333334 0.035 0.03666666666666667
11 0.82625 0.6291666666666667 0.025 0.04833333333333334
18 0.7681250000000001 0.6075 0.02125 0.021666666666666667
18 0.750625 0.6483333333333334 0.03125 0.023333333333333334
18 0.62875 0.6941666666666667 0.03 0.03166666666666667
11 0.6525 0.6483333333333334 0.05 0.05666666666666667
11 0.69625 0.635 0.0475 0.05
11 0.5181250000000001 0.4916666666666667 0.03375 0.07
11 0.8250000000000001 0.5883333333333334 0.045 0.043333333333333335
11 0.8143750000000001 0.5458333333333334 0.04125 0.035
11 0.788125 0.5025000000000001 0.02875 0.058333333333333334
11 0.81375 0.49833333333333335 0.0225 0.060000000000000005
11 0.835 0.48333333333333334 0.0325 0.05666666666666667
11 0.8612500000000001 0.4733333333333334 0.0375 0.04666666666666667
18 0.86 0.5533333333333333 0.025 0.03666666666666667
11 0.763125 0.44333333333333336 0.04125 0.043333333333333335
11 0.80125 0.4391666666666667 0.025 0.058333333333333334
11 0.78125 0.3975 0.035 0.06166666666666667
11 0.844375 0.36750000000000005 0.02875 0.06166666666666667
11 0.81875 0.3591666666666667 0.035 0.055
11 0.785625 0.33416666666666667 0.03125 0.05166666666666667
11 0.733125 0.3691666666666667 0.04625 0.03833333333333334
11 0.6225 0.4033333333333334 0.025 0.060000000000000005
11 0.750625 0.3141666666666667 0.05375 0.035
11 0.7575000000000001 0.2783333333333334 0.04 0.04
11 0.80625 0.3041666666666667 0.05 0.04833333333333334
11 0.8150000000000001 0.26083333333333336 0.045 0.05166666666666667
11 0.80375 0.21083333333333334 0.0425 0.035
11 0.7075 0.24916666666666668 0.05 0.04166666666666667
11 0.73625 0.21666666666666667 0.03 0.04
11 0.755 0.18583333333333335 0.03 0.045000000000000005
11 0.7175 0.18500000000000003 0.0425 0.05666666666666667
11 0.6525 0.060833333333333336 0.04 0.035
11 0.6125 0.060833333333333336 0.0375 0.04166666666666667
11 0.57875 0.03333333333333333 0.05 0.043333333333333335
11 0.3675 0.0425 0.04 0.04833333333333334
24 0.40750000000000003 0.050833333333333335 0.035 0.065
24 0.558125 0.7025 0.05625 0.08833333333333333
24 0.709375 0.6891666666666667 0.043750000000000004 0.07166666666666667
24 0.42562500000000003 0.5700000000000001 0.04625 0.07
