19 0.36562500000000003 0.03166666666666667 0.03875 0.05666666666666667
19 0.4175 0.2816666666666667 0.0475 0.06333333333333334
26 0.5425 0.022500000000000003 0.035 0.03166666666666667
26 0.5375 0.10666666666666667 0.0325 0.03333333333333333
26 0.501875 0.10666666666666667 0.03625 0.03333333333333333
26 0.520625 0.11833333333333335 0.02875 0.02666666666666667
26 0.5337500000000001 0.14083333333333334 0.0325 0.021666666666666667
26 0.53625 0.16416666666666668 0.02 0.04166666666666667
26 0.47375 0.2025 0.03 0.025
26 0.328125 0.21000000000000002 0.02625 0.03666666666666667
26 0.375625 0.0975 0.03125 0.035
18 0.46125 0.22083333333333335 0.035 0.04166666666666667
18 0.538125 0.3241666666666667 0.03375 0.035
18 0.34625 0.23500000000000001 0.0275 0.04
18 0.29125 0.26083333333333336 0.025 0.04166666666666667
18 0.268125 0.25333333333333335 0.02625 0.043333333333333335
18 0.31 0.28250000000000003 0.0375 0.04833333333333334
18 0.335625 0.36000000000000004 0.03625 0.03666666666666667
18 0.2775 0.3116666666666667 0.03 0.04666666666666667
18 0.288125 0.3725 0.02625 0.03833333333333334
18 0.24875 0.4033333333333334 0.0325 0.030000000000000002
18 0.29375 0.4366666666666667 0.0275 0.04
18 0.275625 0.41000000000000003 0.02375 0.04
26 0.503125 0.28750000000000003 0.02375 0.03833333333333334
26 0.5025000000000001 0.32916666666666666 0.0175 0.04833333333333334
26 0.215 0.325 0.0275 0.043333333333333335
26 0.53 0.47000000000000003 0.0275 0.05
26 0.521875 0.5241666666666667 0.02875 0.04833333333333334
19 0.36875 0.44333333333333336 0.0425 0.07
19 0.34625 0.45 0.045 0.07666666666666667
18 0.336875 0.5216666666666667 0.03375 0.043333333333333335
26 0.33375 0.5633333333333334 0.0325 0.03666666666666667
26 0.28125 0.6391666666666667 0.0275 0.04166666666666667
26 0.275 0.5883333333333334 0.0225 0.043333333333333335
26 0.33187500000000003 0.7641666666666667 0.02125 0.05166666666666667
26 0.375625 0.7866666666666667 0.02625 0.05333333333333334
26 0.39625 0.6883333333333334 0.0225 0.04666666666666667
18 0.411875 0.7916666666666667 0.03125 0.043333333333333335
18 0.42125 0.7016666666666667 0.025 0.03666666666666667
18 0.49312500000000004 0.8983333333333334 0.03375 0.043333333333333335
26 0.540625 0.8475 0.02375 0.03833333333333334
26 0.520625 0.8183333333333334 0.02875 0.030000000000000002
26 0.5225 0.795 0.0275 0.04
19 0.495 0.795 0.0525 0.06666666666666667
19 0.528125 0.7483333333333334 0.058750000000000004 0.06333333333333334
26 0.4275 0.6050000000000001 0.03 0.030000000000000002
27 0.436875 0.6316666666666667 0.058750000000000004 0.05333333333333334
26 0.695625 0.8775000000000001 0.02375 0.04166666666666667
26 0.661875 0.8233333333333334 0.02875 0.043333333333333335
26 0.83375 0.6816666666666668 0.02 0.043333333333333335
19 0.663125 0.7375 0.04125 0.06833333333333334
19 0.595 0.7158333333333334 0.04 0.045000000000000005
18 0.595625 0.7733333333333334 0.02625 0.03333333333333333
18 0.563125 0.7058333333333334 0.02875 0.04166666666666667
26 0.5543750000000001 0.6158333333333333 0.03625 0.03166666666666667
26 0.8356250000000001 0.5633333333333334 0.02625 0.030000000000000002
26 0.6375000000000001 0.5825 0.0275 0.04166666666666667
19 0.694375 0.5841666666666667 0.04125 0.05166666666666667
26 0.6118750000000001 0.5800000000000001 0.02375 0.04666666666666667
11 0.693125 0.5466666666666667 0.04875 0.043333333333333335
11 0.735625 0.40750000000000003 0.04625 0.058333333333333334
27 0.655 0.335 0.04 0.07
19 0.786875 0.41250000000000003 0.05375 0.065
19 0.69375 0.41583333333333333 0.04 0.06833333333333334
18 0.6 0.44833333333333336 0.04 0.03333333333333333
21 0.633125 0.3725 0.06125 0.06166666666666667
26 0.610625 0.12916666666666668 0.03875 0.03833333333333334
26 0.66125 0.16583333333333333 0.0325 0.035
26 0.6675 0.12083333333333333 0.0275 0.055
26 0.716875 0.1 0.03875 0.03666666666666667
