19 0.37 0.0275 0.0475 0.04833333333333334
19 0.43062500000000004 0.14500000000000002 0.03875 0.06333333333333334
19 0.429375 0.19583333333333336 0.058750000000000004 0.06166666666666667
19 0.42 0.40166666666666667 0.06 0.06333333333333334
26 0.255 0.3125 0.04 0.04166666666666667
26 0.505 0.41000000000000003 0.0325 0.04
26 0.251875 0.46 0.04625 0.03333333333333333
26 0.2425 0.5416666666666667 0.045 0.04666666666666667
26 0.5231250000000001 0.4633333333333334 0.03625 0.02666666666666667
26 0.57625 0.5558333333333334 0.025 0.035
26 0.7000000000000001 0.5325000000000001 0.0275 0.045000000000000005
26 0.671875 0.46 0.03125 0.05
23 0.509375 0.3441666666666667 0.04125 0.058333333333333334
24 0.44875 0.7208333333333333 0.06 0.07500000000000001
20 0.230625 0.655 0.03375 0.04666666666666667
20 0.41125 0.2225 0.03 0.06833333333333334
