30 0.330625 0.46166666666666667 0.043750000000000004 0.06333333333333334
30 0.251875 0.4916666666666667 0.03875 0.060000000000000005
30 0.29875 0.5058333333333334 0.035 0.06166666666666667
30 0.365 0.515 0.045 0.05
30 0.186875 0.6033333333333334 0.04125 0.05666666666666667
30 0.36875 0.6033333333333334 0.0425 0.06666666666666667
30 0.463125 0.6175 0.04625 0.055
30 0.284375 0.6758333333333334 0.03875 0.055
30 0.31875000000000003 0.6566666666666667 0.0425 0.04
19 0.37125 0.7183333333333334 0.0575 0.09333333333333334
