22 0.244375 0.20833333333333334 0.01375 0.04
20 0.68125 0.2016666666666667 0.0275 0.03666666666666667
23 0.663125 0.24500000000000002 0.04125 0.07
23 0.631875 0.3125 0.04125 0.058333333333333334
23 0.735 0.24916666666666668 0.045 0.045000000000000005
23 0.696875 0.2916666666666667 0.03625 0.05
23 0.80875 0.3408333333333334 0.035 0.04166666666666667
23 0.77 0.305 0.04 0.05
19 0.723125 0.30833333333333335 0.03875 0.04
24 0.819375 0.39916666666666667 0.04125 0.065
24 0.69625 0.3458333333333334 0.0425 0.055
23 0.645 0.37000000000000005 0.05 0.05666666666666667
23 0.68875 0.4041666666666667 0.0425 0.06166666666666667
23 0.73 0.43333333333333335 0.0325 0.05666666666666667
