15 0.107821 0.388692 0.110688 0.176730
15 0.409497 0.352304 0.111183 0.142077
15 0.533526 0.339021 0.113159 0.099338
15 0.191332 0.656097 0.110688 0.110891
15 0.582694 0.838891 0.140339 0.172688
15 0.780104 0.718183 0.109203 0.103379
17 0.399121 0.738398 0.107230 0.113776
17 0.408912 0.058247 0.087709 0.088556
17 0.194577 0.251002 0.092241 0.070749
18 0.205078 0.163649 0.076181 0.078931
15 0.228550 0.311644 0.121475 0.056311
17 0.249345 0.203598 0.086477 0.059680
17 0.663603 0.062817 0.076592 0.108290
