23 0.28250000000000003 0.21000000000000002 0.06 0.05666666666666667
19 0.29375 0.32333333333333336 0.0475 0.06666666666666667
19 0.35000000000000003 0.32 0.055 0.08333333333333334
19 0.4025 0.33166666666666667 0.0525 0.07333333333333333
19 0.43062500000000004 0.3066666666666667 0.043750000000000004 0.06333333333333334
19 0.478125 0.3016666666666667 0.051250000000000004 0.07666666666666667
19 0.5225 0.28750000000000003 0.055 0.06166666666666667
19 0.538125 0.22833333333333336 0.05375 0.07666666666666667
19 0.316875 0.41000000000000003 0.05625 0.06333333333333334
19 0.55375 0.4341666666666667 0.06 0.065
19 0.5625 0.5966666666666667 0.0325 0.06333333333333334
19 0.530625 0.6058333333333333 0.04875 0.07833333333333334
19 0.629375 0.7441666666666668 0.05625 0.06166666666666667
19 0.645625 0.5766666666666667 0.04125 0.06333333333333334
24 0.6687500000000001 0.42250000000000004 0.0575 0.08166666666666667
23 0.6575 0.28750000000000003 0.0525 0.04833333333333334
23 0.7262500000000001 0.16166666666666668 0.05 0.07666666666666667
23 0.370625 0.5325000000000001 0.04875 0.06833333333333334
23 0.3225 0.8433333333333334 0.055 0.05666666666666667
23 0.3075 0.4566666666666667 0.04 0.060000000000000005
