19 0.5575 0.1366666666666667 0.0425 0.07666666666666667
19 0.7000000000000001 0.315 0.0425 0.04666666666666667
19 0.728125 0.33 0.04625 0.05333333333333334
19 0.75 0.32583333333333336 0.035 0.07166666666666667
19 0.735 0.3925 0.05 0.04833333333333334
19 0.688125 0.43250000000000005 0.051250000000000004 0.04833333333333334
19 0.6325000000000001 0.4866666666666667 0.0375 0.06333333333333334
19 0.71125 0.47250000000000003 0.0275 0.058333333333333334
19 0.7418750000000001 0.53 0.05375 0.06666666666666667
23 0.755 0.4591666666666667 0.0425 0.05166666666666667
23 0.658125 0.5225000000000001 0.03625 0.055
23 0.80375 0.4916666666666667 0.04 0.05666666666666667
23 0.533125 0.5766666666666667 0.043750000000000004 0.07333333333333333
