11 0.2575 0.4058333333333334 0.065 0.06833333333333334
11 0.37625000000000003 0.3116666666666667 0.065 0.08666666666666667
11 0.42 0.4216666666666667 0.08 0.07
11 0.5525 0.375 0.06 0.07
11 0.59 0.4141666666666667 0.0725 0.065
11 0.448125 0.5916666666666667 0.07375 0.07
11 0.566875 0.6466666666666667 0.07625 0.06666666666666667
11 0.314375 0.7241666666666667 0.06625 0.058333333333333334
11 0.49562500000000004 0.7250000000000001 0.07125000000000001 0.08
11 0.439375 0.8641666666666667 0.04625 0.08833333333333333
11 0.49125 0.9008333333333334 0.0425 0.085
11 0.7212500000000001 0.9691666666666667 0.0625 0.058333333333333334
