11 0.29625 0.38 0.0475 0.08666666666666667
11 0.28125 0.42250000000000004 0.06 0.06833333333333334
11 0.2025 0.38333333333333336 0.0425 0.07
11 0.33875 0.5825 0.045 0.07166666666666667
11 0.37125 0.6075 0.03 0.06833333333333334
11 0.401875 0.6516666666666667 0.03875 0.08333333333333334
11 0.438125 0.5633333333333334 0.051250000000000004 0.07666666666666667
11 0.489375 0.5141666666666667 0.06125 0.07166666666666667
11 0.4875 0.5775 0.035 0.06833333333333334
18 0.51125 0.6266666666666667 0.0175 0.05666666666666667
11 0.49875 0.625 0.0575 0.060000000000000005
11 0.48562500000000003 0.7591666666666668 0.04875 0.07500000000000001
11 0.34375 0.6591666666666667 0.06 0.04166666666666667
11 0.325 0.7041666666666667 0.0575 0.05166666666666667
11 0.37625000000000003 0.7275 0.04 0.08833333333333333
11 0.34500000000000003 0.7641666666666667 0.035 0.07500000000000001
11 0.305625 0.7608333333333334 0.03875 0.08166666666666667
11 0.10625 0.7158333333333334 0.055 0.065
11 0.354375 0.8391666666666667 0.06625 0.07833333333333334
11 0.40750000000000003 0.8525 0.0375 0.08833333333333333
11 0.4575 0.9025000000000001 0.0625 0.065
11 0.400625 0.9133333333333334 0.04875 0.07
11 0.670625 0.895 0.058750000000000004 0.05666666666666667
11 0.6725 0.9433333333333334 0.055 0.06666666666666667
11 0.629375 0.9341666666666667 0.04125 0.058333333333333334
11 0.66125 0.8008333333333334 0.045 0.07166666666666667
11 0.58875 0.8550000000000001 0.05 0.07333333333333333
11 0.555625 0.8116666666666668 0.043750000000000004 0.08333333333333334
11 0.52 0.8283333333333334 0.03 0.08
11 0.5493750000000001 0.7541666666666668 0.051250000000000004 0.07500000000000001
11 0.595 0.7091666666666667 0.0525 0.095
11 0.52 0.6783333333333333 0.065 0.05333333333333334
11 0.58125 0.645 0.06 0.05666666666666667
11 0.5906250000000001 0.5075000000000001 0.05375 0.06833333333333334
11 0.7000000000000001 0.25833333333333336 0.0625 0.06666666666666667
11 0.630625 0.22666666666666668 0.04625 0.07
11 0.54625 0.27166666666666667 0.0625 0.07333333333333333
11 0.606875 0.18583333333333335 0.05625 0.055
11 0.5125 0.10583333333333333 0.06 0.058333333333333334
11 0.8075 0.7116666666666667 0.05 0.07666666666666667
18 0.83625 0.18250000000000002 0.0375 0.03833333333333334
11 0.480625 0.8258333333333334 0.05375 0.07500000000000001
