1 0.470501 0.025335 0.052723 0.050669
1 0.339967 0.332492 0.083931 0.100000
1 0.564457 0.354398 0.066816 0.060000
1 0.486639 0.382970 0.069262 0.096191
1 0.534308 0.501542 0.083112 0.060953
1 0.709499 0.431064 0.070078 0.085715
1 0.659387 0.272968 0.069262 0.040000
1 0.686276 0.224874 0.054594 0.065711
1 0.865265 0.068469 0.062219 0.044780
1 0.972837 0.074591 0.038970 0.072339
1 0.594776 0.026484 0.038640 0.052968
1 0.623428 0.020551 0.033075 0.041102
1 0.669602 0.021124 0.055344 0.042248
1 0.410903 0.178123 0.054684 0.060473
1 0.321176 0.262326 0.064513 0.076548
1 0.207218 0.045311 0.049449 0.067363
1 0.238654 0.119180 0.076299 0.086501
1 0.307913 0.118223 0.064840 0.050138
1 0.276967 0.062152 0.048792 0.055115
1 0.289085 0.016150 0.054031 0.032299
1 0.333948 0.027705 0.045518 0.052819
1 0.337386 0.080715 0.062876 0.059327
1 0.390272 0.085691 0.037003 0.076933
1 0.446105 0.078801 0.072042 0.059327
1 0.420563 0.027706 0.054360 0.044398
1 0.245731 0.804272 0.084199 0.069840
1 0.351660 0.743159 0.059754 0.079363
1 0.178506 0.962850 0.046175 0.074300
1 0.557748 0.889192 0.067224 0.057141
1 0.617165 0.865382 0.067905 0.084129
1 0.761120 0.966819 0.061114 0.066362
1 0.572007 0.604271 0.078089 0.065078
1 0.022708 0.503478 0.045415 0.071430
2 0.586936 0.094955 0.035839 0.048498
0 0.423164 0.591732 0.117339 0.142859
1 0.506687 0.037466 0.049776 0.066981
1 0.823512 0.022348 0.042898 0.032917
1 0.861007 0.030002 0.036679 0.036744
