7 0.415625 0.2775 0.06375 0.14833333333333334
7 0.48812500000000003 0.2366666666666667 0.07375 0.12333333333333334
7 0.244375 0.22833333333333336 0.08375 0.12000000000000001
7 0.33375 0.3275 0.0975 0.085
7 0.39687500000000003 0.4141666666666667 0.09875 0.11166666666666668
7 0.481875 0.49333333333333335 0.10875 0.09333333333333334
7 0.28 0.42833333333333334 0.0525 0.15333333333333335
7 0.339375 0.615 0.05375 0.13333333333333333
7 0.386875 0.6908333333333334 0.08125 0.10833333333333334
7 0.384375 0.6075 0.07125000000000001 0.12833333333333335
20 0.31 0.6525000000000001 0.0325 0.06833333333333334
20 0.435625 0.4716666666666667 0.04625 0.04
20 0.50125 0.3766666666666667 0.0475 0.05333333333333334
20 0.6125 0.155 0.045 0.05666666666666667
19 0.5925 0.8441666666666667 0.0475 0.06833333333333334
20 0.5181250000000001 0.8258333333333334 0.02875 0.04166666666666667
