11 0.306875 0.22166666666666668 0.02625 0.043333333333333335
11 0.299375 0.265 0.03125 0.05333333333333334
11 0.400625 0.305 0.02875 0.060000000000000005
11 0.4325 0.34500000000000003 0.0425 0.04
11 0.38875 0.3875 0.04 0.06166666666666667
11 0.455625 0.165 0.03125 0.030000000000000002
11 0.47500000000000003 0.18250000000000002 0.0325 0.045000000000000005
11 0.524375 0.17583333333333334 0.02125 0.05166666666666667
11 0.5575 0.18166666666666667 0.0375 0.043333333333333335
11 0.23 0.48833333333333334 0.0375 0.030000000000000002
11 0.265 0.49000000000000005 0.0325 0.03666666666666667
11 0.321875 0.5441666666666667 0.03625 0.03833333333333334
11 0.43875000000000003 0.49333333333333335 0.03 0.04666666666666667
11 0.398125 0.6425000000000001 0.03125 0.03833333333333334
11 0.446875 0.6283333333333334 0.03625 0.04
11 0.4425 0.6583333333333333 0.045 0.03666666666666667
11 0.250625 0.6725000000000001 0.03125 0.04166666666666667
11 0.30875 0.7725000000000001 0.04 0.03166666666666667
11 0.3875 0.8450000000000001 0.035 0.03666666666666667
11 0.565625 0.8308333333333334 0.03625 0.03166666666666667
11 0.59375 0.8058333333333334 0.0225 0.04166666666666667
11 0.664375 0.7366666666666667 0.03375 0.043333333333333335
11 0.74 0.6841666666666667 0.025 0.04833333333333334
11 0.758125 0.6383333333333334 0.02625 0.04666666666666667
11 0.728125 0.5283333333333333 0.02875 0.05333333333333334
11 0.7775 0.545 0.0275 0.043333333333333335
11 0.721875 0.42500000000000004 0.02875 0.05333333333333334
11 0.7262500000000001 0.3616666666666667 0.0325 0.05666666666666667
11 0.5625 0.43250000000000005 0.05 0.035
19 0.594375 0.32583333333333336 0.03875 0.04166666666666667
18 0.618125 0.21666666666666667 0.02375 0.02666666666666667
18 0.6125 0.22916666666666669 0.0225 0.028333333333333335
18 0.62125 0.2808333333333333 0.0225 0.035
18 0.6375000000000001 0.33 0.025 0.030000000000000002
18 0.623125 0.4716666666666667 0.02375 0.03333333333333333
18 0.6375000000000001 0.4766666666666667 0.025 0.030000000000000002
18 0.65625 0.5700000000000001 0.02 0.03666666666666667
18 0.676875 0.5641666666666667 0.02375 0.04166666666666667
18 0.68125 0.6625000000000001 0.02 0.025
18 0.56 0.6033333333333334 0.025 0.04
18 0.586875 0.6766666666666667 0.02625 0.02666666666666667
18 0.600625 0.7375 0.02375 0.03166666666666667
18 0.64875 0.7666666666666667 0.0225 0.030000000000000002
18 0.61875 0.78 0.0225 0.03333333333333333
18 0.579375 0.7616666666666667 0.02125 0.030000000000000002
18 0.560625 0.7725000000000001 0.02125 0.028333333333333335
18 0.51875 0.7683333333333334 0.0225 0.030000000000000002
18 0.54625 0.7358333333333333 0.02 0.025
18 0.538125 0.7108333333333334 0.02625 0.035
18 0.49312500000000004 0.7241666666666667 0.02375 0.028333333333333335
18 0.445625 0.7825000000000001 0.02875 0.03166666666666667
19 0.515 0.8216666666666668 0.0475 0.03666666666666667
18 0.35375 0.8066666666666668 0.0225 0.030000000000000002
18 0.38375000000000004 0.8108333333333334 0.02 0.025
18 0.414375 0.7041666666666667 0.01875 0.03166666666666667
18 0.36375 0.6491666666666667 0.02 0.03166666666666667
18 0.240625 0.6416666666666667 0.02125 0.023333333333333334
18 0.261875 0.66 0.02625 0.030000000000000002
18 0.2325 0.6000000000000001 0.025 0.03666666666666667
18 0.22312500000000002 0.5650000000000001 0.01875 0.03333333333333333
18 0.358125 0.5175000000000001 0.02125 0.035
18 0.378125 0.5258333333333334 0.02625 0.035
19 0.28375 0.6291666666666667 0.0325 0.05166666666666667
18 0.305 0.48750000000000004 0.025 0.03166666666666667
18 0.28625 0.4516666666666667 0.0275 0.030000000000000002
18 0.328125 0.37000000000000005 0.01875 0.030000000000000002
18 0.26 0.3441666666666667 0.03 0.035
18 0.44625000000000004 0.19166666666666668 0.025 0.02
18 0.503125 0.19666666666666668 0.02375 0.03666666666666667
18 0.505625 0.16666666666666669 0.02125 0.030000000000000002
18 0.35000000000000003 0.16416666666666668 0.03 0.018333333333333333
18 0.579375 0.3591666666666667 0.02375 0.035
