18 0.34 0.2783333333333334 0.025 0.04
18 0.36312500000000003 0.2791666666666667 0.02875 0.04833333333333334
18 0.378125 0.2808333333333333 0.02875 0.028333333333333335
18 0.446875 0.42250000000000004 0.03125 0.045000000000000005
18 0.448125 0.45583333333333337 0.02375 0.03833333333333334
18 0.505625 0.33416666666666667 0.03125 0.045000000000000005
18 0.22625 0.6958333333333334 0.0375 0.04166666666666667
18 0.444375 0.8400000000000001 0.03125 0.04
18 0.67875 0.3816666666666667 0.0225 0.043333333333333335
18 0.831875 0.42250000000000004 0.02375 0.04833333333333334
18 0.678125 0.5225000000000001 0.02875 0.058333333333333334
18 0.390625 0.25333333333333335 0.02125 0.043333333333333335
11 0.65625 0.7491666666666668 0.06 0.07166666666666667
18 0.548125 0.09166666666666667 0.02375 0.03666666666666667
18 0.296875 0.31333333333333335 0.03375 0.03666666666666667
