2 0.378521 0.914881 0.046613 0.037331
2 0.451844 0.909211 0.035497 0.054342
2 0.446826 0.969609 0.047687 0.060783
1 0.636320 0.967011 0.051632 0.065979
1 0.603872 0.375714 0.074938 0.083638
1 0.495051 0.232770 0.039439 0.093567
1 0.305018 0.844237 0.053066 0.052926
1 0.392862 0.980478 0.070993 0.039043
1 0.380852 0.947489 0.061314 0.038276
9 0.592219 0.828644 0.027966 0.063321
1 0.534653 0.917586 0.056196 0.063808
1 0.539067 0.794818 0.065401 0.085627
1 0.412999 0.790567 0.045608 0.073717
1 0.264557 0.583310 0.040444 0.085623
1 0.211851 0.521503 0.034851 0.090162
9 0.607637 0.505427 0.048764 0.033076
9 0.558695 0.535668 0.031911 0.065208
9 0.296952 0.263486 0.037648 0.059537
9 0.300357 0.351141 0.043024 0.060012
2 0.674506 0.917481 0.044104 0.068043
9 0.259302 0.484870 0.046970 0.083642
9 0.227928 0.613638 0.053066 0.042531
9 0.267012 0.719013 0.038008 0.051036
9 0.247649 0.660654 0.042307 0.050561
9 0.265936 0.870700 0.035137 0.037802
9 0.281533 0.916301 0.043384 0.052452
9 0.168588 0.891255 0.044101 0.044891
2 0.344278 0.228517 0.053423 0.068992
2 0.391967 0.450374 0.039799 0.061902
2 0.292289 0.694442 0.043384 0.051977
2 0.213767 0.703893 0.036931 0.065208
2 0.223627 0.878025 0.043744 0.063792
2 0.302867 0.887003 0.034422 0.055287
2 0.559770 0.874717 0.048404 0.045836
0 0.127492 0.636528 0.055656 0.070463
9 0.624488 0.807380 0.036574 0.054816
9 0.612118 0.878495 0.049841 0.031661
9 0.621800 0.921499 0.039082 0.038276
9 0.520150 0.975279 0.035140 0.049442
13 0.262171 0.787060 0.073504 0.109628
13 0.329400 0.947873 0.056652 0.104255
13 0.719863 0.246475 0.102547 0.107738
