21 0.0575 0.21000000000000002 0.05 0.1
24 0.279375 0.445 0.058750000000000004 0.05666666666666667
24 0.2 0.5141666666666667 0.0575 0.08166666666666667
23 0.264375 0.5558333333333334 0.04625 0.045000000000000005
24 0.193125 0.4491666666666667 0.051250000000000004 0.065
23 0.135 0.5900000000000001 0.05 0.06666666666666667
18 0.19375 0.6025 0.0375 0.055
18 0.085625 0.48250000000000004 0.03375 0.058333333333333334
24 0.330625 0.5975 0.05375 0.08833333333333333
21 0.30062500000000003 0.6566666666666667 0.07125000000000001 0.07333333333333333
19 0.180625 0.6758333333333334 0.04625 0.065
31 0.095 0.6808333333333334 0.015 0.055
18 0.18937500000000002 0.7166666666666667 0.02625 0.043333333333333335
18 0.234375 0.7741666666666667 0.02875 0.045000000000000005
18 0.12 0.8075000000000001 0.0275 0.05166666666666667
18 0.32625 0.6991666666666667 0.04 0.035
24 0.374375 0.7033333333333334 0.043750000000000004 0.05666666666666667
24 0.365 0.805 0.0625 0.06666666666666667
21 0.33437500000000003 0.88 0.06375 0.09000000000000001
21 0.425 0.8791666666666668 0.08 0.065
23 0.421875 0.8325 0.03375 0.065
19 0.645 0.8958333333333334 0.0425 0.085
19 0.5125 0.8825000000000001 0.0375 0.07833333333333334
24 0.545625 0.9083333333333334 0.05375 0.07
24 0.673125 0.7925000000000001 0.07375 0.05166666666666667
21 0.64625 0.6641666666666667 0.065 0.07500000000000001
21 0.71125 0.6408333333333334 0.065 0.08833333333333333
24 0.698125 0.7216666666666667 0.058750000000000004 0.07
21 0.581875 0.6858333333333334 0.06375 0.09833333333333334
21 0.634375 0.5991666666666667 0.07125000000000001 0.065
18 0.563125 0.5583333333333333 0.03125 0.05
23 0.613125 0.5108333333333334 0.06375 0.08833333333333333
18 0.66 0.43500000000000005 0.05 0.07666666666666667
19 0.52 0.3983333333333334 0.0625 0.09333333333333334
18 0.658125 0.36000000000000004 0.03625 0.03666666666666667
21 0.744375 0.38 0.06375 0.09333333333333334
21 0.743125 0.28500000000000003 0.058750000000000004 0.1
21 0.551875 0.23500000000000001 0.08375 0.08
20 0.683125 0.07250000000000001 0.03875 0.045000000000000005
24 0.879375 0.24333333333333335 0.05625 0.08333333333333334
18 0.914375 0.37083333333333335 0.03375 0.058333333333333334
24 0.8 0.3775 0.0425 0.09833333333333334
21 0.8456250000000001 0.3775 0.06125 0.115
21 0.875 0.44083333333333335 0.045 0.10166666666666667
18 0.7875 0.4566666666666667 0.04 0.05333333333333334
24 0.59 0.8575 0.0675 0.07500000000000001
24 0.411875 0.125 0.06125 0.06666666666666667
21 0.47000000000000003 0.07916666666666668 0.07 0.095
