0 0.382174 0.881300 0.076560 0.068472
0 0.223467 0.924378 0.048618 0.085420
0 0.584189 0.599311 0.070410 0.071418
0 0.696513 0.684717 0.067058 0.062582
0 0.701821 0.611458 0.062030 0.061847
0 0.821969 0.425553 0.062030 0.081726
0 0.545351 0.661526 0.048618 0.100132
0 0.379938 0.727420 0.068736 0.065528
0 0.323776 0.673673 0.078236 0.080253
0 0.302821 0.588635 0.075442 0.067736
0 0.373512 0.575382 0.054764 0.082464
0 0.434983 0.611827 0.069294 0.069947
0 0.420453 0.536727 0.044706 0.062582
0 0.298630 0.524580 0.064824 0.054482
10 0.610207 0.242046 0.105282 0.156382
0 0.566586 0.476354 0.074324 0.071418
0 0.581115 0.369596 0.065382 0.071418
0 0.721380 0.168228 0.053088 0.076572
0 0.664939 0.875410 0.057558 0.084669
