7 0.204371 0.716230 0.088662 0.180135
7 0.318307 0.659089 0.150806 0.065853
7 0.210255 0.545198 0.088298 0.186068
7 0.455442 0.736566 0.075403 0.172390
7 0.566891 0.886197 0.120977 0.161735
7 0.518003 0.682817 0.066290 0.177232
7 0.803873 0.396148 0.154121 0.093940
7 0.607493 0.282352 0.137551 0.063918
7 0.527118 0.372905 0.058002 0.177232
7 0.595062 0.431497 0.072919 0.180135
7 0.267059 0.274674 0.157274 0.083288
7 0.378796 0.370968 0.064631 0.188854
7 0.346064 0.457161 0.067118 0.171419
7 0.676267 0.153061 0.159094 0.078447
7 0.362286 0.084238 0.165251 0.081353
7 0.429754 0.202454 0.063803 0.155922
7 0.522974 0.146766 0.058005 0.158829
7 0.335294 0.175336 0.141693 0.061011
7 0.437213 0.522534 0.058833 0.156890
5 0.195190 0.092419 0.084248 0.137388
5 0.504214 0.066926 0.052947 0.115206
5 0.699354 0.066537 0.078920 0.109756
5 0.685833 0.739114 0.104152 0.095500
10 0.541114 0.555509 0.078257 0.122405
8 0.714029 0.379298 0.037401 0.115678
7 0.324178 0.029247 0.157669 0.058494
