19 0.261875 0.31583333333333335 0.03375 0.05166666666666667
19 0.5375 0.3408333333333334 0.03 0.045000000000000005
19 0.39125 0.5533333333333333 0.05 0.05
19 0.35625 0.5775 0.035 0.05166666666666667
19 0.24625 0.7158333333333334 0.0325 0.04833333333333334
19 0.426875 0.7025 0.043750000000000004 0.045000000000000005
24 0.3925 0.8516666666666667 0.0325 0.06666666666666667
24 0.571875 0.6775 0.03625 0.04833333333333334
24 0.5525 0.6041666666666667 0.0375 0.05166666666666667
24 0.74375 0.6408333333333334 0.0375 0.04166666666666667
24 0.649375 0.5158333333333334 0.03625 0.04833333333333334
24 0.6531250000000001 0.4575 0.03625 0.04166666666666667
24 0.769375 0.4841666666666667 0.03125 0.07166666666666667
24 0.631875 0.3666666666666667 0.03625 0.04
24 0.61125 0.41000000000000003 0.0325 0.03666666666666667
24 0.728125 0.2891666666666667 0.03375 0.05166666666666667
11 0.58125 0.4441666666666667 0.0275 0.058333333333333334
11 0.711875 0.44583333333333336 0.03375 0.05166666666666667
11 0.711875 0.5141666666666667 0.03375 0.04833333333333334
11 0.664375 0.8150000000000001 0.03625 0.03666666666666667
11 0.5906250000000001 0.8775000000000001 0.03375 0.035
11 0.5750000000000001 0.8558333333333333 0.0325 0.03166666666666667
11 0.324375 0.5091666666666667 0.02875 0.058333333333333334
27 0.424375 0.5900000000000001 0.04875 0.043333333333333335
27 0.57875 0.5691666666666667 0.035 0.055
18 0.21125 0.36333333333333334 0.02 0.02666666666666667
18 0.181875 0.4525 0.01875 0.025
18 0.299375 0.5483333333333333 0.02375 0.030000000000000002
18 0.19625 0.6425000000000001 0.0225 0.035
18 0.311875 0.7100000000000001 0.01875 0.03666666666666667
18 0.374375 0.6741666666666667 0.02625 0.028333333333333335
18 0.359375 0.7425 0.02125 0.025
18 0.348125 0.7633333333333334 0.02375 0.02666666666666667
18 0.26687500000000003 0.7675000000000001 0.02625 0.028333333333333335
18 0.278125 0.8 0.02375 0.02666666666666667
18 0.324375 0.8266666666666668 0.01875 0.030000000000000002
18 0.323125 0.7858333333333334 0.02125 0.035
18 0.42875 0.8133333333333334 0.0225 0.023333333333333334
18 0.451875 0.79 0.02125 0.030000000000000002
18 0.43062500000000004 0.7625000000000001 0.02625 0.03166666666666667
18 0.431875 0.7375 0.02375 0.03166666666666667
18 0.416875 0.8833333333333334 0.02375 0.030000000000000002
18 0.44875 0.8858333333333334 0.02 0.028333333333333335
18 0.49875 0.89 0.02 0.030000000000000002
18 0.56125 0.7808333333333334 0.015 0.028333333333333335
18 0.563125 0.7191666666666667 0.01875 0.028333333333333335
18 0.56375 0.7408333333333333 0.02 0.025
18 0.625625 0.6183333333333334 0.02375 0.02666666666666667
18 0.6687500000000001 0.7083333333333334 0.0225 0.030000000000000002
18 0.719375 0.6216666666666667 0.02375 0.030000000000000002
18 0.745625 0.5741666666666667 0.01875 0.028333333333333335
18 0.7468750000000001 0.5991666666666667 0.02375 0.025
18 0.571875 0.505 0.03375 0.04
18 0.681875 0.5333333333333333 0.02125 0.03666666666666667
18 0.680625 0.49250000000000005 0.02375 0.035
18 0.694375 0.47250000000000003 0.02375 0.03166666666666667
18 0.74125 0.43083333333333335 0.02 0.03166666666666667
18 0.7262500000000001 0.4425 0.025 0.03166666666666667
18 0.658125 0.33416666666666667 0.02375 0.025
18 0.566875 0.2 0.02625 0.03666666666666667
18 0.419375 0.13833333333333334 0.02875 0.03333333333333333
18 0.6675 0.7791666666666667 0.0225 0.03166666666666667
19 0.3675 0.8075000000000001 0.03 0.045000000000000005
18 0.225625 0.7116666666666667 0.02125 0.03333333333333333
18 0.20500000000000002 0.675 0.0175 0.016666666666666666
24 0.7518750000000001 0.6766666666666667 0.04125 0.06333333333333334
