18 0.30062500000000003 0.18000000000000002 0.043750000000000004 0.060000000000000005
30 0.21875 0.45083333333333336 0.045 0.065
30 0.463125 0.4425 0.05625 0.065
26 0.383125 0.5983333333333334 0.03125 0.05666666666666667
18 0.42 0.15916666666666668 0.04 0.06166666666666667
18 0.565625 0.12000000000000001 0.03125 0.05666666666666667
30 0.665 0.22666666666666668 0.045 0.07333333333333333
18 0.681875 0.12916666666666668 0.03375 0.055
18 0.631875 0.23750000000000002 0.03625 0.045000000000000005
30 0.654375 0.2833333333333333 0.043750000000000004 0.04
