27 0.30312500000000003 0.3741666666666667 0.03875 0.07166666666666667
27 0.515625 0.3141666666666667 0.05375 0.05166666666666667
27 0.55125 0.43333333333333335 0.0475 0.05666666666666667
27 0.586875 0.5066666666666667 0.03625 0.08333333333333334
27 0.2475 0.8033333333333333 0.05 0.04666666666666667
27 0.43062500000000004 0.68 0.03875 0.06666666666666667
27 0.46125 0.8608333333333333 0.0525 0.06166666666666667
27 0.614375 0.6525000000000001 0.051250000000000004 0.065
27 0.6950000000000001 0.6633333333333333 0.055 0.06333333333333334
27 0.78625 0.7350000000000001 0.0425 0.07333333333333333
27 0.788125 0.4741666666666667 0.05375 0.05166666666666667
27 0.691875 0.4716666666666667 0.03375 0.07333333333333333
27 0.678125 0.4025 0.05375 0.05166666666666667
27 0.714375 0.37583333333333335 0.051250000000000004 0.05166666666666667
26 0.37 0.17583333333333334 0.0225 0.03833333333333334
26 0.38625 0.165 0.0275 0.04
26 0.3425 0.3325 0.0275 0.045000000000000005
26 0.31375000000000003 0.315 0.03 0.03666666666666667
26 0.30062500000000003 0.33166666666666667 0.02625 0.02666666666666667
18 0.2425 0.2341666666666667 0.025 0.04166666666666667
18 0.21875 0.3141666666666667 0.025 0.03833333333333334
18 0.44 0.24500000000000002 0.0275 0.043333333333333335
18 0.565625 0.35750000000000004 0.01875 0.04166666666666667
18 0.49125 0.39416666666666667 0.0225 0.04166666666666667
18 0.49375 0.2866666666666667 0.03 0.03333333333333333
18 0.146875 0.5408333333333334 0.02375 0.04166666666666667
18 0.17500000000000002 0.5375000000000001 0.03 0.03833333333333334
18 0.385625 0.6316666666666667 0.02625 0.04
18 0.30062500000000003 0.42500000000000004 0.02125 0.04
26 0.370625 0.42250000000000004 0.03875 0.028333333333333335
26 0.49312500000000004 0.5125000000000001 0.02625 0.055
18 0.52875 0.5508333333333334 0.0275 0.04166666666666667
26 0.504375 0.5916666666666667 0.03125 0.04
26 0.2975 0.6225 0.0275 0.03833333333333334
26 0.3175 0.6166666666666667 0.0325 0.04666666666666667
26 0.39937500000000004 0.6858333333333334 0.02875 0.04166666666666667
26 0.343125 0.78 0.02875 0.04666666666666667
19 0.39125 0.7400000000000001 0.0525 0.08333333333333334
18 0.40375 0.8400000000000001 0.0275 0.03666666666666667
19 0.67875 0.8216666666666668 0.045 0.05333333333333334
18 0.620625 0.5708333333333334 0.03125 0.04833333333333334
18 0.7106250000000001 0.5325000000000001 0.02875 0.04166666666666667
18 0.74875 0.27083333333333337 0.035 0.03166666666666667
18 0.59125 0.3983333333333334 0.035 0.043333333333333335
26 0.614375 0.4216666666666667 0.03125 0.043333333333333335
18 0.625625 0.21250000000000002 0.03125 0.04833333333333334
26 0.734375 0.17583333333333334 0.03375 0.035
