18 0.0975 0.35833333333333334 0.03 0.05333333333333334
18 0.200625 0.4416666666666667 0.04125 0.05333333333333334
18 0.294375 0.8666666666666667 0.03125 0.043333333333333335
18 0.4025 0.9825 0.04 0.03166666666666667
18 0.7000000000000001 0.9700000000000001 0.0375 0.043333333333333335
18 0.676875 0.8200000000000001 0.02125 0.05333333333333334
18 0.83625 0.6425000000000001 0.04 0.05166666666666667
18 0.685 0.30250000000000005 0.03 0.055
20 0.51375 0.4266666666666667 0.0475 0.05333333333333334
24 0.185625 0.55 0.06375 0.1
21 0.196875 0.7058333333333334 0.06125 0.08833333333333333
21 0.25375000000000003 0.7183333333333334 0.0725 0.1
21 0.35875 0.8983333333333334 0.0825 0.09333333333333334
20 0.33187500000000003 0.9433333333333334 0.058750000000000004 0.05
19 0.48125 0.8966666666666667 0.06 0.09000000000000001
21 0.541875 0.9616666666666668 0.07875 0.07333333333333333
21 0.65125 0.915 0.08 0.07
21 0.639375 0.8716666666666667 0.08125 0.09333333333333334
21 0.631875 0.7908333333333334 0.08625000000000001 0.10166666666666667
24 0.53625 0.8483333333333334 0.0825 0.08
19 0.5437500000000001 0.7391666666666667 0.055 0.08833333333333333
19 0.545 0.6633333333333333 0.0525 0.08
24 0.595 0.7008333333333334 0.0425 0.085
24 0.509375 0.5666666666666667 0.05625 0.09333333333333334
19 0.585 0.255 0.0475 0.07
25 0.666875 0.2366666666666667 0.07125000000000001 0.08
21 0.70875 0.17750000000000002 0.06 0.07833333333333334
24 0.6725 0.10583333333333333 0.0675 0.11166666666666668
21 0.77625 0.2725 0.0575 0.09166666666666667
21 0.739375 0.33166666666666667 0.06125 0.09000000000000001
20 0.70375 0.6516666666666667 0.0425 0.05
19 0.954375 0.20750000000000002 0.04875 0.08833333333333333
24 0.920625 0.775 0.058750000000000004 0.08666666666666667
25 0.76875 0.7266666666666667 0.07 0.08666666666666667
