11 0.28375 0.19833333333333333 0.0325 0.04
11 0.23 0.28500000000000003 0.0275 0.043333333333333335
11 0.41500000000000004 0.27666666666666667 0.0375 0.04666666666666667
11 0.513125 0.325 0.043750000000000004 0.03666666666666667
11 0.203125 0.49583333333333335 0.02875 0.035
11 0.174375 0.49750000000000005 0.02375 0.03833333333333334
11 0.525 0.5241666666666667 0.0325 0.05166666666666667
11 0.620625 0.4541666666666667 0.03875 0.04833333333333334
11 0.595 0.6108333333333333 0.0275 0.06833333333333334
11 0.701875 0.43833333333333335 0.03125 0.05333333333333334
11 0.7368750000000001 0.4425 0.03375 0.058333333333333334
11 0.6975 0.33666666666666667 0.0325 0.04666666666666667
27 0.6637500000000001 0.305 0.035 0.04666666666666667
27 0.635 0.5291666666666667 0.0225 0.06166666666666667
27 0.468125 0.5066666666666667 0.04125 0.03666666666666667
27 0.445625 0.6025 0.04125 0.03166666666666667
11 0.28 0.79 0.035 0.04666666666666667
27 0.23375 0.37000000000000005 0.03 0.05666666666666667
25 0.406875 0.3441666666666667 0.043750000000000004 0.065
18 0.425 0.2391666666666667 0.025 0.03166666666666667
18 0.5325 0.24416666666666667 0.0275 0.035
18 0.59375 0.20500000000000002 0.0225 0.04
18 0.61 0.2016666666666667 0.02 0.03333333333333333
18 0.254375 0.44 0.01875 0.043333333333333335
18 0.273125 0.4991666666666667 0.02125 0.03166666666666667
18 0.178125 0.455 0.02625 0.02666666666666667
18 0.34875 0.6025 0.03 0.04166666666666667
18 0.31375000000000003 0.6241666666666668 0.025 0.025
18 0.30125 0.6825 0.02 0.028333333333333335
18 0.33375 0.6866666666666668 0.0225 0.030000000000000002
18 0.23375 0.7083333333333334 0.0225 0.030000000000000002
18 0.251875 0.7325 0.02625 0.03166666666666667
18 0.42375 0.7266666666666667 0.025 0.02
18 0.525625 0.675 0.02375 0.02666666666666667
18 0.530625 0.7058333333333334 0.02625 0.035
18 0.5575 0.7266666666666667 0.0225 0.02666666666666667
18 0.535625 0.7475 0.02125 0.025
18 0.503125 0.7766666666666667 0.02125 0.03333333333333333
18 0.455625 0.7725000000000001 0.01875 0.03166666666666667
18 0.445625 0.8775000000000001 0.02125 0.021666666666666667
18 0.46875 0.8891666666666668 0.0225 0.021666666666666667
18 0.3925 0.8725 0.02 0.025
18 0.39687500000000003 0.8283333333333334 0.02375 0.02
18 0.409375 0.8500000000000001 0.01875 0.02
18 0.558125 0.8875000000000001 0.02375 0.021666666666666667
18 0.675 0.7925000000000001 0.02 0.025
18 0.66125 0.8225 0.0175 0.021666666666666667
18 0.6793750000000001 0.7375 0.01875 0.025
18 0.70125 0.7675000000000001 0.02 0.028333333333333335
18 0.668125 0.6941666666666667 0.02625 0.03166666666666667
18 0.733125 0.6525000000000001 0.02375 0.028333333333333335
18 0.5725 0.5750000000000001 0.0225 0.030000000000000002
18 0.6275000000000001 0.7375 0.0225 0.025
19 0.698125 0.7200000000000001 0.04125 0.03333333333333333
19 0.5906250000000001 0.7516666666666667 0.03625 0.06666666666666667
19 0.5475 0.8383333333333334 0.055 0.03666666666666667
19 0.626875 0.5641666666666667 0.03625 0.04833333333333334
19 0.379375 0.5375000000000001 0.02625 0.05166666666666667
19 0.2575 0.6266666666666667 0.035 0.05333333333333334
19 0.7106250000000001 0.26416666666666666 0.03375 0.035
18 0.67875 0.25083333333333335 0.0225 0.03833333333333334
18 0.6218750000000001 0.34500000000000003 0.02375 0.030000000000000002
18 0.711875 0.38583333333333336 0.02375 0.035
18 0.469375 0.5475 0.01375 0.035
19 0.41125 0.5816666666666667 0.0375 0.04666666666666667
