7 0.617400 0.514358 0.080408 0.187123
7 0.191598 0.768268 0.110293 0.257817
7 0.472597 0.860749 0.155123 0.096471
7 0.527389 0.782572 0.061195 0.159680
7 0.881035 0.304362 0.093928 0.159680
7 0.543396 0.698572 0.059060 0.167999
7 0.364438 0.913559 0.079695 0.158847
7 0.269444 0.547625 0.083252 0.175482
7 0.347006 0.539307 0.067600 0.182135
7 0.448760 0.537645 0.078982 0.183801
7 0.391478 0.736415 0.065465 0.173820
7 0.284388 0.360915 0.066175 0.176315
7 0.560475 0.058201 0.110293 0.116402
15 0.664364 0.313510 0.110296 0.141382
