30 0.35000000000000003 0.14583333333333334 0.04 0.06166666666666667
30 0.20375000000000001 0.4441666666666667 0.0325 0.055
30 0.32875 0.5575 0.0525 0.06166666666666667
30 0.595625 0.36000000000000004 0.04625 0.060000000000000005
20 0.483125 0.09000000000000001 0.05375 0.060000000000000005
18 0.439375 0.10250000000000001 0.043750000000000004 0.058333333333333334
18 0.165 0.7075 0.0425 0.055
18 0.61875 0.02416666666666667 0.0475 0.03833333333333334
19 0.776875 0.29083333333333333 0.05375 0.08833333333333333
18 0.21625 0.36333333333333334 0.0425 0.05
