5 0.692919 0.683105 0.105005 0.077006
5 0.581738 0.822681 0.076181 0.113583
5 0.504116 0.647490 0.065885 0.126097
5 0.665537 0.460267 0.081531 0.143423
5 0.564237 0.152725 0.113654 0.078931
5 0.586556 0.699276 0.084416 0.100109
5 0.146275 0.703319 0.105415 0.074118
5 0.247758 0.765722 0.089770 0.068956
5 0.412084 0.856852 0.092652 0.073158
11 0.771159 0.567788 0.127983 0.105115
11 0.413500 0.455629 0.079063 0.109156
4 0.521471 0.314131 0.084497 0.144965
4 0.337647 0.283230 0.074616 0.118974
4 0.399910 0.773279 0.088453 0.080280
1 0.363573 0.937381 0.056334 0.077206
