26 0.171875 0.3891666666666667 0.03625 0.03833333333333334
26 0.121875 0.3491666666666667 0.02625 0.05166666666666667
26 0.058750000000000004 0.48750000000000004 0.0275 0.058333333333333334
26 0.116875 0.6816666666666668 0.02125 0.05
13 0.193125 0.7141666666666667 0.06625 0.07833333333333334
13 0.15687500000000001 0.7841666666666667 0.06625 0.09166666666666667
26 0.366875 0.9558333333333334 0.04125 0.045000000000000005
26 0.49312500000000004 0.8666666666666667 0.03875 0.05333333333333334
26 0.514375 0.8166666666666668 0.04125 0.04
28 0.545 0.6241666666666668 0.075 0.09833333333333334
26 0.313125 0.5775 0.04625 0.04166666666666667
