9 0.774452 0.614462 0.043024 0.061794
6 0.538590 0.930324 0.064344 0.052090
9 0.619794 0.842229 0.036048 0.042387
9 0.798678 0.400484 0.049616 0.038300
9 0.817283 0.459979 0.041862 0.073539
12 0.817669 0.857876 0.053018 0.038103
12 0.826801 0.673883 0.026130 0.067850
12 0.749936 0.716831 0.021056 0.066179
12 0.791793 0.701623 0.038306 0.030414
12 0.764649 0.834814 0.043886 0.026071
12 0.775939 0.757273 0.042618 0.033423
12 0.717719 0.846345 0.045410 0.028411
12 0.684741 0.919207 0.031202 0.049133
12 0.710108 0.906339 0.030696 0.048129
12 0.701230 0.816432 0.045408 0.028743
12 0.646561 0.933913 0.027398 0.051805
12 0.652269 0.883946 0.027650 0.035428
12 0.663685 0.851358 0.031710 0.024398
12 0.621447 0.867067 0.025874 0.043115
12 0.497017 0.776323 0.042366 0.031418
12 0.535577 0.859213 0.022578 0.044788
12 0.563862 0.851860 0.022832 0.038103
12 0.582507 0.819273 0.037798 0.023062
12 0.552573 0.799051 0.030694 0.034762
12 0.626268 0.706805 0.025368 0.035428
12 0.687912 0.630306 0.026648 0.073065
12 0.699707 0.660514 0.026130 0.061165
12 0.720611 0.684244 0.022830 0.068182
12 0.736720 0.643801 0.032724 0.064841
12 0.732788 0.595673 0.047692 0.045455
12 0.706912 0.590493 0.028412 0.047125
12 0.789612 0.565057 0.056824 0.031752
12 0.769571 0.385943 0.019278 0.059159
12 0.705390 0.343329 0.029936 0.062169
12 0.731684 0.744199 0.035516 0.026738
12 0.646383 0.711473 0.038686 0.029802
