11 0.56875 0.3466666666666667 0.0325 0.06666666666666667
18 0.29125 0.24250000000000002 0.0275 0.04166666666666667
18 0.351875 0.3041666666666667 0.01625 0.04166666666666667
18 0.37 0.4058333333333334 0.025 0.03833333333333334
18 0.280625 0.3825 0.02875 0.045000000000000005
18 0.26687500000000003 0.56 0.03375 0.04
18 0.318125 0.5541666666666667 0.03375 0.028333333333333335
18 0.43375 0.6333333333333334 0.02 0.04666666666666667
18 0.385625 0.47500000000000003 0.03375 0.04666666666666667
18 0.49375 0.33916666666666667 0.0325 0.035
11 0.850625 0.655 0.03875 0.060000000000000005
18 0.45437500000000003 0.7466666666666667 0.02875 0.03666666666666667
20 0.405 0.5016666666666667 0.025 0.043333333333333335
