18 0.336875 0.17916666666666667 0.02375 0.028333333333333335
18 0.408125 0.24416666666666667 0.02625 0.03833333333333334
18 0.479375 0.04916666666666667 0.03125 0.04166666666666667
18 0.315625 0.052500000000000005 0.02625 0.028333333333333335
18 0.239375 0.2541666666666667 0.02375 0.035
18 0.290625 0.2833333333333333 0.03125 0.03666666666666667
18 0.308125 0.325 0.02875 0.043333333333333335
18 0.34875 0.2783333333333334 0.03 0.04
18 0.32375 0.2566666666666667 0.0325 0.05
18 0.34 0.20916666666666667 0.0275 0.035
18 0.42125 0.2066666666666667 0.03 0.043333333333333335
18 0.210625 0.37833333333333335 0.03375 0.03666666666666667
18 0.28 0.3891666666666667 0.0325 0.03833333333333334
18 0.285625 0.43000000000000005 0.02375 0.04
18 0.256875 0.43500000000000005 0.02625 0.04
18 0.255 0.4066666666666667 0.025 0.030000000000000002
18 0.22625 0.45 0.0375 0.04
18 0.29 0.4733333333333334 0.0275 0.02666666666666667
18 0.25375000000000003 0.49083333333333334 0.02 0.025
18 0.276875 0.5158333333333334 0.02875 0.04166666666666667
18 0.245625 0.5116666666666667 0.02625 0.030000000000000002
18 0.16875 0.4575 0.03 0.035
18 0.465 0.4575 0.0375 0.04166666666666667
18 0.3725 0.49583333333333335 0.0375 0.03833333333333334
18 0.344375 0.5025000000000001 0.03375 0.03833333333333334
18 0.43875000000000003 0.5316666666666667 0.03 0.03333333333333333
18 0.27375 0.5441666666666667 0.03 0.035
18 0.20750000000000002 0.545 0.03 0.03666666666666667
18 0.185625 0.5875 0.03125 0.03166666666666667
18 0.236875 0.6025 0.02875 0.03833333333333334
18 0.29125 0.6008333333333333 0.0325 0.045000000000000005
18 0.279375 0.5783333333333334 0.03125 0.05
18 0.296875 0.5425 0.03125 0.045000000000000005
18 0.315 0.5700000000000001 0.03 0.03666666666666667
18 0.358125 0.5800000000000001 0.02875 0.02666666666666667
18 0.356875 0.6133333333333334 0.02875 0.04666666666666667
18 0.326875 0.6358333333333334 0.03125 0.04166666666666667
18 0.376875 0.6291666666666667 0.02875 0.045000000000000005
18 0.4 0.6358333333333334 0.0225 0.04166666666666667
18 0.344375 0.6608333333333334 0.03125 0.03833333333333334
18 0.3225 0.6616666666666667 0.03 0.02666666666666667
18 0.326875 0.6925 0.03125 0.035
18 0.283125 0.7000000000000001 0.03875 0.043333333333333335
18 0.32625 0.7325 0.0275 0.035
18 0.325 0.7616666666666667 0.04 0.04666666666666667
18 0.346875 0.785 0.03375 0.04
18 0.31625000000000003 0.8375 0.0275 0.035
18 0.39375 0.7383333333333334 0.0325 0.04
18 0.4225 0.7525000000000001 0.02 0.035
18 0.4 0.7958333333333334 0.0375 0.03833333333333334
18 0.45687500000000003 0.8650000000000001 0.02375 0.030000000000000002
18 0.460625 0.895 0.03375 0.03333333333333333
18 0.509375 0.8816666666666667 0.02875 0.03333333333333333
18 0.5493750000000001 0.9041666666666667 0.03875 0.035
18 0.5925 0.8433333333333334 0.03 0.030000000000000002
18 0.5925 0.7591666666666668 0.0225 0.035
18 0.673125 0.7883333333333333 0.03125 0.043333333333333335
18 0.629375 0.7108333333333334 0.02875 0.035
18 0.73 0.6991666666666667 0.03 0.045000000000000005
18 0.6168750000000001 0.6908333333333334 0.03375 0.04833333333333334
18 0.603125 0.6666666666666667 0.02875 0.04
18 0.599375 0.5850000000000001 0.03875 0.04
18 0.576875 0.5558333333333334 0.03125 0.045000000000000005
18 0.599375 0.5491666666666667 0.03375 0.045000000000000005
18 0.5575 0.5025000000000001 0.04 0.04166666666666667
18 0.56 0.4633333333333334 0.035 0.05333333333333334
18 0.594375 0.4041666666666667 0.03375 0.035
18 0.7025 0.36750000000000005 0.03 0.03833333333333334
18 0.6843750000000001 0.23750000000000002 0.03125 0.035
18 0.785 0.26083333333333336 0.0375 0.045000000000000005
18 0.610625 0.14083333333333334 0.02625 0.035
20 0.584375 0.02666666666666667 0.02875 0.05
20 0.251875 0.12250000000000001 0.03875 0.045000000000000005
20 0.335625 0.42583333333333334 0.04125 0.04833333333333334
20 0.1775 0.48333333333333334 0.0275 0.03666666666666667
20 0.141875 0.4033333333333334 0.03375 0.043333333333333335
20 0.26 0.4733333333333334 0.045 0.04666666666666667
20 0.418125 0.5708333333333334 0.043750000000000004 0.065
20 0.53625 0.5316666666666667 0.035 0.05666666666666667
20 0.40875 0.7125 0.0425 0.055
20 0.57625 0.6991666666666667 0.04 0.04833333333333334
20 0.763125 0.3766666666666667 0.03625 0.05333333333333334
20 0.6925 0.52 0.0425 0.04
24 0.499375 0.1391666666666667 0.04625 0.065
19 0.23375 0.29250000000000004 0.0525 0.065
19 0.379375 0.5316666666666667 0.051250000000000004 0.06666666666666667
19 0.7825 0.7558333333333334 0.035 0.058333333333333334
24 0.659375 0.7491666666666668 0.058750000000000004 0.07833333333333334
27 0.7781250000000001 0.6758333333333334 0.05625 0.06166666666666667
27 0.613125 0.7966666666666667 0.04125 0.06666666666666667
27 0.5593750000000001 0.7758333333333334 0.04625 0.058333333333333334
25 0.581875 0.7966666666666667 0.06625 0.07
20 0.201875 0.64 0.03625 0.04666666666666667
23 0.19625 0.6091666666666667 0.0375 0.04166666666666667
