30 0.33 0.0975 0.055 0.055
30 0.35625 0.13833333333333334 0.05 0.05666666666666667
30 0.26 0.32666666666666666 0.0425 0.07666666666666667
30 0.3575 0.30833333333333335 0.04 0.05333333333333334
18 0.32625 0.4066666666666667 0.035 0.060000000000000005
18 0.3 0.3458333333333334 0.0375 0.045000000000000005
20 0.375 0.36083333333333334 0.055 0.07166666666666667
19 0.3325 0.7816666666666667 0.04 0.08333333333333334
30 0.6793750000000001 0.2525 0.043750000000000004 0.06166666666666667
18 0.6225 0.35250000000000004 0.0325 0.04166666666666667
