19 0.429375 0.3458333333333334 0.06625 0.07166666666666667
19 0.519375 0.32833333333333337 0.06125 0.07666666666666667
20 0.6587500000000001 0.07833333333333334 0.05 0.05666666666666667
20 0.606875 0.10083333333333334 0.03875 0.06166666666666667
20 0.563125 0.12583333333333335 0.04125 0.055
20 0.51 0.09166666666666667 0.0425 0.06333333333333334
20 0.465625 0.07166666666666667 0.04125 0.05666666666666667
20 0.47250000000000003 0.17250000000000001 0.045 0.058333333333333334
20 0.584375 0.21416666666666667 0.03875 0.06833333333333334
20 0.5962500000000001 0.26916666666666667 0.0475 0.065
20 0.5181250000000001 0.2366666666666667 0.03125 0.06333333333333334
30 0.56125 0.27666666666666667 0.0425 0.060000000000000005
20 0.49 0.29750000000000004 0.0375 0.04166666666666667
20 0.4525 0.24833333333333335 0.04 0.06333333333333334
20 0.431875 0.19 0.04125 0.05666666666666667
20 0.431875 0.11583333333333334 0.04875 0.055
20 0.38875 0.12250000000000001 0.04 0.055
20 0.2775 0.02666666666666667 0.0375 0.043333333333333335
20 0.37 0.07666666666666667 0.045 0.04666666666666667
20 0.311875 0.16083333333333336 0.03875 0.058333333333333334
20 0.3425 0.19083333333333335 0.0525 0.07500000000000001
20 0.305 0.2316666666666667 0.0475 0.05666666666666667
20 0.15812500000000002 0.30333333333333334 0.043750000000000004 0.043333333333333335
20 0.2025 0.2941666666666667 0.045 0.055
20 0.24625 0.3225 0.0475 0.06166666666666667
20 0.263125 0.27 0.03875 0.05666666666666667
20 0.3125 0.3066666666666667 0.0425 0.060000000000000005
23 0.29625 0.29833333333333334 0.05 0.06666666666666667
20 0.384375 0.335 0.04625 0.06666666666666667
20 0.26375 0.36583333333333334 0.05 0.05166666666666667
20 0.29812500000000003 0.3491666666666667 0.04125 0.045000000000000005
20 0.32625 0.4 0.0475 0.05666666666666667
20 0.389375 0.43083333333333335 0.03875 0.065
20 0.255625 0.41250000000000003 0.04625 0.06166666666666667
20 0.286875 0.45 0.04125 0.05666666666666667
20 0.29812500000000003 0.49250000000000005 0.05375 0.065
20 0.39375 0.5091666666666667 0.0375 0.065
20 0.365 0.5225000000000001 0.0375 0.055
20 0.225 0.5041666666666667 0.035 0.04833333333333334
20 0.23625000000000002 0.5458333333333334 0.04 0.06166666666666667
20 0.27625 0.545 0.0375 0.060000000000000005
20 0.325 0.5516666666666667 0.0425 0.06666666666666667
20 0.295625 0.5708333333333334 0.03625 0.058333333333333334
20 0.1325 0.6375000000000001 0.035 0.065
20 0.1975 0.6066666666666667 0.0325 0.06333333333333334
20 0.21625 0.6058333333333333 0.035 0.055
20 0.240625 0.63 0.03875 0.06333333333333334
20 0.276875 0.6433333333333334 0.043750000000000004 0.06666666666666667
20 0.315 0.6666666666666667 0.0475 0.06666666666666667
20 0.388125 0.6633333333333333 0.03875 0.04666666666666667
20 0.42625 0.6900000000000001 0.0475 0.05
20 0.379375 0.7050000000000001 0.03875 0.060000000000000005
20 0.40750000000000003 0.7433333333333334 0.045 0.07666666666666667
20 0.41875 0.5691666666666667 0.0475 0.045000000000000005
19 0.5775 0.6408333333333334 0.0575 0.07833333333333334
19 0.3425 0.7433333333333334 0.07 0.06333333333333334
19 0.288125 0.8233333333333334 0.06125 0.06666666666666667
19 0.435 0.8933333333333334 0.0525 0.08666666666666667
18 0.17250000000000001 0.5775 0.0325 0.04833333333333334
19 0.211875 0.6841666666666667 0.06125 0.07166666666666667
20 0.243125 0.75 0.043750000000000004 0.06666666666666667
20 0.2025 0.745 0.04 0.05333333333333334
20 0.27187500000000003 0.7416666666666667 0.03875 0.06666666666666667
20 0.293125 0.7250000000000001 0.04625 0.07
19 0.36062500000000003 0.7883333333333333 0.058750000000000004 0.06333333333333334
20 0.24375 0.8033333333333333 0.0425 0.06333333333333334
20 0.243125 0.8508333333333334 0.043750000000000004 0.04166666666666667
20 0.27125 0.8616666666666667 0.0375 0.05333333333333334
20 0.341875 0.8358333333333334 0.04625 0.045000000000000005
20 0.3725 0.8433333333333334 0.0375 0.06666666666666667
20 0.39875 0.8925000000000001 0.035 0.058333333333333334
20 0.355 0.9075000000000001 0.04 0.045000000000000005
20 0.304375 0.9541666666666667 0.03875 0.05166666666666667
30 0.34625 0.8700000000000001 0.05 0.06333333333333334
23 0.279375 0.9658333333333334 0.04875 0.065
20 0.473125 0.9416666666666668 0.03875 0.043333333333333335
20 0.39375 0.8300000000000001 0.03 0.043333333333333335
20 0.404375 0.8291666666666667 0.04625 0.065
20 0.43875000000000003 0.8216666666666668 0.0375 0.05333333333333334
20 0.464375 0.8416666666666667 0.051250000000000004 0.060000000000000005
20 0.515625 0.8300000000000001 0.06375 0.05666666666666667
20 0.48 0.8841666666666668 0.0625 0.05166666666666667
20 0.524375 0.9308333333333334 0.04125 0.058333333333333334
20 0.6275000000000001 0.9325000000000001 0.05 0.058333333333333334
20 0.6743750000000001 0.8625 0.03375 0.058333333333333334
20 0.63625 0.8700000000000001 0.0425 0.05666666666666667
20 0.619375 0.8916666666666667 0.06125 0.06666666666666667
18 0.905 0.6891666666666667 0.035 0.04833333333333334
20 0.8143750000000001 0.4941666666666667 0.03875 0.058333333333333334
20 0.96375 0.3841666666666667 0.0375 0.06166666666666667
20 0.81875 0.3225 0.0275 0.06833333333333334
20 0.71375 0.22 0.04 0.060000000000000005
