1 0.905220 0.808121 0.059787 0.065807
1 0.764142 0.968008 0.052825 0.063984
14 0.679088 0.132921 0.057330 0.040892
14 0.704109 0.058514 0.044637 0.048883
14 0.815455 0.971967 0.039926 0.038386
14 0.900769 0.968245 0.030372 0.059926
14 0.819209 0.898132 0.050848 0.041912
14 0.789177 0.936715 0.044708 0.028984
14 0.862889 0.942981 0.026962 0.049352
14 0.826887 0.934756 0.038222 0.034469
14 0.648067 0.938478 0.027982 0.033293
14 0.657791 0.981953 0.030372 0.035644
14 0.540912 0.945526 0.030030 0.039562
14 0.431879 0.942002 0.023548 0.053662
14 0.833030 0.652149 0.049142 0.027029
1 0.754197 0.595745 0.058696 0.056012
