20 0.42 0.04833333333333334 0.0575 0.060000000000000005
20 0.505 0.08 0.055 0.05666666666666667
20 0.415625 0.07916666666666668 0.02875 0.05166666666666667
20 0.44875 0.09666666666666668 0.045 0.04
20 0.43062500000000004 0.13416666666666668 0.03625 0.065
20 0.380625 0.10916666666666668 0.043750000000000004 0.04166666666666667
20 0.40125 0.13833333333333334 0.04 0.043333333333333335
20 0.44375000000000003 0.18583333333333335 0.025 0.055
19 0.46625 0.18166666666666667 0.0375 0.07333333333333333
23 0.413125 0.17250000000000001 0.043750000000000004 0.065
20 0.324375 0.11333333333333334 0.02625 0.05333333333333334
20 0.380625 0.18583333333333335 0.03625 0.055
20 0.489375 0.2725 0.051250000000000004 0.058333333333333334
20 0.470625 0.23083333333333333 0.03125 0.058333333333333334
20 0.5325 0.3416666666666667 0.04 0.05
20 0.431875 0.2325 0.03125 0.05166666666666667
20 0.27625 0.19583333333333336 0.04 0.035
20 0.26125 0.23 0.0325 0.05
20 0.243125 0.2016666666666667 0.03375 0.04
20 0.20500000000000002 0.24583333333333335 0.045 0.04833333333333334
20 0.24125 0.2541666666666667 0.045 0.06166666666666667
20 0.209375 0.31 0.051250000000000004 0.060000000000000005
20 0.238125 0.30250000000000005 0.05375 0.06833333333333334
20 0.27625 0.32666666666666666 0.0375 0.04
20 0.408125 0.29833333333333334 0.02875 0.05333333333333334
20 0.376875 0.3566666666666667 0.03625 0.05666666666666667
20 0.148125 0.4166666666666667 0.04125 0.060000000000000005
20 0.225 0.3891666666666667 0.0475 0.07500000000000001
20 0.56 0.5141666666666667 0.045 0.04833333333333334
20 0.389375 0.44833333333333336 0.04875 0.043333333333333335
20 0.304375 0.47000000000000003 0.04625 0.05
20 0.340625 0.5008333333333334 0.04625 0.06166666666666667
20 0.209375 0.4516666666666667 0.04125 0.04666666666666667
20 0.134375 0.5558333333333334 0.043750000000000004 0.065
20 0.175625 0.545 0.03875 0.05666666666666667
20 0.205625 0.5083333333333334 0.04125 0.060000000000000005
20 0.243125 0.4916666666666667 0.03875 0.04
20 0.23875000000000002 0.5333333333333333 0.0525 0.05333333333333334
20 0.175625 0.6116666666666667 0.043750000000000004 0.04
20 0.2175 0.5908333333333333 0.0425 0.06833333333333334
20 0.22062500000000002 0.6225 0.03875 0.03833333333333334
20 0.245 0.5816666666666667 0.0475 0.06333333333333334
20 0.28875 0.5916666666666667 0.045 0.03666666666666667
20 0.319375 0.6058333333333333 0.03125 0.065
20 0.215625 0.6908333333333334 0.043750000000000004 0.06166666666666667
20 0.246875 0.6866666666666668 0.03625 0.04
20 0.2625 0.7275 0.07 0.06166666666666667
20 0.29 0.7141666666666667 0.0425 0.04166666666666667
20 0.306875 0.6866666666666668 0.04875 0.05333333333333334
20 0.22625 0.7425 0.035 0.04166666666666667
20 0.26687500000000003 0.8225 0.02875 0.05166666666666667
20 0.281875 0.8941666666666668 0.04875 0.07500000000000001
20 0.349375 0.9375000000000001 0.04625 0.05166666666666667
20 0.32125 0.9083333333333334 0.0325 0.06333333333333334
20 0.386875 0.7883333333333333 0.04875 0.06666666666666667
20 0.3975 0.8233333333333334 0.05 0.06666666666666667
20 0.46 0.7283333333333334 0.0575 0.07333333333333333
20 0.47500000000000003 0.7716666666666667 0.0375 0.060000000000000005
20 0.45 0.8108333333333334 0.0475 0.058333333333333334
20 0.429375 0.9483333333333334 0.04875 0.060000000000000005
20 0.521875 0.9708333333333334 0.04875 0.055
19 0.4225 0.9 0.0625 0.07
23 0.27625 0.7875000000000001 0.0575 0.07833333333333334
19 0.545 0.8691666666666668 0.06 0.07166666666666667
19 0.68375 0.7316666666666667 0.0475 0.07666666666666667
20 0.60375 0.9783333333333334 0.05 0.04
20 0.595625 0.9241666666666667 0.051250000000000004 0.06833333333333334
20 0.649375 0.7216666666666667 0.04125 0.060000000000000005
20 0.87125 0.7025 0.045 0.06833333333333334
20 0.755625 0.6058333333333333 0.07125000000000001 0.06833333333333334
20 0.638125 0.41250000000000003 0.03375 0.065
20 0.6075 0.43083333333333335 0.045 0.07833333333333334
20 0.588125 0.2541666666666667 0.051250000000000004 0.05166666666666667
20 0.5725 0.1 0.045 0.04666666666666667
20 0.6175 0.12083333333333333 0.05 0.05166666666666667
20 0.64625 0.1716666666666667 0.0525 0.07
19 0.533125 0.22916666666666669 0.04875 0.07166666666666667
23 0.64625 0.9325000000000001 0.0625 0.06833333333333334
