11 0.178125 0.10333333333333335 0.05375 0.060000000000000005
11 0.253125 0.31583333333333335 0.05375 0.06833333333333334
11 0.26875 0.3891666666666667 0.05 0.08166666666666667
11 0.44125000000000003 0.3541666666666667 0.0525 0.09166666666666667
11 0.528125 0.28750000000000003 0.058750000000000004 0.095
11 0.5856250000000001 0.315 0.04625 0.07666666666666667
11 0.84375 0.27416666666666667 0.0525 0.07166666666666667
11 0.965 0.32833333333333337 0.04 0.06333333333333334
11 0.75 0.5166666666666667 0.0425 0.08
11 0.434375 0.545 0.06125 0.08333333333333334
11 0.7837500000000001 0.7291666666666667 0.0575 0.07500000000000001
11 0.698125 0.7258333333333333 0.06375 0.07833333333333334
11 0.10250000000000001 0.76 0.06 0.08
11 0.2925 0.5900000000000001 0.05 0.08333333333333334
11 0.368125 0.5783333333333334 0.07125000000000001 0.08333333333333334
11 0.416875 0.6616666666666667 0.06625 0.06333333333333334
11 0.44 0.7733333333333334 0.055 0.08333333333333334
11 0.370625 0.7691666666666667 0.06625 0.08833333333333333
11 0.315625 0.8416666666666667 0.07875 0.060000000000000005
11 0.281875 0.7533333333333334 0.04875 0.09000000000000001
11 0.20750000000000002 0.7908333333333334 0.0675 0.07166666666666667
18 0.23875000000000002 0.41000000000000003 0.035 0.05333333333333334
18 0.640625 0.095 0.04125 0.04666666666666667
