18 0.289375 0.1716666666666667 0.03125 0.030000000000000002
18 0.3925 0.29583333333333334 0.025 0.04833333333333334
18 0.326875 0.3383333333333334 0.02125 0.043333333333333335
18 0.370625 0.44083333333333335 0.02875 0.045000000000000005
18 0.178125 0.3433333333333334 0.03375 0.04
18 0.194375 0.46 0.02875 0.043333333333333335
18 0.34125 0.08 0.035 0.04
18 0.54125 0.18416666666666667 0.025 0.045000000000000005
18 0.3325 0.7108333333333334 0.03 0.028333333333333335
18 0.28750000000000003 0.7050000000000001 0.0275 0.04
11 0.63 0.8975000000000001 0.0525 0.05166666666666667
11 0.6900000000000001 0.8041666666666667 0.0525 0.04166666666666667
11 0.606875 0.6008333333333333 0.04875 0.058333333333333334
11 0.641875 0.5166666666666667 0.04625 0.06333333333333334
11 0.613125 0.29583333333333334 0.05625 0.04833333333333334
11 0.600625 0.2516666666666667 0.05625 0.05666666666666667
11 0.639375 0.17250000000000001 0.04625 0.05166666666666667
