24 0.39375 0.1525 0.0475 0.058333333333333334
24 0.555625 0.36083333333333334 0.04625 0.06833333333333334
24 0.29125 0.6083333333333334 0.0525 0.06666666666666667
18 0.250625 0.5575 0.02875 0.035
20 0.3575 0.6333333333333334 0.0325 0.043333333333333335
24 0.403125 0.7908333333333334 0.03875 0.058333333333333334
24 0.50375 0.6858333333333334 0.0425 0.065
24 0.5925 0.6808333333333334 0.0425 0.055
24 0.5975 0.7300000000000001 0.045 0.060000000000000005
24 0.63875 0.7300000000000001 0.0375 0.060000000000000005
28 0.70375 0.7100000000000001 0.0375 0.06333333333333334
24 0.658125 0.6391666666666667 0.04875 0.058333333333333334
24 0.775 0.6483333333333334 0.045 0.05666666666666667
24 0.71375 0.5983333333333334 0.04 0.05
24 0.6775 0.5966666666666667 0.0475 0.05
24 0.65 0.4841666666666667 0.0375 0.06166666666666667
24 0.690625 0.49250000000000005 0.043750000000000004 0.06166666666666667
24 0.716875 0.4425 0.04875 0.058333333333333334
24 0.75 0.4083333333333334 0.0325 0.06333333333333334
24 0.6375000000000001 0.23583333333333334 0.0475 0.05166666666666667
