18 0.36 0.2275 0.04 0.055
18 0.28125 0.4941666666666667 0.0425 0.05166666666666667
18 0.524375 0.9041666666666667 0.03625 0.05166666666666667
18 0.6725 0.5333333333333333 0.0425 0.04666666666666667
11 0.346875 0.1675 0.058750000000000004 0.08166666666666667
11 0.49312500000000004 0.1366666666666667 0.04125 0.08
11 0.39687500000000003 0.275 0.05625 0.07666666666666667
11 0.443125 0.23333333333333334 0.05625 0.06333333333333334
11 0.5 0.2275 0.07 0.07166666666666667
11 0.465 0.3066666666666667 0.0625 0.07666666666666667
11 0.69125 0.20833333333333334 0.05 0.09000000000000001
11 0.95125 0.34 0.0475 0.06333333333333334
11 0.608125 0.3225 0.04875 0.08166666666666667
11 0.61875 0.39583333333333337 0.05 0.09833333333333334
11 0.553125 0.4 0.04625 0.09333333333333334
11 0.615625 0.49000000000000005 0.05375 0.09666666666666668
11 0.289375 0.39083333333333337 0.06625 0.06166666666666667
11 0.37375 0.385 0.0675 0.06666666666666667
11 0.146875 0.6900000000000001 0.058750000000000004 0.06333333333333334
11 0.231875 0.6775 0.05375 0.07833333333333334
11 0.245 0.6258333333333334 0.0525 0.07166666666666667
11 0.316875 0.5616666666666666 0.06375 0.05666666666666667
11 0.3675 0.6166666666666667 0.055 0.07333333333333333
11 0.36562500000000003 0.6733333333333333 0.051250000000000004 0.07
11 0.375625 0.7308333333333333 0.06375 0.058333333333333334
11 0.36062500000000003 0.8058333333333334 0.043750000000000004 0.08166666666666667
11 0.539375 0.8141666666666667 0.05625 0.08166666666666667
11 0.838125 0.9141666666666667 0.05375 0.07166666666666667
11 0.93 0.7308333333333333 0.0575 0.058333333333333334
11 0.53125 0.6875 0.0425 0.09166666666666667
11 0.56 0.6783333333333333 0.045 0.08333333333333334
11 0.543125 0.5858333333333333 0.058750000000000004 0.07833333333333334
11 0.51875 0.5075000000000001 0.065 0.07833333333333334
11 0.448125 0.5166666666666667 0.04625 0.10333333333333335
11 0.400625 0.5266666666666667 0.06375 0.08333333333333334
